8444.931998,-6642.000000,"[0, 78, 57, 66, 52, 62, 26, 61, 94, 11, 70, 32, 20, 73, 2, 14, 28, 89, 51, 99, 96, 53, 5, 55, 24, 35, 54, 38, 31, 92, 68, 46, 49, 39, 72, 95, 19, 34, 7, 91, 59, 76, 40, 84, 25, 29, 6, 75, 90, 16, 88, 17, 36, 3, 10, 98, 65, 93, 63, 69, 41, 13, 86, 64, 23, 30, 48, 60, 50, 27, 83, 9, 12, 56, 58, 80, 97, 85, 79, 82, 18, 44, 22, 21, 37, 77, 43, 74, 8, 47, 33, 67, 71, 42, 1, 15, 45, 87, 81, 4];[1, 81, 18, 67, 4, 84, 71, 87, 8, 56, 12]"
13363.453823,-19548.000000,"[0, 78, 57, 66, 52, 62, 26, 61, 94, 11, 70, 32, 20, 73, 2, 14, 28, 89, 51, 99, 96, 53, 5, 55, 24, 35, 54, 38, 31, 92, 68, 46, 49, 39, 72, 95, 19, 34, 7, 91, 59, 76, 40, 84, 25, 29, 6, 75, 90, 16, 88, 17, 36, 3, 10, 98, 65, 93, 63, 69, 41, 13, 86, 64, 23, 30, 48, 60, 50, 27, 83, 9, 12, 56, 58, 80, 97, 85, 79, 82, 18, 44, 22, 21, 37, 77, 43, 74, 8, 47, 33, 67, 71, 42, 1, 15, 45, 87, 81, 4];[64, 1, 4, 68, 69, 70, 71, 8, 72, 74, 12, 13, 15, 16, 81, 18, 82, 84, 85, 87, 28, 92, 29, 93, 31, 95, 36, 47, 51, 56, 57, 58]"
10707.896291,-17639.000000,"[0, 78, 57, 66, 52, 62, 26, 61, 94, 11, 70, 32, 20, 73, 2, 14, 28, 89, 51, 99, 96, 53, 5, 55, 24, 35, 54, 38, 31, 92, 68, 46, 49, 39, 72, 95, 19, 34, 7, 91, 59, 76, 40, 84, 25, 29, 6, 75, 90, 16, 88, 17, 36, 3, 10, 98, 65, 93, 63, 69, 41, 13, 86, 64, 23, 30, 48, 60, 50, 27, 83, 9, 12, 56, 58, 80, 97, 85, 79, 82, 18, 44, 22, 21, 37, 77, 43, 74, 8, 47, 33, 67, 71, 42, 1, 15, 45, 87, 81, 4];[1, 65, 4, 68, 69, 70, 71, 8, 72, 74, 12, 13, 15, 16, 81, 18, 82, 84, 85, 87, 28, 92, 93, 47, 56, 57, 58]"
13223.159480,-19479.000000,"[0, 78, 57, 66, 52, 62, 26, 61, 94, 11, 70, 32, 20, 73, 2, 14, 28, 89, 51, 99, 96, 53, 5, 55, 24, 35, 54, 38, 31, 92, 68, 46, 49, 39, 72, 95, 19, 34, 7, 91, 59, 76, 40, 84, 25, 29, 6, 75, 90, 16, 88, 17, 36, 3, 10, 98, 65, 93, 63, 69, 41, 13, 86, 64, 23, 30, 48, 60, 50, 27, 83, 9, 12, 56, 58, 80, 97, 85, 79, 82, 18, 44, 22, 21, 37, 77, 43, 74, 8, 47, 33, 67, 71, 42, 1, 15, 45, 87, 81, 4];[64, 1, 4, 68, 69, 70, 71, 8, 72, 74, 12, 13, 15, 16, 81, 18, 82, 84, 85, 87, 28, 92, 29, 93, 31, 36, 47, 51, 56, 57, 58]"
10249.113260,-17046.000000,"[0, 78, 57, 66, 52, 62, 26, 61, 94, 11, 70, 32, 20, 73, 2, 14, 28, 89, 51, 99, 96, 53, 5, 55, 24, 35, 54, 38, 31, 92, 68, 46, 49, 39, 72, 95, 19, 34, 7, 91, 59, 76, 40, 84, 25, 29, 6, 75, 90, 16, 88, 17, 36, 3, 10, 98, 65, 93, 63, 69, 41, 13, 86, 64, 23, 30, 48, 60, 50, 27, 83, 9, 12, 56, 58, 80, 97, 85, 79, 82, 18, 44, 22, 21, 37, 77, 43, 74, 8, 47, 33, 67, 71, 42, 1, 15, 45, 87, 81, 4];[1, 4, 68, 69, 70, 71, 8, 72, 74, 12, 13, 15, 16, 81, 18, 82, 84, 85, 87, 28, 92, 42, 47, 56, 57, 58]"
8459.795165,-7063.000000,"[0, 78, 57, 66, 52, 62, 26, 61, 94, 11, 70, 32, 20, 73, 2, 14, 28, 89, 51, 99, 96, 53, 5, 55, 24, 35, 54, 38, 31, 92, 68, 46, 49, 39, 72, 95, 19, 34, 7, 91, 59, 76, 40, 84, 25, 29, 6, 75, 90, 16, 88, 17, 36, 3, 10, 98, 65, 93, 63, 69, 41, 13, 86, 64, 23, 30, 48, 60, 50, 27, 83, 9, 12, 56, 58, 80, 97, 85, 79, 82, 18, 44, 22, 21, 37, 77, 43, 74, 8, 47, 33, 67, 71, 42, 1, 15, 45, 87, 81, 4];[1, 81, 18, 67, 4, 84, 71, 87, 8, 56, 12, 15]"
12924.602173,-19451.000000,"[0, 78, 57, 66, 52, 62, 26, 61, 94, 11, 70, 32, 20, 73, 2, 14, 28, 89, 51, 99, 96, 53, 5, 55, 24, 35, 54, 38, 31, 92, 68, 46, 49, 39, 72, 95, 19, 34, 7, 91, 59, 76, 40, 84, 25, 29, 6, 75, 90, 16, 88, 17, 36, 3, 10, 98, 65, 93, 63, 69, 41, 13, 86, 64, 23, 30, 48, 60, 50, 27, 83, 9, 12, 56, 58, 80, 97, 85, 79, 82, 18, 44, 22, 21, 37, 77, 43, 74, 8, 47, 33, 67, 71, 42, 1, 15, 45, 87, 81, 4];[64, 1, 4, 68, 69, 70, 71, 8, 72, 74, 12, 13, 15, 16, 81, 18, 82, 84, 21, 85, 87, 28, 92, 93, 31, 36, 47, 51, 56, 57, 58]"
10597.900353,-17408.000000,"[0, 78, 57, 66, 52, 62, 26, 61, 94, 11, 70, 32, 20, 73, 2, 14, 28, 89, 51, 99, 96, 53, 5, 55, 24, 35, 54, 38, 31, 92, 68, 46, 49, 39, 72, 95, 19, 34, 7, 91, 59, 76, 40, 84, 25, 29, 6, 75, 90, 16, 88, 17, 36, 3, 10, 98, 65, 93, 63, 69, 41, 13, 86, 64, 23, 30, 48, 60, 50, 27, 83, 9, 12, 56, 58, 80, 97, 85, 79, 82, 18, 44, 22, 21, 37, 77, 43, 74, 8, 47, 33, 67, 71, 42, 1, 15, 45, 87, 81, 4];[1, 4, 68, 69, 70, 71, 8, 72, 74, 12, 13, 15, 16, 81, 18, 82, 84, 85, 87, 28, 92, 29, 95, 97, 47, 56, 57, 58]"
8561.541364,-8515.000000,"[0, 78, 57, 66, 52, 62, 26, 61, 94, 11, 70, 32, 20, 73, 2, 14, 28, 89, 51, 99, 96, 53, 5, 55, 24, 35, 54, 38, 31, 92, 68, 46, 49, 39, 72, 95, 19, 34, 7, 91, 59, 76, 40, 84, 25, 29, 6, 75, 90, 16, 88, 17, 36, 3, 10, 98, 65, 93, 63, 69, 41, 13, 86, 64, 23, 30, 48, 60, 50, 27, 83, 9, 12, 56, 58, 80, 97, 85, 79, 82, 18, 44, 22, 21, 37, 77, 43, 74, 8, 47, 33, 67, 71, 42, 1, 15, 45, 87, 81, 4];[1, 67, 4, 71, 8, 12, 81, 18, 82, 84, 21, 87, 56, 58]"
10968.448316,-17783.000000,"[0, 78, 57, 66, 52, 62, 26, 61, 94, 11, 70, 32, 20, 73, 2, 14, 28, 89, 51, 99, 96, 53, 5, 55, 24, 35, 54, 38, 31, 92, 68, 46, 49, 39, 72, 95, 19, 34, 7, 91, 59, 76, 40, 84, 25, 29, 6, 75, 90, 16, 88, 17, 36, 3, 10, 98, 65, 93, 63, 69, 41, 13, 86, 64, 23, 30, 48, 60, 50, 27, 83, 9, 12, 56, 58, 80, 97, 85, 79, 82, 18, 44, 22, 21, 37, 77, 43, 74, 8, 47, 33, 67, 71, 42, 1, 15, 45, 87, 81, 4];[64, 1, 4, 68, 69, 70, 71, 8, 72, 74, 12, 13, 15, 16, 81, 18, 82, 84, 87, 28, 92, 94, 36, 47, 56, 57, 58]"
12665.745747,-19238.000000,"[0, 78, 57, 66, 52, 62, 26, 61, 94, 11, 70, 32, 20, 73, 2, 14, 28, 89, 51, 99, 96, 53, 5, 55, 24, 35, 54, 38, 31, 92, 68, 46, 49, 39, 72, 95, 19, 34, 7, 91, 59, 76, 40, 84, 25, 29, 6, 75, 90, 16, 88, 17, 36, 3, 10, 98, 65, 93, 63, 69, 41, 13, 86, 64, 23, 30, 48, 60, 50, 27, 83, 9, 12, 56, 58, 80, 97, 85, 79, 82, 18, 44, 22, 21, 37, 77, 43, 74, 8, 47, 33, 67, 71, 42, 1, 15, 45, 87, 81, 4];[64, 1, 4, 68, 69, 70, 71, 8, 72, 74, 12, 13, 15, 16, 81, 18, 82, 84, 85, 87, 23, 28, 92, 29, 31, 95, 36, 47, 56, 57, 58]"
12857.682921,-19428.000000,"[0, 78, 57, 66, 52, 62, 26, 61, 94, 11, 70, 32, 20, 73, 2, 14, 28, 89, 51, 99, 96, 53, 5, 55, 24, 35, 54, 38, 31, 92, 68, 46, 49, 39, 72, 95, 19, 34, 7, 91, 59, 76, 40, 84, 25, 29, 6, 75, 90, 16, 88, 17, 36, 3, 10, 98, 65, 93, 63, 69, 41, 13, 86, 64, 23, 30, 48, 60, 50, 27, 83, 9, 12, 56, 58, 80, 97, 85, 79, 82, 18, 44, 22, 21, 37, 77, 43, 74, 8, 47, 33, 67, 71, 42, 1, 15, 45, 87, 81, 4];[64, 1, 4, 68, 69, 70, 71, 8, 72, 74, 12, 13, 15, 16, 81, 18, 82, 84, 85, 87, 28, 92, 93, 31, 36, 47, 51, 56, 57, 58]"
8768.791927,-10933.000000,"[0, 78, 57, 66, 52, 62, 26, 61, 94, 11, 70, 32, 20, 73, 2, 14, 28, 89, 51, 99, 96, 53, 5, 55, 24, 35, 54, 38, 31, 92, 68, 46, 49, 39, 72, 95, 19, 34, 7, 91, 59, 76, 40, 84, 25, 29, 6, 75, 90, 16, 88, 17, 36, 3, 10, 98, 65, 93, 63, 69, 41, 13, 86, 64, 23, 30, 48, 60, 50, 27, 83, 9, 12, 56, 58, 80, 97, 85, 79, 82, 18, 44, 22, 21, 37, 77, 43, 74, 8, 47, 33, 67, 71, 42, 1, 15, 45, 87, 81, 4];[1, 4, 70, 71, 8, 72, 74, 12, 15, 81, 18, 82, 84, 87, 56, 58, 92]"
8760.263569,-10286.000000,"[0, 78, 57, 66, 52, 62, 26, 61, 94, 11, 70, 32, 20, 73, 2, 14, 28, 89, 51, 99, 96, 53, 5, 55, 24, 35, 54, 38, 31, 92, 68, 46, 49, 39, 72, 95, 19, 34, 7, 91, 59, 76, 40, 84, 25, 29, 6, 75, 90, 16, 88, 17, 36, 3, 10, 98, 65, 93, 63, 69, 41, 13, 86, 64, 23, 30, 48, 60, 50, 27, 83, 9, 12, 56, 58, 80, 97, 85, 79, 82, 18, 44, 22, 21, 37, 77, 43, 74, 8, 47, 33, 67, 71, 42, 1, 15, 45, 87, 81, 4];[1, 4, 71, 8, 12, 13, 15, 16, 81, 18, 82, 84, 21, 87, 56, 58, 92]"
8485.749983,-8368.000000,"[0, 78, 57, 66, 52, 62, 26, 61, 94, 11, 70, 32, 20, 73, 2, 14, 28, 89, 51, 99, 96, 53, 5, 55, 24, 35, 54, 38, 31, 92, 68, 46, 49, 39, 72, 95, 19, 34, 7, 91, 59, 76, 40, 84, 25, 29, 6, 75, 90, 16, 88, 17, 36, 3, 10, 98, 65, 93, 63, 69, 41, 13, 86, 64, 23, 30, 48, 60, 50, 27, 83, 9, 12, 56, 58, 80, 97, 85, 79, 82, 18, 44, 22, 21, 37, 77, 43, 74, 8, 47, 33, 67, 71, 42, 1, 15, 45, 87, 81, 4];[1, 4, 71, 8, 12, 15, 81, 18, 82, 84, 87, 56, 58]"
11603.153667,-18521.000000,"[0, 78, 57, 66, 52, 62, 26, 61, 94, 11, 70, 32, 20, 73, 2, 14, 28, 89, 51, 99, 96, 53, 5, 55, 24, 35, 54, 38, 31, 92, 68, 46, 49, 39, 72, 95, 19, 34, 7, 91, 59, 76, 40, 84, 25, 29, 6, 75, 90, 16, 88, 17, 36, 3, 10, 98, 65, 93, 63, 69, 41, 13, 86, 64, 23, 30, 48, 60, 50, 27, 83, 9, 12, 56, 58, 80, 97, 85, 79, 82, 18, 44, 22, 21, 37, 77, 43, 74, 8, 47, 33, 67, 71, 42, 1, 15, 45, 87, 81, 4];[1, 4, 68, 69, 70, 71, 8, 72, 74, 12, 13, 15, 16, 81, 18, 82, 84, 21, 85, 87, 28, 92, 31, 95, 36, 47, 51, 56, 57, 58]"
8571.437092,-9072.000000,"[0, 78, 57, 66, 52, 62, 26, 61, 94, 11, 70, 32, 20, 73, 2, 14, 28, 89, 51, 99, 96, 53, 5, 55, 24, 35, 54, 38, 31, 92, 68, 46, 49, 39, 72, 95, 19, 34, 7, 91, 59, 76, 40, 84, 25, 29, 6, 75, 90, 16, 88, 17, 36, 3, 10, 98, 65, 93, 63, 69, 41, 13, 86, 64, 23, 30, 48, 60, 50, 27, 83, 9, 12, 56, 58, 80, 97, 85, 79, 82, 18, 44, 22, 21, 37, 77, 43, 74, 8, 47, 33, 67, 71, 42, 1, 15, 45, 87, 81, 4];[1, 4, 71, 8, 12, 15, 81, 18, 82, 84, 87, 56, 58, 92]"
12042.973124,-18776.000000,"[0, 78, 57, 66, 52, 62, 26, 61, 94, 11, 70, 32, 20, 73, 2, 14, 28, 89, 51, 99, 96, 53, 5, 55, 24, 35, 54, 38, 31, 92, 68, 46, 49, 39, 72, 95, 19, 34, 7, 91, 59, 76, 40, 84, 25, 29, 6, 75, 90, 16, 88, 17, 36, 3, 10, 98, 65, 93, 63, 69, 41, 13, 86, 64, 23, 30, 48, 60, 50, 27, 83, 9, 12, 56, 58, 80, 97, 85, 79, 82, 18, 44, 22, 21, 37, 77, 43, 74, 8, 47, 33, 67, 71, 42, 1, 15, 45, 87, 81, 4];[64, 1, 4, 68, 69, 70, 71, 8, 72, 74, 12, 13, 15, 16, 81, 18, 82, 84, 85, 87, 28, 92, 29, 31, 95, 36, 47, 56, 57, 58]"
12435.963763,-19178.000000,"[0, 78, 57, 66, 52, 62, 26, 61, 94, 11, 70, 32, 20, 73, 2, 14, 28, 89, 51, 99, 96, 53, 5, 55, 24, 35, 54, 38, 31, 92, 68, 46, 49, 39, 72, 95, 19, 34, 7, 91, 59, 76, 40, 84, 25, 29, 6, 75, 90, 16, 88, 17, 36, 3, 10, 98, 65, 93, 63, 69, 41, 13, 86, 64, 23, 30, 48, 60, 50, 27, 83, 9, 12, 56, 58, 80, 97, 85, 79, 82, 18, 44, 22, 21, 37, 77, 43, 74, 8, 47, 33, 67, 71, 42, 1, 15, 45, 87, 81, 4];[64, 1, 4, 68, 69, 70, 71, 8, 72, 74, 12, 13, 15, 16, 81, 18, 82, 84, 21, 85, 87, 28, 92, 31, 95, 36, 47, 51, 56, 57, 58]"
10176.131860,-16543.000000,"[0, 78, 57, 66, 52, 62, 26, 61, 94, 11, 70, 32, 20, 73, 2, 14, 28, 89, 51, 99, 96, 53, 5, 55, 24, 35, 54, 38, 31, 92, 68, 46, 49, 39, 72, 95, 19, 34, 7, 91, 59, 76, 40, 84, 25, 29, 6, 75, 90, 16, 88, 17, 36, 3, 10, 98, 65, 93, 63, 69, 41, 13, 86, 64, 23, 30, 48, 60, 50, 27, 83, 9, 12, 56, 58, 80, 97, 85, 79, 82, 18, 44, 22, 21, 37, 77, 43, 74, 8, 47, 33, 67, 71, 42, 1, 15, 45, 87, 81, 4];[1, 4, 68, 69, 70, 71, 8, 72, 74, 12, 13, 15, 16, 81, 18, 82, 84, 21, 85, 87, 28, 92, 29, 95, 47, 56, 57, 58]"
10443.364296,-17357.000000,"[0, 78, 57, 66, 52, 62, 26, 61, 94, 11, 70, 32, 20, 73, 2, 14, 28, 89, 51, 99, 96, 53, 5, 55, 24, 35, 54, 38, 31, 92, 68, 46, 49, 39, 72, 95, 19, 34, 7, 91, 59, 76, 40, 84, 25, 29, 6, 75, 90, 16, 88, 17, 36, 3, 10, 98, 65, 93, 63, 69, 41, 13, 86, 64, 23, 30, 48, 60, 50, 27, 83, 9, 12, 56, 58, 80, 97, 85, 79, 82, 18, 44, 22, 21, 37, 77, 43, 74, 8, 47, 33, 67, 71, 42, 1, 15, 45, 87, 81, 4];[1, 4, 68, 69, 70, 71, 8, 72, 74, 12, 13, 15, 16, 81, 18, 82, 84, 85, 87, 28, 92, 95, 97, 47, 56, 57, 58]"
9027.449951,-12404.000000,"[0, 78, 57, 66, 52, 62, 26, 61, 94, 11, 70, 32, 20, 73, 2, 14, 28, 89, 51, 99, 96, 53, 5, 55, 24, 35, 54, 38, 31, 92, 68, 46, 49, 39, 72, 95, 19, 34, 7, 91, 59, 76, 40, 84, 25, 29, 6, 75, 90, 16, 88, 17, 36, 3, 10, 98, 65, 93, 63, 69, 41, 13, 86, 64, 23, 30, 48, 60, 50, 27, 83, 9, 12, 56, 58, 80, 97, 85, 79, 82, 18, 44, 22, 21, 37, 77, 43, 74, 8, 47, 33, 67, 71, 42, 1, 15, 45, 87, 81, 4];[1, 4, 68, 69, 70, 71, 8, 72, 74, 12, 15, 81, 18, 82, 84, 87, 56, 58, 92]"
11836.623303,-18748.000000,"[0, 78, 57, 66, 52, 62, 26, 61, 94, 11, 70, 32, 20, 73, 2, 14, 28, 89, 51, 99, 96, 53, 5, 55, 24, 35, 54, 38, 31, 92, 68, 46, 49, 39, 72, 95, 19, 34, 7, 91, 59, 76, 40, 84, 25, 29, 6, 75, 90, 16, 88, 17, 36, 3, 10, 98, 65, 63, 93, 69, 41, 13, 86, 64, 23, 30, 48, 60, 50, 27, 83, 9, 12, 56, 58, 80, 97, 85, 79, 82, 18, 44, 22, 21, 37, 77, 43, 74, 8, 47, 33, 67, 71, 42, 1, 15, 45, 87, 81, 4];[64, 1, 4, 68, 69, 70, 71, 8, 72, 74, 12, 13, 15, 16, 81, 18, 82, 84, 21, 85, 87, 28, 92, 31, 95, 36, 47, 56, 57, 58]"
12108.775354,-19030.000000,"[0, 78, 57, 66, 52, 62, 26, 61, 94, 11, 70, 32, 20, 73, 2, 14, 28, 89, 51, 99, 96, 53, 5, 55, 24, 35, 54, 38, 31, 92, 68, 46, 49, 39, 72, 95, 19, 34, 7, 91, 59, 76, 40, 84, 25, 29, 6, 75, 90, 16, 88, 17, 36, 3, 10, 98, 65, 93, 63, 69, 41, 13, 86, 64, 23, 30, 48, 60, 50, 27, 83, 9, 12, 56, 58, 80, 97, 85, 79, 82, 18, 44, 22, 21, 37, 77, 43, 74, 8, 47, 33, 67, 71, 42, 1, 15, 45, 87, 81, 4];[1, 4, 68, 69, 70, 71, 8, 72, 74, 12, 13, 15, 16, 81, 18, 82, 84, 21, 85, 87, 28, 92, 29, 31, 95, 97, 36, 47, 56, 57, 58]"
8460.677133,-7722.000000,"[0, 78, 57, 66, 52, 62, 26, 61, 94, 11, 70, 32, 20, 73, 2, 14, 28, 89, 51, 99, 96, 53, 5, 55, 24, 35, 54, 38, 31, 92, 68, 46, 49, 39, 72, 95, 19, 34, 7, 91, 59, 76, 40, 84, 25, 29, 6, 75, 90, 16, 88, 17, 36, 3, 10, 98, 65, 93, 63, 69, 41, 13, 86, 64, 23, 30, 48, 60, 50, 27, 83, 9, 12, 56, 58, 80, 97, 85, 79, 82, 18, 44, 22, 21, 37, 77, 43, 74, 8, 47, 33, 67, 71, 42, 1, 15, 45, 87, 81, 4];[1, 81, 18, 82, 67, 4, 71, 87, 8, 56, 58, 12]"
8696.428573,-9854.000000,"[0, 78, 57, 66, 52, 62, 26, 61, 94, 11, 70, 32, 20, 73, 2, 14, 28, 89, 51, 99, 96, 53, 5, 55, 24, 35, 54, 38, 31, 92, 68, 46, 49, 39, 72, 95, 19, 34, 7, 91, 59, 76, 40, 84, 25, 29, 6, 75, 90, 16, 88, 17, 36, 3, 10, 98, 65, 93, 63, 69, 41, 13, 86, 64, 23, 30, 48, 60, 50, 27, 83, 9, 12, 56, 58, 80, 97, 85, 79, 82, 18, 44, 22, 21, 37, 77, 43, 74, 8, 47, 33, 67, 71, 42, 1, 15, 45, 87, 81, 4];[1, 4, 71, 8, 12, 13, 15, 81, 18, 82, 84, 87, 56, 58, 28]"
8471.948790,-7947.000000,"[0, 78, 57, 66, 52, 62, 26, 61, 94, 11, 70, 32, 20, 73, 2, 14, 28, 89, 51, 99, 96, 53, 5, 55, 24, 35, 54, 38, 31, 92, 68, 46, 49, 39, 72, 95, 19, 34, 7, 91, 59, 76, 40, 84, 25, 29, 6, 75, 90, 16, 88, 17, 36, 3, 10, 98, 65, 93, 63, 69, 41, 13, 86, 64, 23, 30, 48, 60, 50, 27, 83, 9, 12, 56, 58, 80, 97, 85, 79, 82, 18, 44, 22, 21, 37, 77, 43, 74, 8, 47, 33, 67, 71, 42, 1, 15, 45, 87, 81, 4];[1, 81, 18, 82, 4, 84, 71, 87, 8, 56, 58, 12]"
12595.033668,-19201.000000,"[0, 78, 57, 66, 52, 62, 26, 61, 94, 11, 70, 32, 20, 73, 2, 14, 28, 89, 51, 99, 96, 53, 5, 55, 24, 35, 54, 38, 31, 92, 68, 46, 49, 39, 72, 95, 19, 34, 7, 91, 59, 76, 40, 84, 25, 29, 6, 75, 90, 16, 88, 17, 36, 3, 10, 98, 65, 93, 63, 69, 41, 13, 86, 64, 23, 30, 48, 60, 50, 27, 83, 9, 12, 56, 58, 80, 97, 85, 79, 82, 18, 44, 22, 21, 37, 77, 43, 74, 8, 47, 33, 67, 71, 42, 1, 15, 45, 87, 81, 4];[64, 1, 67, 4, 68, 69, 70, 71, 8, 72, 74, 12, 13, 15, 16, 81, 18, 82, 84, 85, 87, 28, 92, 31, 36, 47, 56, 57, 58]"
11493.438135,-18429.000000,"[0, 78, 57, 66, 52, 62, 26, 61, 94, 11, 70, 32, 20, 73, 2, 14, 28, 89, 51, 99, 96, 53, 5, 55, 24, 35, 54, 38, 31, 92, 68, 46, 49, 39, 72, 95, 19, 34, 7, 91, 59, 76, 40, 84, 25, 29, 6, 75, 90, 16, 88, 17, 36, 3, 10, 98, 65, 93, 63, 69, 41, 13, 86, 64, 23, 30, 48, 60, 50, 27, 83, 9, 12, 56, 58, 80, 97, 85, 79, 82, 18, 44, 22, 21, 37, 77, 43, 74, 8, 47, 33, 67, 71, 42, 1, 15, 45, 87, 81, 4];[1, 4, 68, 69, 70, 71, 8, 72, 74, 12, 13, 15, 16, 81, 18, 82, 84, 85, 87, 28, 92, 31, 36, 47, 51, 56, 57, 58]"
10108.506506,-16451.000000,"[0, 78, 57, 66, 52, 62, 26, 61, 94, 11, 70, 32, 20, 73, 2, 14, 28, 89, 51, 99, 96, 53, 5, 55, 24, 35, 54, 38, 31, 92, 68, 46, 49, 39, 72, 95, 19, 34, 7, 91, 59, 76, 40, 84, 25, 29, 6, 75, 90, 16, 88, 17, 36, 3, 10, 98, 65, 93, 63, 69, 41, 13, 86, 64, 23, 30, 48, 60, 50, 27, 83, 9, 12, 56, 58, 80, 97, 85, 79, 82, 18, 44, 22, 21, 37, 77, 43, 74, 8, 47, 33, 67, 71, 42, 1, 15, 45, 87, 81, 4];[1, 4, 68, 69, 70, 71, 8, 72, 74, 12, 13, 15, 16, 81, 18, 82, 84, 85, 87, 28, 92, 29, 47, 56, 57, 58]"
9915.385956,-15878.000000,"[0, 78, 57, 66, 52, 62, 26, 61, 94, 11, 70, 32, 20, 73, 2, 14, 28, 89, 51, 99, 96, 53, 5, 55, 24, 35, 54, 38, 31, 92, 68, 46, 49, 39, 72, 95, 19, 34, 7, 91, 59, 76, 40, 84, 25, 29, 6, 75, 90, 16, 88, 17, 36, 3, 10, 98, 65, 93, 63, 69, 41, 13, 86, 64, 23, 30, 48, 60, 50, 27, 83, 9, 12, 56, 58, 80, 97, 85, 79, 82, 18, 44, 22, 21, 37, 77, 43, 74, 8, 47, 33, 67, 71, 42, 1, 15, 45, 87, 81, 4];[1, 4, 68, 69, 70, 71, 8, 72, 74, 12, 13, 15, 81, 18, 82, 84, 85, 87, 28, 92, 95, 42, 47, 56, 58]"
9720.852399,-15572.000000,"[0, 78, 57, 66, 52, 62, 26, 61, 94, 11, 70, 32, 20, 73, 2, 14, 28, 89, 51, 99, 96, 53, 5, 55, 24, 35, 54, 38, 31, 92, 68, 46, 49, 39, 72, 95, 19, 34, 7, 91, 59, 76, 40, 84, 25, 29, 6, 75, 90, 16, 88, 17, 36, 3, 10, 98, 65, 93, 63, 69, 41, 13, 86, 64, 23, 30, 48, 60, 50, 27, 83, 9, 12, 56, 58, 80, 97, 85, 79, 82, 18, 44, 22, 21, 37, 77, 43, 74, 8, 47, 33, 67, 71, 42, 1, 15, 45, 87, 81, 4];[1, 4, 68, 69, 70, 71, 8, 72, 74, 12, 13, 15, 16, 81, 18, 82, 84, 85, 87, 56, 57, 58, 28, 92]"
8717.330894,-10258.000000,"[0, 78, 57, 66, 52, 62, 26, 61, 94, 11, 70, 32, 20, 73, 2, 14, 28, 89, 51, 99, 96, 53, 5, 55, 24, 35, 54, 38, 31, 92, 68, 46, 49, 39, 72, 95, 19, 34, 7, 91, 59, 76, 40, 84, 25, 29, 6, 75, 90, 16, 88, 17, 36, 3, 10, 98, 65, 93, 63, 69, 41, 13, 86, 64, 23, 30, 48, 60, 50, 27, 83, 9, 12, 56, 58, 80, 97, 85, 79, 82, 18, 44, 22, 21, 37, 77, 43, 74, 8, 47, 33, 67, 71, 42, 1, 15, 45, 87, 81, 4];[1, 4, 71, 8, 72, 74, 12, 15, 81, 18, 82, 84, 87, 56, 58, 28]"
10008.116170,-16260.000000,"[0, 78, 57, 66, 52, 62, 26, 61, 94, 11, 70, 32, 20, 73, 2, 14, 28, 89, 51, 99, 96, 53, 5, 55, 24, 35, 54, 38, 31, 92, 68, 46, 49, 39, 72, 95, 19, 34, 7, 91, 59, 76, 40, 84, 25, 29, 6, 75, 90, 16, 88, 17, 36, 3, 10, 98, 65, 93, 63, 69, 41, 13, 86, 64, 23, 30, 48, 60, 50, 27, 83, 9, 12, 56, 58, 80, 97, 85, 79, 82, 18, 44, 22, 21, 37, 77, 43, 74, 8, 47, 33, 67, 71, 42, 1, 15, 45, 87, 81, 4];[1, 4, 68, 69, 70, 71, 8, 72, 74, 12, 13, 15, 16, 81, 18, 82, 84, 85, 87, 28, 92, 95, 42, 47, 56, 58]"
8858.793646,-11067.000000,"[0, 78, 57, 66, 52, 62, 26, 61, 94, 11, 70, 32, 20, 73, 2, 14, 28, 89, 51, 99, 96, 53, 5, 55, 24, 35, 54, 38, 31, 92, 68, 46, 49, 39, 72, 95, 19, 34, 7, 91, 59, 76, 40, 84, 25, 29, 6, 75, 90, 16, 88, 17, 36, 3, 10, 98, 65, 93, 63, 69, 41, 13, 86, 64, 23, 30, 48, 60, 50, 27, 83, 9, 12, 56, 58, 80, 97, 85, 79, 82, 18, 44, 22, 21, 37, 77, 43, 74, 8, 47, 33, 67, 71, 42, 1, 15, 45, 87, 81, 4];[1, 4, 71, 8, 72, 74, 12, 13, 15, 81, 18, 82, 84, 87, 56, 58, 28]"
9694.024735,-15364.000000,"[0, 78, 57, 66, 52, 62, 26, 61, 94, 11, 70, 32, 20, 73, 2, 14, 28, 89, 51, 99, 96, 53, 5, 55, 24, 35, 54, 38, 31, 92, 68, 46, 49, 39, 72, 95, 19, 34, 7, 91, 59, 76, 40, 84, 25, 29, 6, 75, 90, 16, 88, 17, 36, 3, 10, 98, 65, 93, 63, 69, 41, 13, 86, 64, 23, 30, 48, 60, 50, 27, 83, 9, 12, 56, 58, 80, 97, 85, 79, 82, 18, 44, 22, 21, 37, 77, 43, 74, 8, 47, 33, 67, 71, 42, 1, 15, 45, 87, 81, 4];[1, 4, 68, 69, 70, 71, 8, 72, 42, 74, 12, 13, 15, 47, 81, 18, 82, 84, 87, 56, 58, 28, 92]"
9097.587629,-12677.000000,"[0, 78, 57, 66, 52, 62, 26, 61, 94, 11, 70, 32, 20, 73, 2, 14, 28, 89, 51, 99, 96, 53, 5, 55, 24, 35, 54, 38, 31, 92, 68, 46, 49, 39, 72, 95, 19, 34, 7, 91, 59, 76, 40, 84, 25, 29, 6, 75, 90, 16, 88, 17, 36, 3, 10, 98, 65, 93, 63, 69, 41, 13, 86, 64, 23, 30, 48, 60, 50, 27, 83, 9, 12, 56, 58, 80, 97, 85, 79, 82, 18, 44, 22, 21, 37, 77, 43, 74, 8, 47, 33, 67, 71, 42, 1, 15, 45, 87, 81, 4];[1, 4, 68, 69, 70, 71, 8, 12, 13, 15, 81, 18, 82, 84, 87, 56, 58, 28, 92]"
9479.753903,-14717.000000,"[0, 78, 57, 66, 52, 62, 26, 61, 94, 11, 70, 32, 20, 73, 2, 14, 28, 89, 51, 99, 96, 53, 5, 55, 24, 35, 54, 38, 31, 92, 68, 46, 49, 39, 72, 95, 19, 34, 7, 91, 59, 76, 40, 84, 25, 29, 6, 75, 90, 16, 88, 17, 36, 3, 10, 98, 65, 93, 63, 69, 41, 13, 86, 64, 23, 30, 48, 60, 50, 27, 83, 9, 12, 56, 58, 80, 97, 85, 79, 82, 18, 44, 22, 21, 37, 77, 43, 74, 8, 47, 33, 67, 71, 42, 1, 15, 45, 87, 81, 4];[1, 4, 68, 69, 70, 71, 8, 72, 74, 12, 13, 15, 16, 81, 18, 82, 84, 85, 87, 56, 58, 28, 92]"
9448.092234,-14404.000000,"[0, 78, 57, 66, 52, 62, 26, 61, 94, 11, 70, 32, 20, 73, 2, 14, 28, 89, 51, 99, 96, 53, 5, 55, 24, 35, 54, 38, 31, 92, 68, 46, 49, 39, 72, 95, 19, 34, 7, 91, 59, 76, 40, 84, 25, 29, 6, 75, 90, 16, 88, 17, 36, 3, 10, 98, 65, 93, 63, 69, 41, 13, 86, 64, 23, 30, 48, 60, 50, 27, 83, 9, 12, 56, 58, 80, 97, 85, 79, 82, 18, 44, 22, 21, 37, 77, 43, 74, 8, 47, 33, 67, 71, 42, 1, 15, 45, 87, 81, 4];[1, 4, 68, 69, 70, 71, 8, 72, 74, 12, 13, 15, 81, 18, 82, 84, 85, 87, 56, 58, 28, 92, 95]"
8883.892513,-11414.000000,"[0, 78, 57, 66, 52, 62, 26, 61, 94, 11, 70, 32, 20, 73, 2, 14, 28, 89, 51, 99, 96, 53, 5, 55, 24, 35, 54, 38, 31, 92, 68, 46, 49, 39, 72, 95, 19, 34, 7, 91, 59, 76, 40, 84, 25, 29, 6, 75, 90, 16, 88, 17, 36, 3, 10, 98, 65, 93, 63, 69, 41, 13, 86, 64, 23, 30, 48, 60, 50, 27, 83, 9, 12, 56, 58, 80, 97, 85, 79, 82, 18, 44, 22, 21, 37, 77, 43, 74, 8, 47, 33, 67, 71, 42, 1, 15, 45, 87, 81, 4];[1, 4, 68, 69, 70, 71, 8, 74, 12, 15, 81, 18, 82, 84, 87, 56, 58]"
11293.003879,-18119.000000,"[0, 78, 57, 66, 52, 62, 26, 61, 94, 11, 70, 32, 20, 73, 2, 14, 28, 89, 51, 99, 96, 53, 5, 55, 24, 35, 54, 38, 31, 92, 68, 46, 49, 39, 72, 95, 19, 34, 7, 91, 59, 76, 40, 84, 25, 29, 6, 75, 90, 16, 88, 17, 36, 3, 10, 98, 65, 93, 63, 69, 41, 13, 86, 64, 23, 30, 48, 60, 50, 27, 83, 9, 12, 56, 58, 80, 97, 85, 79, 82, 18, 44, 22, 21, 37, 77, 43, 74, 8, 47, 33, 67, 71, 42, 1, 15, 45, 87, 81, 4];[1, 4, 68, 69, 70, 71, 8, 72, 74, 12, 13, 15, 16, 81, 18, 82, 84, 85, 87, 28, 92, 29, 31, 95, 36, 47, 56, 57, 58]"
11710.087667,-18656.000000,"[0, 78, 57, 66, 52, 62, 26, 61, 94, 11, 70, 32, 20, 73, 2, 14, 28, 89, 51, 99, 96, 53, 5, 55, 24, 35, 54, 38, 31, 92, 68, 46, 49, 39, 72, 95, 19, 34, 7, 91, 59, 76, 40, 84, 25, 29, 6, 75, 90, 16, 88, 17, 36, 3, 10, 98, 65, 93, 63, 69, 41, 13, 86, 64, 23, 30, 48, 60, 50, 27, 83, 9, 12, 56, 58, 80, 97, 85, 79, 82, 18, 44, 22, 21, 37, 77, 43, 74, 8, 47, 33, 67, 71, 42, 1, 15, 45, 87, 81, 4];[64, 1, 4, 68, 69, 70, 71, 8, 72, 74, 12, 13, 15, 16, 81, 18, 82, 84, 85, 87, 28, 92, 31, 36, 47, 56, 57, 58]"
11134.612881,-18091.000000,"[0, 78, 57, 66, 52, 62, 26, 61, 94, 11, 70, 32, 20, 73, 2, 14, 28, 89, 51, 99, 96, 53, 5, 55, 24, 35, 54, 38, 31, 92, 68, 46, 49, 39, 72, 95, 19, 34, 7, 91, 59, 76, 40, 84, 25, 29, 6, 75, 90, 16, 88, 17, 36, 3, 10, 98, 65, 93, 63, 69, 41, 13, 86, 64, 23, 30, 48, 60, 50, 27, 83, 9, 12, 56, 58, 80, 97, 85, 79, 82, 18, 44, 22, 21, 37, 77, 43, 74, 8, 47, 33, 67, 71, 42, 1, 15, 45, 87, 81, 4];[1, 4, 68, 69, 70, 71, 8, 72, 74, 12, 13, 15, 16, 81, 18, 82, 84, 21, 85, 87, 28, 92, 31, 95, 36, 47, 56, 57, 58]"
12279.427676,-19067.000000,"[0, 78, 57, 66, 52, 62, 26, 61, 94, 11, 70, 32, 20, 73, 2, 14, 28, 89, 51, 99, 96, 53, 5, 55, 24, 35, 54, 38, 31, 92, 68, 46, 49, 39, 72, 95, 19, 34, 7, 91, 59, 76, 40, 84, 25, 29, 6, 75, 90, 16, 88, 17, 36, 3, 10, 98, 65, 93, 63, 69, 41, 13, 86, 64, 23, 30, 48, 60, 50, 27, 83, 9, 12, 56, 58, 80, 97, 85, 79, 82, 18, 44, 22, 21, 37, 77, 43, 74, 8, 47, 33, 67, 71, 42, 1, 15, 45, 87, 81, 4];[64, 1, 4, 68, 69, 70, 71, 8, 72, 74, 12, 13, 15, 16, 81, 18, 82, 84, 85, 87, 28, 92, 93, 31, 95, 36, 47, 56, 57, 58]"
10407.587437,-17057.000000,"[0, 78, 57, 66, 52, 62, 26, 61, 94, 11, 70, 32, 20, 73, 2, 14, 28, 89, 51, 99, 96, 53, 5, 55, 24, 35, 54, 38, 31, 92, 68, 46, 49, 39, 72, 95, 19, 34, 7, 91, 59, 76, 40, 84, 25, 29, 6, 75, 90, 16, 88, 17, 36, 3, 10, 98, 65, 93, 63, 69, 41, 13, 86, 64, 23, 30, 48, 60, 50, 27, 83, 9, 12, 56, 58, 80, 97, 85, 79, 82, 18, 44, 22, 21, 37, 77, 43, 74, 8, 47, 33, 67, 71, 42, 1, 15, 45, 87, 81, 4];[64, 1, 4, 68, 69, 70, 71, 8, 72, 74, 12, 13, 15, 16, 81, 18, 82, 84, 85, 87, 28, 92, 47, 56, 57, 58]"
9776.938728,-15746.000000,"[0, 78, 57, 66, 52, 62, 26, 61, 94, 11, 70, 32, 20, 73, 2, 14, 28, 89, 51, 99, 96, 53, 5, 55, 24, 35, 54, 38, 31, 92, 68, 46, 49, 39, 72, 95, 19, 34, 7, 91, 59, 76, 40, 84, 25, 29, 6, 75, 90, 16, 88, 17, 36, 3, 10, 98, 65, 93, 63, 69, 41, 13, 86, 64, 23, 30, 48, 60, 50, 27, 83, 9, 12, 56, 58, 80, 97, 85, 79, 82, 18, 44, 22, 21, 37, 77, 43, 74, 8, 47, 33, 67, 71, 42, 1, 15, 45, 87, 81, 4];[1, 4, 68, 69, 70, 71, 8, 72, 42, 74, 12, 13, 15, 47, 16, 81, 18, 82, 84, 87, 56, 58, 28, 92]"
8611.159156,-9177.000000,"[0, 78, 57, 66, 52, 62, 26, 61, 94, 11, 70, 32, 20, 73, 2, 14, 28, 89, 51, 99, 96, 53, 5, 55, 24, 35, 54, 38, 31, 92, 68, 46, 49, 39, 72, 95, 19, 34, 7, 91, 59, 76, 40, 84, 25, 29, 6, 75, 90, 16, 88, 17, 36, 3, 10, 98, 65, 93, 63, 69, 41, 13, 86, 64, 23, 30, 48, 60, 50, 27, 83, 9, 12, 56, 58, 80, 97, 85, 79, 82, 18, 44, 22, 21, 37, 77, 43, 74, 8, 47, 33, 67, 71, 42, 1, 15, 45, 87, 81, 4];[1, 4, 71, 8, 12, 13, 15, 81, 18, 82, 84, 87, 56, 58]"
9647.271202,-15190.000000,"[0, 78, 57, 66, 52, 62, 26, 61, 94, 11, 70, 32, 20, 73, 2, 14, 28, 89, 51, 99, 96, 53, 5, 55, 24, 35, 54, 38, 31, 92, 68, 46, 49, 39, 72, 95, 19, 34, 7, 91, 59, 76, 40, 84, 25, 29, 6, 75, 90, 16, 88, 17, 36, 3, 10, 98, 65, 93, 63, 69, 41, 13, 86, 64, 23, 30, 48, 60, 50, 27, 83, 9, 12, 56, 58, 80, 97, 85, 79, 82, 18, 44, 22, 21, 37, 77, 43, 74, 8, 47, 33, 67, 71, 42, 1, 15, 45, 87, 81, 4];[1, 4, 68, 69, 70, 71, 8, 72, 74, 12, 13, 15, 81, 18, 82, 84, 85, 87, 56, 57, 58, 28, 92]"
9822.140580,-15815.000000,"[0, 78, 57, 66, 52, 62, 26, 61, 94, 11, 70, 32, 20, 73, 2, 14, 28, 89, 51, 99, 96, 53, 5, 55, 24, 35, 54, 38, 31, 92, 68, 46, 49, 39, 72, 95, 19, 34, 7, 91, 59, 76, 40, 84, 25, 29, 6, 75, 90, 16, 88, 17, 36, 3, 10, 98, 65, 93, 63, 69, 41, 13, 86, 64, 23, 30, 48, 60, 50, 27, 83, 9, 12, 56, 58, 80, 97, 85, 79, 82, 18, 44, 22, 21, 37, 77, 43, 74, 8, 47, 33, 67, 71, 42, 1, 15, 45, 87, 81, 4];[1, 4, 68, 69, 70, 71, 8, 72, 74, 12, 13, 15, 16, 81, 18, 82, 84, 87, 28, 92, 95, 42, 47, 56, 58]"
9932.188842,-16140.000000,"[0, 78, 57, 66, 52, 62, 26, 61, 94, 11, 70, 32, 20, 73, 2, 14, 28, 89, 51, 99, 96, 53, 5, 55, 24, 35, 54, 38, 31, 92, 68, 46, 49, 39, 72, 95, 19, 34, 7, 91, 59, 76, 40, 84, 25, 29, 6, 75, 90, 16, 88, 17, 36, 3, 10, 98, 65, 93, 63, 69, 41, 13, 86, 64, 23, 30, 48, 60, 50, 27, 83, 9, 12, 56, 58, 80, 97, 85, 79, 82, 18, 44, 22, 21, 37, 77, 43, 74, 8, 47, 33, 67, 71, 42, 1, 15, 45, 87, 81, 4];[1, 67, 4, 68, 69, 70, 71, 8, 72, 74, 12, 13, 15, 16, 81, 18, 82, 84, 21, 85, 87, 28, 92, 56, 57, 58]"
8928.004411,-11447.000000,"[0, 78, 57, 66, 52, 62, 26, 61, 94, 11, 70, 32, 20, 73, 2, 14, 28, 89, 51, 99, 96, 53, 5, 55, 24, 35, 54, 38, 31, 92, 68, 46, 49, 39, 72, 95, 19, 34, 7, 91, 59, 76, 40, 84, 25, 29, 6, 75, 90, 16, 88, 17, 36, 3, 10, 98, 65, 93, 63, 69, 41, 13, 86, 64, 23, 30, 48, 60, 50, 27, 83, 9, 12, 56, 58, 80, 97, 85, 79, 82, 18, 44, 22, 21, 37, 77, 43, 74, 8, 47, 33, 67, 71, 42, 1, 15, 45, 87, 81, 4];[1, 4, 68, 69, 70, 71, 8, 12, 81, 18, 82, 84, 87, 56, 58, 28, 92]"
8451.719183,-6665.000000,"[0, 78, 57, 66, 52, 62, 26, 61, 94, 11, 70, 32, 20, 73, 2, 14, 28, 89, 51, 99, 96, 53, 5, 55, 24, 35, 54, 38, 31, 92, 68, 46, 49, 39, 72, 95, 19, 34, 7, 91, 59, 76, 40, 84, 25, 29, 6, 75, 90, 16, 88, 17, 36, 3, 10, 98, 65, 93, 63, 69, 41, 13, 86, 64, 23, 30, 48, 60, 50, 27, 83, 9, 12, 56, 58, 80, 97, 85, 79, 82, 18, 44, 22, 21, 37, 77, 43, 74, 8, 47, 33, 67, 71, 42, 1, 15, 45, 87, 81, 4];[1, 67, 4, 71, 8, 12, 81, 18, 84, 21, 87, 56]"
9358.686113,-14272.000000,"[0, 78, 57, 66, 52, 62, 26, 61, 94, 11, 70, 32, 20, 73, 2, 14, 28, 89, 51, 99, 96, 53, 5, 55, 24, 35, 54, 38, 31, 92, 68, 46, 49, 39, 72, 95, 19, 34, 7, 91, 59, 76, 40, 84, 25, 29, 6, 75, 90, 16, 88, 17, 36, 3, 10, 98, 65, 93, 63, 69, 41, 13, 86, 64, 23, 30, 48, 60, 50, 27, 83, 9, 12, 56, 58, 80, 97, 85, 79, 82, 18, 44, 22, 21, 37, 77, 43, 74, 8, 47, 33, 67, 71, 42, 1, 15, 45, 87, 81, 4];[1, 4, 68, 69, 70, 71, 8, 72, 74, 12, 13, 15, 16, 81, 18, 82, 84, 87, 56, 58, 28, 92]"
8619.396461,-9454.000000,"[0, 78, 57, 66, 52, 62, 26, 61, 94, 11, 70, 32, 20, 73, 2, 14, 28, 89, 51, 99, 96, 53, 5, 55, 24, 35, 54, 38, 31, 92, 68, 46, 49, 39, 72, 95, 19, 34, 7, 91, 59, 76, 40, 84, 25, 29, 6, 75, 90, 16, 88, 17, 36, 3, 10, 98, 65, 93, 63, 69, 41, 13, 86, 64, 23, 30, 48, 60, 50, 27, 83, 9, 12, 56, 58, 80, 97, 85, 79, 82, 18, 44, 22, 21, 37, 77, 43, 74, 8, 47, 33, 67, 71, 42, 1, 15, 45, 87, 81, 4];[1, 4, 71, 8, 12, 15, 16, 81, 18, 82, 84, 87, 56, 58, 92]"
8978.295730,-12033.000000,"[0, 78, 57, 66, 52, 62, 26, 61, 94, 11, 70, 32, 20, 73, 2, 14, 28, 89, 51, 99, 96, 53, 5, 55, 24, 35, 54, 38, 31, 92, 68, 46, 49, 39, 72, 95, 19, 34, 7, 91, 59, 76, 40, 84, 25, 29, 6, 75, 90, 16, 88, 17, 36, 3, 10, 98, 65, 93, 63, 69, 41, 13, 86, 64, 23, 30, 48, 60, 50, 27, 83, 9, 12, 56, 58, 80, 97, 85, 79, 82, 18, 44, 22, 21, 37, 77, 43, 74, 8, 47, 33, 67, 71, 42, 1, 15, 45, 87, 81, 4];[1, 4, 70, 71, 8, 12, 13, 15, 16, 81, 18, 82, 84, 85, 87, 56, 58, 28, 92]"
12092.467471,-18854.000000,"[0, 78, 57, 66, 52, 62, 26, 61, 94, 11, 70, 32, 20, 73, 2, 14, 28, 89, 51, 99, 96, 53, 5, 55, 24, 35, 54, 38, 31, 92, 68, 46, 49, 39, 72, 95, 19, 34, 7, 91, 59, 76, 40, 84, 25, 29, 6, 75, 90, 16, 88, 17, 36, 3, 10, 98, 65, 93, 63, 69, 41, 13, 86, 64, 23, 30, 48, 60, 50, 27, 83, 9, 12, 56, 58, 80, 97, 85, 79, 82, 18, 44, 22, 21, 37, 77, 43, 74, 8, 47, 33, 67, 71, 42, 1, 15, 45, 87, 81, 4];[1, 4, 68, 69, 70, 71, 8, 72, 74, 12, 13, 15, 16, 81, 18, 82, 84, 85, 23, 87, 28, 92, 29, 93, 31, 36, 47, 56, 57, 58]"
9345.117619,-14055.000000,"[0, 78, 57, 66, 52, 62, 26, 61, 94, 11, 70, 32, 20, 73, 2, 14, 28, 89, 51, 99, 96, 53, 5, 55, 24, 35, 54, 38, 31, 92, 68, 46, 49, 39, 72, 95, 19, 34, 7, 91, 59, 76, 40, 84, 25, 29, 6, 75, 90, 16, 88, 17, 36, 3, 10, 98, 65, 93, 63, 69, 41, 13, 86, 64, 23, 30, 48, 60, 50, 27, 83, 9, 12, 56, 58, 80, 97, 85, 79, 82, 18, 44, 22, 21, 37, 77, 43, 74, 8, 47, 33, 67, 71, 42, 1, 15, 45, 87, 81, 4];[1, 4, 68, 69, 70, 71, 8, 74, 12, 13, 15, 16, 81, 18, 82, 84, 87, 56, 58, 28, 92, 95]"
9280.066339,-13673.000000,"[0, 78, 57, 66, 52, 62, 26, 61, 94, 11, 70, 32, 20, 73, 2, 14, 28, 89, 51, 99, 96, 53, 5, 55, 24, 35, 54, 38, 31, 92, 68, 46, 49, 39, 72, 95, 19, 34, 7, 91, 59, 76, 40, 84, 25, 29, 6, 75, 90, 16, 88, 17, 36, 3, 10, 98, 65, 93, 63, 69, 41, 13, 86, 64, 23, 30, 48, 60, 50, 27, 83, 9, 12, 56, 58, 80, 97, 85, 79, 82, 18, 44, 22, 21, 37, 77, 43, 74, 8, 47, 33, 67, 71, 42, 1, 15, 45, 87, 81, 4];[1, 4, 68, 69, 70, 71, 8, 74, 12, 13, 15, 81, 18, 82, 84, 87, 56, 58, 28, 92, 95]"
9591.307891,-15127.000000,"[0, 78, 57, 66, 52, 62, 26, 61, 94, 11, 70, 32, 20, 73, 2, 14, 28, 89, 51, 99, 96, 53, 5, 55, 24, 35, 54, 38, 31, 92, 68, 46, 49, 39, 72, 95, 19, 34, 7, 91, 59, 76, 40, 84, 25, 29, 6, 75, 90, 16, 88, 17, 36, 3, 10, 98, 65, 93, 63, 69, 41, 13, 86, 64, 23, 30, 48, 60, 50, 27, 83, 9, 12, 56, 58, 80, 97, 85, 79, 82, 18, 44, 22, 21, 37, 77, 43, 74, 8, 47, 33, 67, 71, 42, 1, 15, 45, 87, 81, 4];[1, 4, 68, 69, 70, 71, 8, 72, 74, 12, 13, 15, 16, 81, 18, 82, 84, 87, 56, 57, 58, 28, 92]"
8972.083528,-11720.000000,"[0, 78, 57, 66, 52, 62, 26, 61, 94, 11, 70, 32, 20, 73, 2, 14, 28, 89, 51, 99, 96, 53, 5, 55, 24, 35, 54, 38, 31, 92, 68, 46, 49, 39, 72, 95, 19, 34, 7, 91, 59, 76, 40, 84, 25, 29, 6, 75, 90, 16, 88, 17, 36, 3, 10, 98, 65, 93, 63, 69, 41, 13, 86, 64, 23, 30, 48, 60, 50, 27, 83, 9, 12, 56, 58, 80, 97, 85, 79, 82, 18, 44, 22, 21, 37, 77, 43, 74, 8, 47, 33, 67, 71, 42, 1, 15, 45, 87, 81, 4];[1, 4, 68, 69, 70, 71, 8, 74, 12, 81, 18, 82, 84, 21, 87, 56, 58, 92]"
9015.287531,-12187.000000,"[0, 78, 57, 66, 52, 62, 26, 61, 94, 11, 70, 32, 20, 73, 2, 14, 28, 89, 51, 99, 96, 53, 5, 55, 24, 35, 54, 38, 31, 92, 68, 46, 49, 39, 72, 95, 19, 34, 7, 91, 59, 76, 40, 84, 25, 29, 6, 75, 90, 16, 88, 17, 36, 3, 10, 98, 65, 93, 63, 69, 41, 13, 86, 64, 23, 30, 48, 60, 50, 27, 83, 9, 12, 56, 58, 80, 97, 85, 79, 82, 18, 44, 22, 21, 37, 77, 43, 74, 8, 47, 33, 67, 71, 42, 1, 15, 45, 87, 81, 4];[1, 4, 68, 69, 70, 71, 8, 74, 12, 15, 81, 18, 82, 84, 87, 56, 58, 92, 95]"
10430.436567,-17080.000000,"[0, 78, 57, 66, 52, 62, 26, 61, 94, 11, 70, 32, 20, 73, 2, 14, 28, 89, 51, 99, 96, 53, 5, 55, 24, 35, 54, 38, 31, 92, 68, 46, 49, 39, 72, 95, 19, 34, 7, 91, 59, 76, 40, 84, 25, 29, 6, 75, 90, 16, 88, 17, 36, 3, 10, 98, 65, 93, 63, 69, 41, 13, 86, 64, 23, 30, 48, 60, 50, 27, 83, 9, 12, 56, 58, 80, 97, 85, 79, 82, 18, 44, 22, 21, 37, 77, 43, 74, 8, 47, 33, 67, 71, 42, 1, 15, 45, 87, 81, 4];[64, 1, 4, 68, 69, 70, 71, 8, 72, 74, 12, 13, 15, 16, 81, 18, 82, 84, 21, 85, 87, 28, 92, 47, 56, 57, 58]"
9293.334844,-13890.000000,"[0, 78, 57, 66, 52, 62, 26, 61, 94, 11, 70, 32, 20, 73, 2, 14, 28, 89, 51, 99, 96, 53, 5, 55, 24, 35, 54, 38, 31, 92, 68, 46, 49, 39, 72, 95, 19, 34, 7, 91, 59, 76, 40, 84, 25, 29, 6, 75, 90, 16, 88, 17, 36, 3, 10, 98, 65, 93, 63, 69, 41, 13, 86, 64, 23, 30, 48, 60, 50, 27, 83, 9, 12, 56, 58, 80, 97, 85, 79, 82, 18, 44, 22, 21, 37, 77, 43, 74, 8, 47, 33, 67, 71, 42, 1, 15, 45, 87, 81, 4];[1, 4, 68, 69, 70, 71, 8, 72, 74, 12, 13, 15, 81, 18, 82, 84, 87, 56, 58, 28, 92]"
8958.924007,-11678.000000,"[0, 78, 57, 66, 52, 62, 26, 61, 94, 11, 70, 32, 20, 73, 2, 14, 28, 89, 51, 99, 96, 53, 5, 55, 24, 35, 54, 38, 31, 92, 68, 46, 49, 39, 72, 95, 19, 34, 7, 91, 59, 76, 40, 84, 25, 29, 6, 75, 90, 16, 88, 17, 36, 3, 10, 98, 65, 93, 63, 69, 41, 13, 86, 64, 23, 30, 48, 60, 50, 27, 83, 9, 12, 56, 58, 80, 97, 85, 79, 82, 18, 44, 22, 21, 37, 77, 43, 74, 8, 47, 33, 67, 71, 42, 1, 15, 45, 87, 81, 4];[1, 4, 68, 69, 70, 71, 8, 12, 13, 15, 16, 81, 18, 82, 84, 87, 56, 58]"
11413.652137,-18368.000000,"[0, 78, 57, 66, 52, 62, 26, 61, 94, 11, 70, 32, 20, 73, 2, 14, 28, 89, 51, 99, 96, 53, 5, 55, 24, 35, 54, 38, 31, 92, 68, 46, 49, 39, 72, 95, 19, 34, 7, 91, 59, 76, 40, 84, 25, 29, 6, 75, 90, 16, 88, 17, 36, 3, 10, 98, 65, 93, 63, 69, 41, 13, 86, 64, 23, 30, 48, 60, 50, 27, 83, 9, 12, 56, 58, 80, 97, 85, 79, 82, 18, 44, 22, 21, 37, 77, 43, 74, 8, 47, 33, 67, 71, 42, 1, 15, 45, 87, 81, 4];[1, 4, 68, 69, 70, 71, 8, 72, 74, 12, 13, 15, 16, 81, 18, 82, 84, 21, 85, 87, 28, 92, 31, 95, 99, 36, 47, 56, 57, 58]"
8831.845099,-10974.000000,"[0, 78, 57, 66, 52, 62, 26, 61, 94, 11, 70, 32, 20, 73, 2, 14, 28, 89, 51, 99, 96, 53, 5, 55, 24, 35, 54, 38, 31, 92, 68, 46, 49, 39, 72, 95, 19, 34, 7, 91, 59, 76, 40, 84, 25, 29, 6, 75, 90, 16, 88, 17, 36, 3, 10, 98, 65, 93, 63, 69, 41, 13, 86, 64, 23, 30, 48, 60, 50, 27, 83, 9, 12, 56, 58, 80, 97, 85, 79, 82, 18, 44, 22, 21, 37, 77, 43, 74, 8, 47, 33, 67, 71, 42, 1, 15, 45, 87, 81, 4];[1, 4, 70, 71, 8, 12, 13, 15, 81, 18, 82, 84, 85, 87, 56, 58, 92]"
9410.500524,-14335.000000,"[0, 78, 57, 66, 52, 62, 26, 61, 94, 11, 70, 32, 20, 73, 2, 14, 28, 89, 51, 99, 96, 53, 5, 55, 24, 35, 54, 38, 31, 92, 68, 46, 49, 39, 72, 95, 19, 34, 7, 91, 59, 76, 40, 84, 25, 29, 6, 75, 90, 16, 88, 17, 36, 3, 10, 98, 65, 93, 63, 69, 41, 13, 86, 64, 23, 30, 48, 60, 50, 27, 83, 9, 12, 56, 58, 80, 97, 85, 79, 82, 18, 44, 22, 21, 37, 77, 43, 74, 8, 47, 33, 67, 71, 42, 1, 15, 45, 87, 81, 4];[1, 4, 68, 69, 70, 71, 8, 72, 74, 12, 13, 15, 81, 18, 82, 84, 85, 87, 56, 58, 28, 92]"
9166.725460,-13082.000000,"[0, 78, 57, 66, 52, 62, 26, 61, 94, 11, 70, 32, 20, 73, 2, 14, 28, 89, 51, 99, 96, 53, 5, 55, 24, 35, 54, 38, 31, 92, 68, 46, 49, 39, 72, 95, 19, 34, 7, 91, 59, 76, 40, 84, 25, 29, 6, 75, 90, 16, 88, 17, 36, 3, 10, 98, 65, 93, 63, 69, 41, 13, 86, 64, 23, 30, 48, 60, 50, 27, 83, 9, 12, 56, 58, 80, 97, 85, 79, 82, 18, 44, 22, 21, 37, 77, 43, 74, 8, 47, 33, 67, 71, 42, 1, 15, 45, 87, 81, 4];[1, 4, 68, 69, 70, 71, 8, 12, 13, 15, 16, 81, 18, 82, 84, 21, 87, 56, 58, 28, 92]"
12334.124418,-19109.000000,"[0, 78, 57, 66, 52, 62, 26, 61, 94, 11, 70, 32, 20, 73, 2, 14, 28, 89, 51, 99, 96, 53, 5, 55, 24, 35, 54, 38, 31, 92, 68, 46, 49, 39, 72, 95, 19, 34, 7, 91, 59, 76, 40, 84, 25, 29, 6, 75, 90, 16, 88, 17, 36, 3, 10, 98, 65, 93, 63, 69, 41, 13, 86, 64, 23, 30, 48, 60, 50, 27, 83, 9, 12, 56, 58, 80, 97, 85, 79, 82, 18, 44, 22, 21, 37, 77, 43, 74, 8, 47, 33, 67, 71, 42, 1, 15, 45, 87, 81, 4];[64, 1, 4, 68, 69, 70, 71, 8, 72, 74, 12, 13, 15, 16, 81, 18, 82, 84, 21, 85, 87, 28, 92, 31, 36, 47, 51, 56, 57, 58]"
11370.903959,-18211.000000,"[0, 78, 57, 66, 52, 62, 26, 61, 94, 11, 70, 32, 20, 73, 2, 14, 28, 89, 51, 99, 96, 53, 5, 55, 24, 35, 54, 38, 31, 92, 68, 46, 49, 39, 72, 95, 19, 34, 7, 91, 59, 76, 40, 84, 25, 29, 6, 75, 90, 16, 88, 17, 36, 3, 10, 98, 65, 93, 63, 69, 41, 13, 86, 64, 23, 30, 48, 60, 50, 27, 83, 9, 12, 56, 58, 80, 97, 85, 79, 82, 18, 44, 22, 21, 37, 77, 43, 74, 8, 47, 33, 67, 71, 42, 1, 15, 45, 87, 81, 4];[64, 1, 4, 68, 69, 70, 71, 8, 72, 74, 12, 13, 15, 16, 81, 18, 82, 84, 87, 28, 92, 31, 36, 47, 56, 57, 58]"
8690.511941,-9629.000000,"[0, 78, 57, 66, 52, 62, 26, 61, 94, 11, 70, 32, 20, 73, 2, 14, 28, 89, 51, 99, 96, 53, 5, 55, 24, 35, 54, 38, 31, 92, 68, 46, 49, 39, 72, 95, 19, 34, 7, 91, 59, 76, 40, 84, 25, 29, 6, 75, 90, 16, 88, 17, 36, 3, 10, 98, 65, 93, 63, 69, 41, 13, 86, 64, 23, 30, 48, 60, 50, 27, 83, 9, 12, 56, 58, 80, 97, 85, 79, 82, 18, 44, 22, 21, 37, 77, 43, 74, 8, 47, 33, 67, 71, 42, 1, 15, 45, 87, 81, 4];[1, 67, 4, 71, 8, 12, 13, 15, 81, 18, 82, 87, 56, 58, 28]"
9229.195610,-13526.000000,"[0, 78, 57, 66, 52, 62, 26, 61, 94, 11, 70, 32, 20, 73, 2, 14, 28, 89, 51, 99, 96, 53, 5, 55, 24, 35, 54, 38, 31, 92, 68, 46, 49, 39, 72, 95, 19, 34, 7, 91, 59, 76, 40, 84, 25, 29, 6, 75, 90, 16, 88, 17, 36, 3, 10, 98, 65, 93, 63, 69, 41, 13, 86, 64, 23, 30, 48, 60, 50, 27, 83, 9, 12, 56, 58, 80, 97, 85, 79, 82, 18, 44, 22, 21, 37, 77, 43, 74, 8, 47, 33, 67, 71, 42, 1, 15, 45, 87, 81, 4];[1, 4, 68, 69, 70, 71, 8, 72, 74, 12, 15, 81, 18, 82, 84, 85, 87, 56, 58, 28, 92]"
9518.303576,-14786.000000,"[0, 78, 57, 66, 52, 62, 26, 61, 94, 11, 70, 32, 20, 73, 2, 14, 28, 89, 51, 99, 96, 53, 5, 55, 24, 35, 54, 38, 31, 92, 68, 46, 49, 39, 72, 95, 19, 34, 7, 91, 59, 76, 40, 84, 25, 29, 6, 75, 90, 16, 88, 17, 36, 3, 10, 98, 65, 93, 63, 69, 41, 13, 86, 64, 23, 30, 48, 60, 50, 27, 83, 9, 12, 56, 58, 80, 97, 85, 79, 82, 18, 44, 22, 21, 37, 77, 43, 74, 8, 47, 33, 67, 71, 42, 1, 15, 45, 87, 81, 4];[1, 4, 68, 69, 70, 71, 8, 72, 74, 12, 13, 15, 16, 81, 18, 82, 84, 85, 87, 56, 58, 28, 92, 95]"
9218.450548,-13332.000000,"[0, 78, 57, 66, 52, 62, 26, 61, 94, 11, 70, 32, 20, 73, 2, 14, 28, 89, 51, 99, 96, 53, 5, 55, 24, 35, 54, 38, 31, 92, 68, 46, 49, 39, 72, 95, 19, 34, 7, 91, 59, 76, 40, 84, 25, 29, 6, 75, 90, 16, 88, 17, 36, 3, 10, 98, 65, 93, 63, 69, 41, 13, 86, 64, 23, 30, 48, 60, 50, 27, 83, 9, 12, 56, 58, 80, 97, 85, 79, 82, 18, 44, 22, 21, 37, 77, 43, 74, 8, 47, 33, 67, 71, 42, 1, 15, 45, 87, 81, 4];[1, 4, 68, 69, 70, 71, 8, 74, 12, 13, 15, 16, 81, 18, 82, 84, 21, 87, 56, 58, 92]"
9977.427227,-16209.000000,"[0, 78, 57, 66, 52, 62, 26, 61, 94, 11, 70, 32, 20, 73, 2, 14, 28, 89, 51, 99, 96, 53, 5, 55, 24, 35, 54, 38, 31, 92, 68, 46, 49, 39, 72, 95, 19, 34, 7, 91, 59, 76, 40, 84, 25, 29, 6, 75, 90, 16, 88, 17, 36, 3, 10, 98, 65, 93, 63, 69, 41, 13, 86, 64, 23, 30, 48, 60, 50, 27, 83, 9, 12, 56, 58, 80, 97, 85, 79, 82, 18, 44, 22, 21, 37, 77, 43, 74, 8, 47, 33, 67, 71, 42, 1, 15, 45, 87, 81, 4];[1, 67, 4, 68, 69, 70, 71, 8, 72, 74, 12, 13, 15, 16, 81, 18, 82, 84, 21, 85, 87, 28, 92, 95, 56, 57, 58]"
11030.067188,-17911.000000,"[0, 78, 57, 66, 52, 62, 26, 61, 94, 11, 70, 32, 20, 73, 2, 14, 28, 89, 51, 99, 96, 53, 5, 55, 24, 35, 54, 38, 31, 92, 68, 46, 49, 39, 72, 95, 19, 34, 7, 91, 59, 76, 40, 84, 25, 29, 6, 75, 90, 16, 88, 17, 36, 3, 10, 98, 65, 93, 63, 69, 41, 13, 86, 64, 23, 30, 48, 60, 50, 27, 83, 9, 12, 56, 58, 80, 97, 85, 79, 82, 18, 44, 22, 21, 37, 77, 43, 74, 8, 47, 33, 67, 71, 42, 1, 15, 45, 87, 81, 4];[64, 1, 4, 68, 69, 70, 71, 8, 72, 74, 12, 13, 15, 16, 81, 18, 82, 84, 21, 85, 87, 28, 92, 36, 47, 56, 57, 58]"
9309.061435,-13986.000000,"[0, 78, 57, 66, 52, 62, 26, 61, 94, 11, 70, 32, 20, 73, 2, 14, 28, 89, 51, 99, 96, 53, 5, 55, 24, 35, 54, 38, 31, 92, 68, 46, 49, 39, 72, 95, 19, 34, 7, 91, 59, 76, 40, 84, 25, 29, 6, 75, 90, 16, 88, 17, 36, 3, 10, 98, 65, 93, 63, 69, 41, 13, 86, 64, 23, 30, 48, 60, 50, 27, 83, 9, 12, 56, 58, 80, 97, 85, 79, 82, 18, 44, 22, 21, 37, 77, 43, 74, 8, 47, 33, 67, 71, 42, 1, 15, 45, 87, 81, 4];[1, 4, 68, 69, 70, 71, 8, 74, 12, 13, 15, 16, 81, 18, 82, 84, 87, 56, 58, 28, 92]"
11325.298840,-18142.000000,"[0, 78, 57, 66, 52, 62, 26, 61, 94, 11, 70, 32, 20, 73, 2, 14, 28, 89, 51, 99, 96, 53, 5, 55, 24, 35, 54, 38, 31, 92, 68, 46, 49, 39, 72, 95, 19, 34, 7, 91, 59, 76, 40, 84, 25, 29, 6, 75, 90, 16, 88, 17, 36, 3, 10, 98, 65, 93, 63, 69, 41, 13, 86, 64, 23, 30, 48, 60, 50, 27, 83, 9, 12, 56, 58, 80, 97, 85, 79, 82, 18, 44, 22, 21, 37, 77, 43, 74, 8, 47, 33, 67, 71, 42, 1, 15, 45, 87, 81, 4];[1, 4, 68, 69, 70, 71, 8, 72, 74, 12, 13, 15, 16, 81, 18, 82, 84, 21, 85, 87, 28, 92, 29, 31, 95, 36, 47, 56, 57, 58]"
11794.183875,-18725.000000,"[0, 78, 57, 66, 52, 62, 26, 61, 94, 11, 70, 32, 20, 73, 2, 14, 28, 89, 51, 99, 96, 53, 5, 55, 24, 35, 54, 38, 31, 92, 68, 46, 49, 39, 72, 95, 19, 34, 7, 91, 59, 76, 40, 84, 25, 29, 6, 75, 90, 16, 88, 17, 36, 3, 10, 98, 65, 93, 63, 69, 41, 13, 86, 64, 23, 30, 48, 60, 50, 27, 83, 9, 12, 56, 58, 80, 97, 85, 79, 82, 18, 44, 22, 21, 37, 77, 43, 74, 8, 47, 33, 67, 71, 42, 1, 15, 45, 87, 81, 4];[64, 1, 4, 68, 69, 70, 71, 8, 72, 74, 12, 13, 15, 16, 81, 18, 82, 84, 85, 87, 28, 92, 31, 95, 36, 47, 56, 57, 58]"
10996.359020,-17806.000000,"[0, 78, 57, 66, 52, 62, 26, 61, 94, 11, 70, 32, 20, 73, 2, 14, 28, 89, 51, 99, 96, 53, 5, 55, 24, 35, 54, 38, 31, 92, 68, 46, 49, 39, 72, 95, 19, 34, 7, 91, 59, 76, 40, 84, 25, 29, 6, 75, 90, 16, 88, 17, 36, 3, 10, 98, 65, 93, 63, 69, 41, 13, 86, 64, 23, 30, 48, 60, 50, 27, 83, 9, 12, 56, 58, 80, 97, 85, 79, 82, 18, 44, 22, 21, 37, 77, 43, 74, 8, 47, 33, 67, 71, 42, 1, 15, 45, 87, 81, 4];[64, 1, 4, 68, 69, 70, 71, 8, 72, 74, 12, 13, 15, 16, 81, 18, 82, 84, 21, 87, 28, 92, 94, 36, 47, 56, 57, 58]"
11751.046547,-18679.000000,"[0, 78, 57, 66, 52, 62, 26, 61, 94, 11, 70, 32, 20, 73, 2, 14, 28, 89, 51, 99, 96, 53, 5, 55, 24, 35, 54, 38, 31, 92, 68, 46, 49, 39, 72, 95, 19, 34, 7, 91, 59, 76, 40, 84, 25, 29, 6, 75, 90, 16, 88, 17, 36, 3, 10, 98, 65, 93, 63, 69, 41, 13, 86, 64, 23, 30, 48, 60, 50, 27, 83, 9, 12, 56, 58, 80, 97, 85, 79, 82, 18, 44, 22, 21, 37, 77, 43, 74, 8, 47, 33, 67, 71, 42, 1, 15, 45, 87, 81, 4];[64, 1, 4, 68, 69, 70, 71, 8, 72, 74, 12, 13, 15, 16, 81, 18, 82, 84, 21, 85, 87, 28, 92, 31, 36, 47, 56, 57, 58]"
9183.628910,-13186.000000,"[0, 78, 57, 66, 52, 62, 26, 61, 94, 11, 70, 32, 20, 73, 2, 14, 28, 89, 51, 99, 96, 53, 5, 55, 24, 35, 54, 38, 31, 92, 68, 46, 49, 39, 72, 95, 19, 34, 7, 91, 59, 76, 40, 84, 25, 29, 6, 75, 90, 16, 88, 17, 36, 3, 10, 98, 65, 93, 63, 69, 41, 13, 86, 64, 23, 30, 48, 60, 50, 27, 83, 9, 12, 56, 58, 80, 97, 85, 79, 82, 18, 44, 22, 21, 37, 77, 43, 74, 8, 47, 33, 67, 71, 42, 1, 15, 45, 87, 81, 4];[1, 4, 68, 69, 70, 71, 8, 72, 74, 12, 13, 15, 81, 18, 82, 84, 87, 56, 58, 28]"
9244.851054,-13604.000000,"[0, 78, 57, 66, 52, 62, 26, 61, 94, 11, 70, 32, 20, 73, 2, 14, 28, 89, 51, 99, 96, 53, 5, 55, 24, 35, 54, 38, 31, 92, 68, 46, 49, 39, 72, 95, 19, 34, 7, 91, 59, 76, 40, 84, 25, 29, 6, 75, 90, 16, 88, 17, 36, 3, 10, 98, 65, 93, 63, 69, 41, 13, 86, 64, 23, 30, 48, 60, 50, 27, 83, 9, 12, 56, 58, 80, 97, 85, 79, 82, 18, 44, 22, 21, 37, 77, 43, 74, 8, 47, 33, 67, 71, 42, 1, 15, 45, 87, 81, 4];[1, 4, 68, 69, 70, 71, 8, 74, 12, 13, 15, 81, 18, 82, 84, 87, 56, 58, 28, 92]"
9551.053755,-14864.000000,"[0, 78, 57, 66, 52, 62, 26, 61, 94, 11, 70, 32, 20, 73, 2, 14, 28, 89, 51, 99, 96, 53, 5, 55, 24, 35, 54, 38, 31, 92, 68, 46, 49, 39, 72, 95, 19, 34, 7, 91, 59, 76, 40, 84, 25, 29, 6, 75, 90, 16, 88, 17, 36, 3, 10, 98, 65, 93, 63, 69, 41, 13, 86, 64, 23, 30, 48, 60, 50, 27, 83, 9, 12, 56, 58, 80, 97, 85, 79, 82, 18, 44, 22, 21, 37, 77, 43, 74, 8, 47, 33, 67, 71, 42, 1, 15, 45, 87, 81, 4];[1, 4, 68, 69, 70, 71, 8, 74, 12, 13, 15, 16, 81, 18, 82, 84, 21, 87, 56, 57, 58, 28, 92]"
10156.747057,-16520.000000,"[0, 78, 57, 66, 52, 62, 26, 61, 94, 11, 70, 32, 20, 73, 2, 14, 28, 89, 51, 99, 96, 53, 5, 55, 24, 35, 54, 38, 31, 92, 68, 46, 49, 39, 72, 95, 19, 34, 7, 91, 59, 76, 40, 84, 25, 29, 6, 75, 90, 16, 88, 17, 36, 3, 10, 98, 65, 93, 63, 69, 41, 13, 86, 64, 23, 30, 48, 60, 50, 27, 83, 9, 12, 56, 58, 80, 97, 85, 79, 82, 18, 44, 22, 21, 37, 77, 43, 74, 8, 47, 33, 67, 71, 42, 1, 15, 45, 87, 81, 4];[1, 4, 68, 69, 70, 71, 8, 72, 74, 12, 13, 15, 16, 81, 18, 82, 84, 85, 87, 28, 92, 29, 95, 47, 56, 57, 58]"
11384.060920,-18341.000000,"[0, 78, 57, 66, 52, 62, 26, 61, 94, 11, 70, 32, 20, 73, 2, 14, 28, 89, 51, 99, 96, 53, 5, 55, 24, 35, 54, 38, 31, 92, 68, 46, 49, 39, 72, 95, 19, 34, 7, 91, 59, 76, 40, 84, 25, 29, 6, 75, 90, 16, 88, 17, 36, 3, 10, 98, 65, 93, 63, 69, 41, 13, 86, 64, 23, 30, 48, 60, 50, 27, 83, 9, 12, 56, 58, 80, 97, 85, 79, 82, 18, 44, 22, 21, 37, 77, 43, 74, 8, 47, 33, 67, 71, 42, 1, 15, 45, 87, 81, 4];[1, 4, 68, 69, 70, 71, 8, 72, 74, 12, 13, 15, 16, 81, 18, 82, 84, 85, 87, 28, 92, 93, 31, 36, 47, 56, 57, 58]"
9145.004372,-12927.000000,"[0, 78, 57, 66, 52, 62, 26, 61, 94, 11, 70, 32, 20, 73, 2, 14, 28, 89, 51, 99, 96, 53, 5, 55, 24, 35, 54, 38, 31, 92, 68, 46, 49, 39, 72, 95, 19, 34, 7, 91, 59, 76, 40, 84, 25, 29, 6, 75, 90, 16, 88, 17, 36, 3, 10, 98, 65, 93, 63, 69, 41, 13, 86, 64, 23, 30, 48, 60, 50, 27, 83, 9, 12, 56, 58, 80, 97, 85, 79, 82, 18, 44, 22, 21, 37, 77, 43, 74, 8, 47, 33, 67, 71, 42, 1, 15, 45, 87, 81, 4];[1, 4, 68, 69, 70, 71, 8, 74, 12, 13, 15, 81, 18, 82, 84, 87, 56, 58, 92]"
8647.929737,-9517.000000,"[0, 78, 57, 66, 52, 62, 26, 61, 94, 11, 70, 32, 20, 73, 2, 14, 28, 89, 51, 99, 96, 53, 5, 55, 24, 35, 54, 38, 31, 92, 68, 46, 49, 39, 72, 95, 19, 34, 7, 91, 59, 76, 40, 84, 25, 29, 6, 75, 90, 16, 88, 17, 36, 3, 10, 98, 65, 93, 63, 69, 41, 13, 86, 64, 23, 30, 48, 60, 50, 27, 83, 9, 12, 56, 58, 80, 97, 85, 79, 82, 18, 44, 22, 21, 37, 77, 43, 74, 8, 47, 33, 67, 71, 42, 1, 15, 45, 87, 81, 4];[1, 4, 71, 8, 12, 15, 81, 18, 82, 84, 85, 87, 56, 58, 92]"
9104.253436,-12775.000000,"[0, 78, 57, 66, 52, 62, 26, 61, 94, 11, 70, 32, 20, 73, 2, 14, 28, 89, 51, 99, 96, 53, 5, 55, 24, 35, 54, 38, 31, 92, 68, 46, 49, 39, 72, 95, 19, 34, 7, 91, 59, 76, 40, 84, 25, 29, 6, 75, 90, 16, 88, 17, 36, 3, 10, 98, 65, 93, 63, 69, 41, 13, 86, 64, 23, 30, 48, 60, 50, 27, 83, 9, 12, 56, 58, 80, 97, 85, 79, 82, 18, 44, 22, 21, 37, 77, 43, 74, 8, 47, 33, 67, 71, 42, 1, 15, 45, 87, 81, 4];[1, 4, 69, 70, 71, 8, 74, 12, 13, 15, 16, 81, 18, 82, 84, 87, 56, 58, 92]"
9589.375322,-14933.000000,"[0, 78, 57, 66, 52, 62, 26, 61, 94, 11, 70, 32, 20, 73, 2, 14, 28, 89, 51, 99, 96, 53, 5, 55, 24, 35, 54, 38, 31, 92, 68, 46, 49, 39, 72, 95, 19, 34, 7, 91, 59, 76, 40, 84, 25, 29, 6, 75, 90, 16, 88, 17, 36, 3, 10, 98, 65, 93, 63, 69, 41, 13, 86, 64, 23, 30, 48, 60, 50, 27, 83, 9, 12, 56, 58, 80, 97, 85, 79, 82, 18, 44, 22, 21, 37, 77, 43, 74, 8, 47, 33, 67, 71, 42, 1, 15, 45, 87, 81, 4];[1, 4, 68, 69, 70, 71, 8, 74, 12, 13, 15, 16, 81, 18, 82, 84, 21, 87, 56, 57, 58, 28, 92, 95]"
8467.950090,-7745.000000,"[0, 78, 57, 66, 52, 62, 26, 61, 94, 11, 70, 32, 20, 73, 2, 14, 28, 89, 51, 99, 96, 53, 5, 55, 24, 35, 54, 38, 31, 92, 68, 46, 49, 39, 72, 95, 19, 34, 7, 91, 59, 76, 40, 84, 25, 29, 6, 75, 90, 16, 88, 17, 36, 3, 10, 98, 65, 93, 63, 69, 41, 13, 86, 64, 23, 30, 48, 60, 50, 27, 83, 9, 12, 56, 58, 80, 97, 85, 79, 82, 18, 44, 22, 21, 37, 77, 43, 74, 8, 47, 33, 67, 71, 42, 1, 15, 45, 87, 81, 4];[1, 67, 4, 71, 8, 12, 81, 18, 82, 21, 87, 56, 58]"
8983.126499,-12118.000000,"[0, 78, 57, 66, 52, 62, 26, 61, 94, 11, 70, 32, 20, 73, 2, 14, 28, 89, 51, 99, 96, 53, 5, 55, 24, 35, 54, 38, 31, 92, 68, 46, 49, 39, 72, 95, 19, 34, 7, 91, 59, 76, 40, 84, 25, 29, 6, 75, 90, 16, 88, 17, 36, 3, 10, 98, 65, 93, 63, 69, 41, 13, 86, 64, 23, 30, 48, 60, 50, 27, 83, 9, 12, 56, 58, 80, 97, 85, 79, 82, 18, 44, 22, 21, 37, 77, 43, 74, 8, 47, 33, 67, 71, 42, 1, 15, 45, 87, 81, 4];[1, 4, 68, 69, 70, 71, 8, 74, 12, 15, 81, 18, 82, 84, 87, 56, 58, 92]"
11104.960650,-18068.000000,"[0, 78, 57, 66, 52, 62, 26, 61, 94, 11, 70, 32, 20, 73, 2, 14, 28, 89, 51, 99, 96, 53, 5, 55, 24, 35, 54, 38, 31, 92, 68, 46, 49, 39, 72, 95, 19, 34, 7, 91, 59, 76, 40, 84, 25, 29, 6, 75, 90, 16, 88, 17, 36, 3, 10, 98, 65, 93, 63, 69, 41, 13, 86, 64, 23, 30, 48, 60, 50, 27, 83, 9, 12, 56, 58, 80, 97, 85, 79, 82, 18, 44, 22, 21, 37, 77, 43, 74, 8, 47, 33, 67, 71, 42, 1, 15, 45, 87, 81, 4];[1, 4, 68, 69, 70, 71, 8, 72, 74, 12, 13, 15, 16, 81, 18, 82, 84, 85, 87, 28, 92, 31, 95, 36, 47, 56, 57, 58]"
11068.091398,-18022.000000,"[0, 78, 57, 66, 52, 62, 26, 61, 94, 11, 70, 32, 20, 73, 2, 14, 28, 89, 51, 99, 96, 53, 5, 55, 24, 35, 54, 38, 31, 92, 68, 46, 49, 39, 72, 95, 19, 34, 7, 91, 59, 76, 40, 84, 25, 29, 6, 75, 90, 16, 88, 17, 36, 3, 10, 98, 65, 93, 63, 69, 41, 13, 86, 64, 23, 30, 48, 60, 50, 27, 83, 9, 12, 56, 58, 80, 97, 85, 79, 82, 18, 44, 22, 21, 37, 77, 43, 74, 8, 47, 33, 67, 71, 42, 1, 15, 45, 87, 81, 4];[1, 4, 68, 69, 70, 71, 8, 72, 74, 12, 13, 15, 16, 81, 18, 82, 84, 21, 85, 87, 28, 92, 31, 36, 47, 56, 57, 58]"
9198.703062,-13282.000000,"[0, 78, 57, 66, 52, 62, 26, 61, 94, 11, 70, 32, 20, 73, 2, 14, 28, 89, 51, 99, 96, 53, 5, 55, 24, 35, 54, 38, 31, 92, 68, 46, 49, 39, 72, 95, 19, 34, 7, 91, 59, 76, 40, 84, 25, 29, 6, 75, 90, 16, 88, 17, 36, 3, 10, 98, 65, 93, 63, 69, 41, 13, 86, 64, 23, 30, 48, 60, 50, 27, 83, 9, 12, 56, 58, 80, 97, 85, 79, 82, 18, 44, 22, 21, 37, 77, 43, 74, 8, 47, 33, 67, 71, 42, 1, 15, 45, 87, 81, 4];[1, 4, 68, 69, 70, 71, 8, 74, 12, 13, 15, 16, 81, 18, 82, 84, 87, 56, 58, 28]"
8668.493270,-9582.000000,"[0, 78, 57, 66, 52, 62, 26, 61, 94, 11, 70, 32, 20, 73, 2, 14, 28, 89, 51, 99, 96, 53, 5, 55, 24, 35, 54, 38, 31, 92, 68, 46, 49, 39, 72, 95, 19, 34, 7, 91, 59, 76, 40, 84, 25, 29, 6, 75, 90, 16, 88, 17, 36, 3, 10, 98, 65, 93, 63, 69, 41, 13, 86, 64, 23, 30, 48, 60, 50, 27, 83, 9, 12, 56, 58, 80, 97, 85, 79, 82, 18, 44, 22, 21, 37, 77, 43, 74, 8, 47, 33, 67, 71, 42, 1, 15, 45, 87, 81, 4];[1, 4, 71, 8, 12, 13, 15, 16, 81, 18, 82, 84, 21, 87, 56, 58]"
11039.244818,-17999.000000,"[0, 78, 57, 66, 52, 62, 26, 61, 94, 11, 70, 32, 20, 73, 2, 14, 28, 89, 51, 99, 96, 53, 5, 55, 24, 35, 54, 38, 31, 92, 68, 46, 49, 39, 72, 95, 19, 34, 7, 91, 59, 76, 40, 84, 25, 29, 6, 75, 90, 16, 88, 17, 36, 3, 10, 98, 65, 93, 63, 69, 41, 13, 86, 64, 23, 30, 48, 60, 50, 27, 83, 9, 12, 56, 58, 80, 97, 85, 79, 82, 18, 44, 22, 21, 37, 77, 43, 74, 8, 47, 33, 67, 71, 42, 1, 15, 45, 87, 81, 4];[1, 4, 68, 69, 70, 71, 8, 72, 74, 12, 13, 15, 16, 81, 18, 82, 84, 85, 87, 28, 92, 31, 36, 47, 56, 57, 58]"
9129.664982,-12849.000000,"[0, 78, 57, 66, 52, 62, 26, 61, 94, 11, 70, 32, 20, 73, 2, 14, 28, 89, 51, 99, 96, 53, 5, 55, 24, 35, 54, 38, 31, 92, 68, 46, 49, 39, 72, 95, 19, 34, 7, 91, 59, 76, 40, 84, 25, 29, 6, 75, 90, 16, 88, 17, 36, 3, 10, 98, 65, 93, 63, 69, 41, 13, 86, 64, 23, 30, 48, 60, 50, 27, 83, 9, 12, 56, 58, 80, 97, 85, 79, 82, 18, 44, 22, 21, 37, 77, 43, 74, 8, 47, 33, 67, 71, 42, 1, 15, 45, 87, 81, 4];[1, 4, 68, 69, 70, 71, 8, 72, 74, 12, 15, 81, 18, 82, 84, 85, 87, 56, 58, 92]"
9576.965977,-14910.000000,"[0, 78, 57, 66, 52, 62, 26, 61, 94, 11, 70, 32, 20, 73, 2, 14, 28, 89, 51, 99, 96, 53, 5, 55, 24, 35, 54, 38, 31, 92, 68, 46, 49, 39, 72, 95, 19, 34, 7, 91, 59, 76, 40, 84, 25, 29, 6, 75, 90, 16, 88, 17, 36, 3, 10, 98, 65, 93, 63, 69, 41, 13, 86, 64, 23, 30, 48, 60, 50, 27, 83, 9, 12, 56, 58, 80, 97, 85, 79, 82, 18, 44, 22, 21, 37, 77, 43, 74, 8, 47, 33, 67, 71, 42, 1, 15, 45, 87, 81, 4];[1, 4, 68, 69, 70, 71, 8, 74, 12, 13, 15, 16, 81, 18, 82, 84, 87, 56, 57, 58, 28, 92, 95]"
12283.249651,-19086.000000,"[0, 78, 57, 66, 52, 62, 26, 61, 94, 11, 70, 32, 20, 73, 2, 14, 28, 89, 51, 99, 96, 53, 5, 55, 24, 35, 54, 38, 31, 92, 68, 46, 49, 39, 72, 95, 19, 34, 7, 91, 59, 76, 40, 84, 25, 29, 6, 75, 90, 16, 88, 17, 36, 3, 10, 98, 65, 93, 63, 69, 41, 13, 86, 64, 23, 30, 48, 60, 50, 27, 83, 9, 12, 56, 58, 80, 97, 85, 79, 82, 18, 44, 22, 21, 37, 77, 43, 74, 8, 47, 33, 67, 71, 42, 1, 15, 45, 87, 81, 4];[64, 1, 4, 68, 69, 70, 71, 8, 72, 74, 12, 13, 15, 16, 81, 18, 82, 84, 85, 87, 28, 92, 31, 36, 47, 51, 56, 57, 58]"
