8156.000000,-0.000000,"[0, 57, 66, 52, 62, 26, 61, 94, 11, 70, 32, 20, 73, 2, 14, 28, 89, 51, 99, 96, 53, 5, 55, 24, 35, 54, 38, 31, 92, 68, 46, 49, 39, 72, 95, 19, 34, 7, 91, 59, 76, 40, 84, 25, 29, 6, 75, 90, 16, 88, 17, 36, 3, 10, 98, 65, 93, 63, 69, 41, 13, 86, 64, 23, 30, 48, 60, 50, 27, 83, 9, 12, 56, 58, 80, 97, 85, 79, 82, 18, 44, 22, 21, 37, 77, 43, 74, 8, 47, 33, 67, 71, 42, 1, 15, 45, 87, 81, 4, 78];[]"
19655.348282,-21998.000000,"[0, 78, 57, 66, 52, 62, 26, 61, 94, 11, 70, 32, 20, 73, 2, 14, 28, 89, 51, 99, 96, 53, 5, 55, 24, 35, 54, 38, 31, 92, 68, 46, 49, 39, 72, 95, 19, 34, 7, 91, 59, 76, 40, 84, 25, 29, 6, 75, 90, 16, 88, 17, 36, 3, 10, 98, 65, 93, 63, 69, 41, 13, 86, 64, 23, 30, 48, 60, 50, 27, 83, 9, 12, 56, 58, 80, 97, 85, 79, 82, 18, 44, 22, 21, 37, 77, 43, 74, 8, 47, 33, 67, 71, 42, 1, 15, 45, 87, 81, 4];[1, 65, 66, 4, 68, 69, 70, 71, 8, 72, 9, 74, 12, 13, 15, 16, 17, 18, 82, 84, 23, 28, 92, 94, 31, 34, 35, 99, 36, 49, 51, 56, 57, 58]"
8156.000000,-0.000000,"[0, 78, 4, 81, 87, 45, 15, 1, 42, 71, 67, 33, 47, 8, 74, 43, 77, 37, 21, 22, 44, 18, 82, 79, 85, 97, 80, 58, 56, 12, 9, 83, 27, 50, 60, 48, 30, 23, 64, 86, 13, 41, 69, 63, 93, 65, 98, 10, 3, 36, 17, 88, 16, 90, 75, 6, 29, 25, 84, 40, 76, 59, 91, 7, 34, 19, 95, 72, 39, 49, 46, 68, 92, 31, 38, 54, 35, 24, 55, 5, 53, 96, 99, 51, 89, 28, 14, 2, 73, 20, 32, 70, 11, 94, 61, 26, 62, 52, 66, 57];[]"
13220.318728,-20328.000000,"[0, 78, 57, 66, 52, 62, 26, 61, 94, 11, 70, 32, 20, 73, 2, 14, 28, 89, 51, 99, 96, 53, 5, 55, 24, 35, 54, 38, 31, 92, 68, 46, 49, 39, 72, 95, 19, 34, 7, 91, 59, 76, 40, 84, 25, 29, 6, 75, 90, 16, 88, 17, 36, 3, 10, 98, 65, 93, 63, 69, 41, 13, 86, 64, 23, 30, 48, 60, 50, 27, 83, 9, 12, 56, 58, 80, 97, 85, 79, 82, 18, 44, 22, 21, 37, 77, 43, 74, 8, 47, 33, 67, 71, 42, 1, 15, 45, 87, 81, 4];[1, 65, 66, 4, 68, 69, 70, 71, 8, 72, 74, 12, 13, 15, 16, 17, 81, 18, 82, 84, 23, 87, 28, 92, 94, 97, 49, 56, 57, 58]"
16142.575444,-21306.000000,"[0, 78, 57, 66, 52, 62, 26, 61, 94, 11, 70, 32, 20, 73, 2, 14, 28, 89, 51, 99, 96, 53, 5, 55, 24, 35, 54, 38, 31, 92, 68, 46, 49, 39, 72, 95, 19, 34, 7, 91, 59, 76, 40, 84, 25, 29, 6, 75, 90, 16, 88, 17, 36, 3, 10, 98, 65, 93, 63, 69, 41, 13, 86, 64, 23, 30, 48, 60, 50, 27, 83, 9, 12, 56, 58, 80, 97, 85, 79, 82, 18, 44, 22, 21, 37, 77, 43, 74, 8, 47, 33, 67, 71, 42, 1, 15, 45, 87, 81, 4];[1, 65, 66, 4, 68, 69, 70, 71, 8, 72, 74, 12, 13, 15, 16, 17, 82, 84, 87, 28, 92, 94, 31, 97, 34, 35, 36, 49, 56, 57, 58]"
18796.886870,-21898.000000,"[0, 78, 57, 66, 52, 62, 26, 61, 94, 11, 70, 32, 20, 73, 2, 14, 28, 89, 51, 99, 96, 53, 5, 55, 24, 35, 54, 38, 31, 92, 68, 46, 49, 39, 72, 95, 19, 34, 7, 91, 59, 76, 40, 84, 25, 29, 6, 75, 90, 16, 88, 17, 36, 3, 10, 98, 65, 93, 63, 69, 41, 13, 86, 64, 23, 30, 48, 60, 50, 27, 83, 9, 12, 56, 58, 80, 97, 85, 79, 82, 18, 44, 22, 21, 37, 77, 43, 74, 8, 47, 33, 67, 71, 42, 1, 15, 45, 87, 81, 4];[1, 65, 66, 4, 68, 69, 70, 71, 8, 72, 74, 12, 13, 15, 16, 17, 18, 82, 84, 21, 85, 28, 92, 94, 31, 97, 34, 35, 36, 49, 51, 56, 57, 58]"
14058.108827,-20394.000000,"[0, 78, 57, 66, 52, 62, 26, 61, 94, 11, 70, 32, 20, 73, 2, 14, 28, 89, 51, 99, 96, 53, 5, 55, 24, 35, 54, 38, 31, 92, 68, 46, 49, 39, 72, 95, 19, 34, 7, 91, 59, 76, 40, 84, 25, 29, 6, 75, 90, 16, 88, 17, 36, 3, 10, 98, 65, 93, 63, 69, 41, 13, 86, 64, 23, 30, 48, 60, 50, 27, 83, 9, 12, 56, 58, 80, 97, 85, 79, 82, 18, 44, 22, 21, 37, 77, 43, 74, 8, 47, 33, 67, 71, 42, 1, 15, 45, 87, 81, 4];[1, 65, 66, 4, 68, 69, 70, 71, 8, 72, 74, 12, 13, 15, 16, 17, 82, 84, 87, 28, 92, 94, 31, 97, 99, 42, 49, 56, 57, 58]"
12890.459182,-20057.000000,"[0, 78, 57, 66, 52, 62, 26, 61, 94, 11, 70, 32, 20, 73, 2, 14, 28, 89, 51, 99, 96, 53, 5, 55, 24, 35, 54, 38, 31, 92, 68, 46, 49, 39, 72, 95, 19, 34, 7, 91, 59, 76, 40, 84, 25, 29, 6, 75, 90, 16, 88, 17, 36, 3, 10, 98, 65, 93, 63, 69, 41, 13, 86, 64, 23, 30, 48, 60, 50, 27, 83, 9, 12, 56, 58, 80, 97, 85, 79, 82, 18, 44, 22, 21, 37, 77, 43, 74, 8, 47, 33, 67, 71, 42, 1, 15, 45, 87, 4, 81];[1, 65, 66, 4, 68, 69, 70, 71, 8, 72, 74, 12, 13, 15, 16, 17, 81, 18, 82, 84, 23, 87, 28, 92, 95, 97, 49, 56, 57, 58]"
16851.498414,-21321.000000,"[0, 78, 57, 66, 52, 62, 26, 61, 94, 11, 70, 32, 20, 73, 2, 14, 28, 89, 51, 99, 96, 53, 5, 55, 24, 35, 54, 38, 31, 92, 68, 46, 49, 39, 72, 95, 19, 34, 7, 91, 59, 76, 40, 84, 25, 29, 6, 75, 90, 16, 88, 17, 36, 3, 10, 98, 65, 93, 63, 69, 41, 13, 86, 64, 23, 30, 48, 60, 50, 27, 83, 9, 12, 56, 58, 80, 97, 85, 79, 82, 18, 44, 22, 21, 37, 77, 43, 74, 8, 47, 33, 67, 71, 42, 1, 15, 45, 87, 81, 4];[1, 65, 66, 4, 68, 69, 70, 71, 8, 72, 74, 12, 13, 15, 16, 17, 18, 82, 84, 85, 28, 92, 94, 31, 97, 34, 35, 99, 49, 51, 56, 57, 58]"
15604.497437,-21139.000000,"[0, 78, 57, 66, 52, 62, 26, 61, 94, 11, 70, 32, 20, 73, 2, 14, 28, 89, 51, 99, 96, 53, 5, 55, 24, 35, 54, 38, 31, 92, 68, 46, 49, 39, 72, 95, 19, 34, 7, 91, 59, 76, 40, 84, 25, 29, 6, 75, 90, 16, 88, 17, 36, 3, 10, 98, 65, 93, 63, 69, 41, 13, 86, 64, 23, 30, 48, 60, 50, 27, 83, 9, 12, 56, 58, 80, 97, 85, 79, 82, 18, 44, 22, 21, 37, 77, 43, 74, 8, 47, 33, 67, 71, 42, 1, 15, 45, 87, 81, 4];[1, 65, 66, 4, 68, 69, 70, 71, 8, 72, 74, 12, 13, 15, 16, 17, 18, 82, 84, 87, 28, 92, 94, 31, 97, 34, 35, 99, 49, 56, 57, 58]"
14163.776494,-20769.000000,"[0, 78, 57, 66, 52, 62, 26, 61, 94, 11, 70, 32, 20, 73, 2, 14, 28, 89, 51, 99, 96, 53, 5, 55, 24, 35, 54, 38, 31, 92, 68, 46, 49, 39, 72, 95, 19, 34, 7, 91, 59, 76, 40, 84, 25, 29, 6, 75, 90, 16, 88, 17, 36, 3, 10, 98, 65, 93, 63, 69, 41, 13, 86, 64, 23, 30, 48, 60, 50, 27, 83, 9, 12, 56, 58, 80, 97, 85, 79, 82, 18, 44, 22, 21, 37, 77, 43, 74, 8, 47, 33, 67, 71, 42, 1, 15, 45, 87, 81, 4];[1, 65, 66, 4, 68, 69, 70, 71, 8, 72, 74, 12, 13, 15, 16, 17, 81, 18, 82, 84, 87, 28, 92, 94, 31, 97, 34, 35, 56, 57, 58]"
17971.634139,-21722.000000,"[0, 78, 57, 66, 52, 62, 26, 61, 94, 11, 70, 32, 20, 73, 2, 14, 28, 89, 51, 99, 96, 53, 5, 55, 24, 35, 54, 38, 31, 92, 68, 46, 49, 39, 72, 95, 19, 34, 7, 91, 59, 76, 40, 84, 25, 29, 6, 75, 90, 16, 88, 17, 36, 3, 10, 98, 65, 93, 63, 69, 41, 13, 86, 64, 23, 30, 48, 60, 50, 27, 83, 9, 12, 56, 58, 80, 97, 85, 79, 82, 18, 44, 22, 21, 37, 77, 43, 74, 8, 47, 33, 67, 71, 42, 1, 15, 45, 87, 81, 4];[1, 65, 66, 4, 68, 69, 70, 71, 8, 72, 74, 12, 13, 15, 16, 17, 18, 82, 84, 85, 28, 92, 94, 31, 97, 34, 35, 99, 36, 49, 56, 57, 58]"
18342.452089,-21765.000000,"[0, 78, 11, 70, 32, 20, 73, 2, 14, 28, 89, 51, 99, 96, 53, 5, 55, 24, 35, 54, 38, 31, 92, 68, 46, 49, 39, 72, 95, 19, 34, 7, 91, 59, 76, 40, 84, 25, 29, 6, 75, 90, 16, 88, 17, 36, 3, 10, 98, 65, 93, 63, 69, 41, 13, 86, 64, 23, 30, 48, 60, 50, 27, 83, 9, 12, 56, 58, 80, 97, 85, 79, 82, 18, 44, 22, 21, 37, 77, 43, 74, 8, 47, 33, 67, 71, 42, 1, 15, 45, 87, 81, 4, 94, 61, 26, 62, 52, 66, 57];[1, 65, 66, 4, 68, 69, 70, 71, 8, 72, 74, 12, 13, 15, 16, 17, 82, 84, 85, 28, 92, 94, 31, 97, 34, 35, 99, 36, 49, 51, 56, 57, 58]"
14693.866905,-20781.000000,"[0, 78, 57, 66, 52, 62, 26, 61, 94, 11, 70, 32, 20, 73, 2, 14, 28, 89, 51, 99, 96, 53, 5, 55, 24, 35, 54, 38, 31, 92, 68, 46, 49, 39, 72, 95, 19, 34, 7, 91, 59, 76, 40, 84, 25, 29, 6, 75, 90, 16, 88, 17, 36, 3, 10, 98, 65, 93, 63, 69, 41, 13, 86, 64, 23, 30, 48, 60, 50, 27, 83, 9, 12, 56, 58, 80, 97, 85, 79, 82, 18, 44, 22, 21, 37, 77, 43, 74, 8, 47, 33, 67, 71, 42, 1, 15, 45, 87, 81, 4];[1, 65, 66, 4, 68, 69, 70, 71, 8, 72, 74, 12, 13, 15, 16, 17, 18, 82, 84, 87, 28, 92, 94, 31, 97, 99, 42, 49, 56, 57, 58]"
8503.487072,-7748.000000,"[0, 78, 57, 66, 52, 62, 26, 61, 94, 11, 70, 32, 20, 73, 2, 14, 28, 89, 51, 99, 96, 53, 5, 55, 24, 35, 54, 38, 31, 92, 68, 46, 49, 39, 72, 95, 19, 34, 7, 91, 59, 76, 40, 84, 25, 29, 6, 75, 90, 16, 88, 17, 36, 3, 10, 98, 65, 93, 63, 69, 41, 13, 86, 64, 23, 30, 48, 60, 50, 27, 83, 9, 12, 56, 58, 80, 97, 85, 79, 82, 18, 44, 22, 21, 37, 77, 43, 74, 8, 47, 33, 67, 71, 42, 1, 15, 45, 87, 81, 4];[1, 4, 70, 71, 8, 12, 15, 16, 82, 18, 84, 87, 56]"
8551.649312,-8682.000000,"[0, 78, 57, 66, 52, 62, 26, 61, 94, 11, 70, 32, 20, 73, 2, 14, 28, 89, 51, 99, 96, 53, 5, 55, 24, 35, 54, 38, 31, 92, 68, 46, 49, 39, 72, 95, 19, 34, 7, 91, 59, 76, 40, 84, 25, 29, 6, 75, 90, 16, 88, 17, 36, 3, 10, 98, 65, 93, 63, 69, 41, 13, 86, 64, 23, 30, 48, 60, 50, 27, 83, 9, 12, 56, 58, 80, 97, 85, 79, 82, 18, 44, 22, 21, 37, 77, 43, 74, 8, 47, 33, 67, 71, 42, 1, 15, 45, 87, 81, 4];[1, 67, 4, 70, 71, 8, 12, 15, 16, 81, 82, 84, 87, 56]"
8335.713998,-5898.000000,"[0, 78, 57, 66, 52, 62, 26, 61, 94, 11, 70, 32, 20, 73, 2, 14, 28, 89, 51, 99, 96, 53, 5, 55, 24, 35, 54, 38, 31, 92, 68, 46, 49, 39, 72, 95, 19, 34, 7, 91, 59, 76, 40, 84, 25, 29, 6, 75, 90, 16, 88, 17, 36, 3, 10, 98, 65, 93, 63, 69, 41, 13, 86, 64, 23, 30, 48, 60, 50, 27, 83, 9, 12, 56, 58, 80, 97, 85, 79, 82, 18, 44, 22, 21, 37, 77, 43, 74, 8, 47, 33, 67, 71, 42, 1, 15, 45, 87, 81, 4];[16, 1, 82, 4, 70, 71, 8, 56, 12, 15]"
9064.264304,-12108.000000,"[0, 78, 57, 66, 52, 62, 26, 61, 94, 11, 70, 32, 20, 73, 2, 14, 28, 89, 51, 99, 96, 53, 5, 55, 24, 35, 54, 38, 31, 92, 68, 46, 49, 39, 72, 95, 19, 34, 7, 91, 59, 76, 40, 84, 25, 29, 6, 75, 90, 16, 88, 17, 36, 3, 10, 98, 65, 93, 63, 69, 41, 13, 86, 64, 23, 30, 48, 60, 50, 27, 83, 9, 12, 56, 58, 80, 97, 85, 79, 82, 18, 44, 22, 21, 37, 77, 43, 74, 8, 47, 33, 67, 71, 42, 1, 15, 45, 87, 81, 4];[1, 67, 4, 70, 71, 8, 72, 74, 12, 15, 16, 81, 18, 82, 84, 85, 87, 56, 28, 92]"
9139.317493,-12718.000000,"[0, 78, 57, 66, 52, 62, 26, 61, 94, 11, 70, 32, 20, 73, 2, 14, 28, 89, 51, 99, 96, 53, 5, 55, 24, 35, 54, 38, 31, 92, 68, 46, 49, 39, 72, 95, 19, 34, 7, 91, 59, 76, 40, 84, 25, 29, 6, 75, 90, 16, 88, 17, 36, 3, 10, 98, 65, 93, 63, 69, 41, 13, 86, 64, 23, 30, 48, 60, 50, 27, 83, 9, 12, 56, 58, 80, 97, 85, 79, 82, 18, 44, 22, 21, 37, 77, 43, 74, 8, 47, 33, 67, 71, 42, 1, 15, 45, 87, 81, 4];[1, 4, 68, 69, 70, 71, 8, 12, 15, 16, 81, 82, 84, 87, 56, 57, 58, 28, 92]"
8635.437039,-9359.000000,"[0, 78, 57, 66, 52, 62, 26, 61, 94, 11, 70, 32, 20, 73, 2, 14, 28, 89, 51, 99, 96, 53, 5, 55, 24, 35, 54, 38, 31, 92, 68, 46, 49, 39, 72, 95, 19, 34, 7, 91, 59, 76, 40, 84, 25, 29, 6, 75, 90, 16, 88, 17, 36, 3, 10, 98, 65, 93, 63, 69, 41, 13, 86, 64, 23, 30, 48, 60, 50, 27, 83, 9, 12, 56, 58, 80, 97, 85, 79, 82, 18, 44, 22, 21, 37, 77, 43, 74, 8, 47, 33, 67, 71, 42, 1, 15, 45, 87, 81, 4];[1, 67, 4, 70, 71, 8, 12, 15, 16, 81, 82, 84, 87, 56, 28]"
15026.255916,-20915.000000,"[0, 78, 57, 66, 52, 62, 26, 61, 94, 11, 70, 32, 20, 73, 2, 14, 28, 89, 51, 99, 96, 53, 5, 55, 24, 35, 54, 38, 31, 92, 68, 46, 49, 39, 72, 95, 19, 34, 7, 91, 59, 76, 40, 84, 25, 29, 6, 75, 90, 16, 88, 17, 36, 3, 10, 98, 65, 93, 63, 69, 41, 13, 86, 64, 23, 30, 48, 60, 50, 27, 83, 9, 12, 56, 58, 80, 97, 85, 79, 82, 18, 44, 22, 21, 37, 77, 43, 74, 8, 47, 33, 67, 71, 42, 1, 15, 45, 87, 81, 4];[1, 65, 66, 4, 68, 69, 70, 71, 8, 72, 9, 74, 12, 13, 15, 16, 17, 18, 82, 84, 87, 28, 92, 94, 97, 99, 36, 49, 56, 57, 58]"
17720.070273,-21554.000000,"[0, 78, 57, 66, 52, 62, 26, 61, 94, 11, 70, 32, 20, 73, 2, 14, 28, 89, 51, 99, 96, 53, 5, 55, 24, 35, 54, 38, 31, 92, 68, 46, 49, 39, 72, 95, 19, 34, 7, 91, 59, 76, 40, 84, 25, 29, 6, 75, 90, 16, 88, 17, 36, 3, 10, 98, 65, 93, 63, 69, 41, 13, 86, 64, 23, 30, 48, 60, 50, 27, 83, 9, 12, 56, 58, 80, 97, 85, 79, 82, 18, 44, 22, 21, 37, 77, 43, 74, 8, 47, 33, 67, 71, 42, 1, 15, 45, 87, 81, 4];[1, 65, 66, 4, 68, 69, 70, 71, 8, 72, 74, 12, 13, 15, 16, 17, 18, 82, 84, 21, 23, 28, 92, 94, 31, 95, 97, 34, 35, 36, 49, 56, 57, 58]"
12518.969027,-19825.000000,"[0, 78, 57, 66, 52, 62, 26, 61, 94, 11, 70, 32, 20, 73, 2, 14, 28, 89, 51, 99, 96, 53, 5, 55, 24, 35, 54, 38, 31, 92, 68, 46, 49, 39, 72, 95, 19, 34, 7, 91, 59, 76, 40, 84, 25, 29, 6, 75, 90, 16, 88, 17, 36, 3, 10, 98, 65, 93, 63, 69, 41, 13, 86, 64, 23, 30, 48, 60, 50, 27, 83, 9, 12, 56, 58, 80, 97, 85, 79, 82, 18, 44, 22, 21, 37, 77, 43, 74, 8, 47, 33, 67, 71, 42, 1, 15, 45, 87, 81, 4];[1, 65, 66, 4, 68, 69, 70, 71, 8, 72, 74, 12, 13, 15, 16, 81, 18, 82, 84, 85, 87, 28, 92, 94, 97, 99, 49, 56, 57, 58]"
17065.879821,-21445.000000,"[0, 78, 57, 66, 52, 62, 26, 61, 94, 11, 70, 32, 20, 73, 2, 14, 28, 89, 51, 99, 96, 53, 5, 55, 24, 35, 54, 38, 31, 92, 68, 46, 49, 39, 72, 95, 19, 34, 7, 91, 59, 76, 40, 84, 25, 29, 6, 75, 90, 16, 88, 17, 36, 3, 10, 98, 65, 93, 63, 69, 41, 13, 86, 64, 23, 30, 48, 60, 50, 27, 83, 9, 12, 56, 58, 80, 97, 85, 79, 82, 18, 44, 22, 21, 37, 77, 43, 74, 8, 47, 33, 67, 71, 42, 1, 15, 45, 87, 81, 4];[1, 65, 66, 4, 68, 69, 70, 71, 8, 72, 74, 12, 13, 15, 16, 17, 18, 82, 84, 85, 28, 92, 94, 31, 97, 34, 35, 36, 49, 56, 57, 58]"
8158.458403,-848.000000,"[0, 57, 66, 52, 62, 26, 61, 94, 11, 70, 32, 20, 73, 2, 14, 28, 89, 51, 99, 96, 53, 5, 55, 24, 35, 54, 38, 31, 92, 68, 46, 49, 39, 72, 95, 19, 34, 7, 91, 59, 76, 40, 84, 25, 29, 6, 75, 90, 16, 88, 17, 36, 3, 10, 98, 65, 93, 63, 69, 41, 13, 86, 64, 23, 30, 48, 60, 50, 27, 83, 9, 12, 56, 58, 80, 97, 85, 79, 82, 18, 44, 22, 21, 37, 77, 43, 74, 8, 47, 33, 67, 71, 42, 1, 15, 45, 87, 81, 4, 78];[1, 12]"
10297.436857,-16819.000000,"[0, 78, 57, 66, 52, 62, 26, 61, 94, 11, 70, 32, 20, 73, 2, 14, 28, 89, 51, 99, 96, 53, 5, 55, 24, 35, 54, 38, 31, 92, 68, 46, 49, 39, 72, 95, 19, 34, 7, 91, 59, 76, 40, 84, 25, 29, 6, 75, 90, 16, 88, 17, 36, 3, 10, 98, 65, 93, 63, 69, 41, 13, 86, 64, 23, 30, 48, 60, 50, 27, 83, 9, 12, 56, 58, 80, 97, 85, 79, 82, 18, 44, 22, 21, 37, 77, 43, 74, 8, 47, 33, 67, 71, 42, 1, 15, 45, 87, 81, 4];[1, 4, 68, 69, 70, 71, 8, 72, 74, 12, 15, 16, 81, 18, 82, 84, 85, 87, 28, 92, 94, 97, 47, 56, 57, 58]"
18623.330181,-21875.000000,"[0, 78, 57, 66, 52, 62, 26, 61, 94, 11, 70, 32, 20, 73, 2, 14, 28, 89, 51, 99, 96, 53, 5, 55, 24, 35, 54, 38, 31, 92, 68, 46, 49, 39, 72, 95, 19, 34, 7, 91, 59, 76, 40, 84, 25, 29, 6, 75, 90, 16, 88, 17, 36, 3, 10, 98, 65, 93, 63, 69, 41, 13, 86, 64, 23, 30, 48, 60, 50, 27, 83, 9, 12, 56, 58, 80, 97, 85, 79, 82, 18, 44, 22, 21, 37, 77, 43, 74, 8, 47, 33, 67, 71, 42, 1, 15, 45, 87, 81, 4];[1, 65, 66, 4, 68, 69, 70, 71, 8, 72, 74, 12, 13, 15, 16, 17, 18, 82, 84, 85, 28, 92, 94, 31, 97, 34, 35, 36, 49, 51, 56, 57, 58]"
15308.217722,-20942.000000,"[0, 78, 57, 66, 52, 62, 26, 61, 94, 11, 70, 32, 20, 73, 2, 14, 28, 89, 51, 99, 96, 53, 5, 55, 24, 35, 54, 38, 31, 92, 68, 46, 49, 39, 72, 95, 19, 34, 7, 91, 59, 76, 40, 84, 25, 29, 6, 75, 90, 16, 88, 17, 36, 3, 10, 98, 65, 93, 63, 69, 41, 13, 86, 64, 23, 30, 48, 60, 50, 27, 83, 9, 12, 56, 58, 80, 97, 85, 79, 82, 18, 44, 22, 21, 37, 77, 43, 74, 8, 47, 33, 67, 71, 42, 1, 15, 45, 87, 81, 4];[1, 65, 66, 4, 68, 69, 70, 6, 71, 8, 72, 9, 74, 12, 13, 15, 16, 17, 18, 82, 84, 87, 28, 92, 94, 97, 99, 36, 49, 56, 57, 58]"
8163.604463,-1414.000000,"[0, 78, 57, 66, 52, 62, 26, 61, 94, 11, 70, 32, 20, 73, 2, 14, 28, 89, 51, 99, 96, 53, 5, 55, 24, 35, 54, 38, 31, 92, 68, 46, 49, 39, 72, 95, 19, 34, 7, 91, 59, 76, 40, 84, 25, 29, 6, 75, 90, 16, 88, 17, 36, 3, 10, 98, 65, 93, 63, 69, 41, 13, 86, 64, 23, 30, 48, 60, 50, 27, 83, 9, 12, 56, 58, 80, 97, 85, 79, 82, 18, 44, 22, 21, 37, 77, 43, 74, 8, 47, 33, 67, 71, 42, 1, 15, 45, 87, 81, 4];[1, 4]"
10781.636496,-17934.000000,"[0, 78, 57, 66, 52, 62, 26, 61, 94, 11, 70, 32, 20, 73, 2, 14, 28, 89, 51, 99, 96, 53, 5, 55, 24, 35, 54, 38, 31, 92, 68, 46, 49, 39, 72, 95, 19, 34, 7, 91, 59, 76, 40, 84, 25, 29, 6, 75, 90, 16, 88, 17, 36, 3, 10, 98, 65, 93, 63, 69, 41, 13, 86, 64, 23, 30, 48, 60, 50, 27, 83, 9, 12, 56, 58, 80, 97, 85, 79, 82, 18, 44, 22, 21, 37, 77, 43, 74, 8, 47, 33, 67, 71, 42, 1, 15, 45, 87, 81, 4];[1, 4, 68, 69, 70, 71, 8, 72, 74, 12, 13, 15, 16, 81, 18, 82, 84, 85, 87, 28, 92, 97, 42, 47, 56, 57, 58]"
8186.722638,-2329.000000,"[0, 78, 57, 66, 52, 62, 26, 61, 94, 11, 70, 32, 20, 73, 2, 14, 28, 89, 51, 99, 96, 53, 5, 55, 24, 35, 54, 38, 31, 92, 68, 46, 49, 39, 72, 95, 19, 34, 7, 91, 59, 76, 40, 84, 25, 29, 6, 75, 90, 16, 88, 17, 36, 3, 10, 98, 65, 93, 63, 69, 41, 13, 86, 64, 23, 30, 48, 60, 50, 27, 83, 9, 12, 56, 58, 80, 97, 85, 79, 82, 18, 44, 22, 21, 37, 77, 43, 74, 8, 47, 33, 67, 71, 42, 1, 15, 45, 87, 81, 4];[1, 4, 8]"
8164.143761,-1809.000000,"[0, 78, 57, 66, 52, 62, 26, 61, 94, 11, 70, 32, 20, 73, 2, 14, 28, 89, 51, 99, 96, 53, 5, 55, 24, 35, 54, 38, 31, 92, 68, 46, 49, 39, 72, 95, 19, 34, 7, 91, 59, 76, 40, 84, 25, 29, 6, 75, 90, 16, 88, 17, 36, 3, 10, 98, 65, 93, 63, 69, 41, 13, 86, 64, 23, 30, 48, 60, 50, 27, 83, 9, 12, 56, 58, 80, 97, 85, 79, 82, 18, 44, 22, 21, 37, 77, 43, 74, 8, 47, 33, 67, 71, 42, 1, 15, 45, 87, 81, 4];[1, 4, 12]"
17440.848143,-21488.000000,"[0, 78, 11, 70, 32, 20, 73, 2, 14, 28, 89, 51, 99, 96, 53, 5, 55, 24, 35, 54, 38, 31, 92, 68, 46, 49, 39, 72, 95, 19, 34, 7, 91, 59, 76, 40, 84, 25, 29, 6, 75, 90, 16, 88, 17, 36, 3, 10, 98, 65, 93, 63, 69, 41, 13, 86, 64, 23, 30, 48, 60, 50, 27, 83, 9, 12, 56, 58, 80, 97, 85, 79, 82, 18, 44, 22, 21, 37, 77, 43, 74, 8, 47, 33, 67, 71, 42, 1, 15, 45, 87, 81, 4, 94, 61, 26, 62, 52, 66, 57];[1, 65, 66, 4, 68, 69, 70, 71, 8, 72, 74, 12, 13, 15, 16, 17, 82, 84, 85, 28, 92, 94, 31, 97, 34, 35, 36, 49, 51, 56, 57, 58]"
8413.914354,-6575.000000,"[0, 78, 57, 66, 52, 62, 26, 61, 94, 11, 70, 32, 20, 73, 2, 14, 28, 89, 51, 99, 96, 53, 5, 55, 24, 35, 54, 38, 31, 92, 68, 46, 49, 39, 72, 95, 19, 34, 7, 91, 59, 76, 40, 84, 25, 29, 6, 75, 90, 16, 88, 17, 36, 3, 10, 98, 65, 93, 63, 69, 41, 13, 86, 64, 23, 30, 48, 60, 50, 27, 83, 9, 12, 56, 58, 80, 97, 85, 79, 82, 18, 44, 22, 21, 37, 77, 43, 74, 8, 47, 33, 67, 71, 42, 1, 15, 45, 87, 81, 4];[16, 1, 82, 4, 70, 71, 8, 56, 12, 28, 15]"
11952.297384,-19277.000000,"[0, 78, 57, 66, 52, 62, 26, 61, 94, 11, 70, 32, 20, 73, 2, 14, 28, 89, 51, 99, 96, 53, 5, 55, 24, 35, 54, 38, 31, 92, 68, 46, 49, 39, 72, 95, 19, 34, 7, 91, 59, 76, 40, 84, 25, 29, 6, 75, 90, 16, 88, 17, 36, 3, 10, 98, 65, 93, 63, 69, 41, 13, 86, 64, 23, 30, 48, 60, 50, 27, 83, 9, 12, 56, 58, 80, 97, 85, 79, 82, 18, 44, 22, 21, 37, 77, 43, 74, 8, 47, 33, 67, 71, 42, 1, 15, 45, 87, 81, 4];[1, 65, 66, 4, 68, 69, 70, 71, 8, 72, 74, 12, 13, 15, 16, 81, 18, 82, 84, 85, 87, 28, 92, 95, 97, 49, 56, 57, 58]"
8247.108585,-4030.000000,"[0, 78, 57, 66, 52, 62, 26, 61, 94, 11, 70, 32, 20, 73, 2, 14, 28, 89, 51, 99, 96, 53, 5, 55, 24, 35, 54, 38, 31, 92, 68, 46, 49, 39, 72, 95, 19, 34, 7, 91, 59, 76, 40, 84, 25, 29, 6, 75, 90, 16, 88, 17, 36, 3, 10, 98, 65, 93, 63, 69, 41, 13, 86, 64, 23, 30, 48, 60, 50, 27, 83, 9, 12, 56, 58, 80, 97, 85, 79, 82, 18, 44, 22, 21, 37, 77, 43, 74, 8, 47, 33, 67, 71, 42, 1, 15, 45, 87, 81, 4];[16, 1, 4, 8, 56, 12, 15]"
8273.084373,-4592.000000,"[0, 78, 57, 66, 52, 62, 26, 61, 94, 11, 70, 32, 20, 73, 2, 14, 28, 89, 51, 99, 96, 53, 5, 55, 24, 35, 54, 38, 31, 92, 68, 46, 49, 39, 72, 95, 19, 34, 7, 91, 59, 76, 40, 84, 25, 29, 6, 75, 90, 16, 88, 17, 36, 3, 10, 98, 65, 93, 63, 69, 41, 13, 86, 64, 23, 30, 48, 60, 50, 27, 83, 9, 12, 56, 58, 80, 97, 85, 79, 82, 18, 44, 22, 21, 37, 77, 43, 74, 8, 47, 33, 67, 71, 42, 1, 15, 45, 87, 81, 4];[1, 82, 4, 70, 71, 8, 12]"
8301.769962,-5209.000000,"[0, 57, 66, 52, 62, 26, 61, 94, 11, 70, 32, 20, 73, 2, 14, 28, 89, 51, 99, 96, 53, 5, 55, 24, 35, 54, 38, 31, 92, 68, 46, 49, 39, 72, 95, 19, 34, 7, 91, 59, 76, 40, 84, 25, 29, 6, 75, 90, 16, 88, 17, 36, 3, 10, 98, 65, 93, 63, 69, 41, 13, 86, 64, 23, 30, 48, 60, 50, 27, 83, 9, 12, 56, 58, 80, 97, 85, 79, 82, 18, 44, 22, 21, 37, 77, 43, 74, 8, 47, 33, 67, 71, 42, 1, 15, 45, 87, 81, 4, 78];[16, 1, 4, 70, 71, 8, 56, 12, 78, 15]"
8235.706149,-3527.000000,"[0, 78, 57, 66, 52, 62, 26, 61, 94, 11, 70, 32, 20, 73, 2, 14, 28, 89, 51, 99, 96, 53, 5, 55, 24, 35, 54, 38, 31, 92, 68, 46, 49, 39, 72, 95, 19, 34, 7, 91, 59, 76, 40, 84, 25, 29, 6, 75, 90, 16, 88, 17, 36, 3, 10, 98, 65, 93, 63, 69, 41, 13, 86, 64, 23, 30, 48, 60, 50, 27, 83, 9, 12, 56, 58, 80, 97, 85, 79, 82, 18, 44, 22, 21, 37, 77, 43, 74, 8, 47, 33, 67, 71, 42, 1, 15, 45, 87, 81, 4];[16, 1, 4, 8, 12, 15]"
8724.403471,-9668.000000,"[0, 78, 57, 66, 52, 62, 26, 61, 94, 11, 70, 32, 20, 73, 2, 14, 28, 89, 51, 99, 96, 53, 5, 55, 24, 35, 54, 38, 31, 92, 68, 46, 49, 39, 72, 95, 19, 34, 7, 91, 59, 76, 40, 84, 25, 29, 6, 75, 90, 16, 88, 17, 36, 3, 10, 98, 65, 93, 63, 69, 41, 13, 86, 64, 23, 30, 48, 60, 50, 27, 83, 9, 12, 56, 58, 80, 97, 85, 79, 82, 18, 44, 22, 21, 37, 77, 43, 74, 8, 47, 33, 67, 71, 42, 1, 15, 45, 87, 81, 4];[1, 67, 4, 70, 71, 8, 15, 16, 81, 82, 84, 87, 56, 28, 92]"
8428.995750,-7245.000000,"[0, 78, 57, 66, 52, 62, 26, 61, 94, 11, 70, 32, 20, 73, 2, 14, 28, 89, 51, 99, 96, 53, 5, 55, 24, 35, 54, 38, 31, 92, 68, 46, 49, 39, 72, 95, 19, 34, 7, 91, 59, 76, 40, 84, 25, 29, 6, 75, 90, 16, 88, 17, 36, 3, 10, 98, 65, 93, 63, 69, 41, 13, 86, 64, 23, 30, 48, 60, 50, 27, 83, 9, 12, 56, 58, 80, 97, 85, 79, 82, 18, 44, 22, 21, 37, 77, 43, 74, 8, 47, 33, 67, 71, 42, 1, 15, 45, 87, 81, 4];[16, 1, 81, 82, 4, 84, 87, 8, 56, 12, 15]"
8931.478600,-11259.000000,"[0, 78, 57, 66, 52, 62, 26, 61, 94, 11, 70, 32, 20, 73, 2, 14, 28, 89, 51, 99, 96, 53, 5, 55, 24, 35, 54, 38, 31, 92, 68, 46, 49, 39, 72, 95, 19, 34, 7, 91, 59, 76, 40, 84, 25, 29, 6, 75, 90, 16, 88, 17, 36, 3, 10, 98, 65, 93, 63, 69, 41, 13, 86, 64, 23, 30, 48, 60, 50, 27, 83, 9, 12, 56, 58, 80, 97, 85, 79, 82, 18, 44, 22, 21, 37, 77, 43, 74, 8, 47, 33, 67, 71, 42, 1, 15, 45, 87, 81, 4];[1, 67, 4, 70, 71, 8, 12, 13, 15, 16, 81, 18, 82, 84, 87, 56, 28, 92]"
8156.556685,-395.000000,"[0, 57, 66, 52, 62, 26, 61, 94, 11, 70, 32, 20, 73, 2, 14, 28, 89, 51, 99, 96, 53, 5, 55, 24, 35, 54, 38, 31, 92, 68, 46, 49, 39, 72, 95, 19, 34, 7, 91, 59, 76, 40, 84, 25, 29, 6, 75, 90, 16, 88, 17, 36, 3, 10, 98, 65, 93, 63, 69, 41, 13, 86, 64, 23, 30, 48, 60, 50, 27, 83, 9, 12, 56, 58, 80, 97, 85, 79, 82, 18, 44, 22, 21, 37, 77, 43, 74, 8, 47, 33, 67, 71, 42, 1, 15, 45, 87, 81, 4, 78];[12]"
9953.162282,-16092.000000,"[0, 78, 57, 66, 52, 62, 26, 61, 94, 11, 70, 32, 20, 73, 2, 14, 28, 89, 51, 99, 96, 53, 5, 55, 24, 35, 54, 38, 31, 92, 68, 46, 49, 39, 72, 95, 19, 34, 7, 91, 59, 76, 40, 84, 25, 29, 6, 75, 90, 16, 88, 17, 36, 3, 10, 98, 65, 93, 63, 69, 41, 13, 86, 64, 23, 30, 48, 60, 50, 27, 83, 9, 12, 56, 58, 80, 97, 85, 79, 82, 18, 44, 22, 21, 37, 77, 43, 74, 8, 47, 33, 67, 71, 42, 1, 15, 45, 87, 81, 4];[1, 97, 4, 68, 69, 70, 71, 8, 72, 74, 12, 15, 47, 16, 81, 82, 84, 85, 87, 56, 57, 58, 28, 92]"
8618.079419,-8742.000000,"[0, 78, 57, 66, 52, 62, 26, 61, 94, 11, 70, 32, 20, 73, 2, 14, 28, 89, 51, 99, 96, 53, 5, 55, 24, 35, 54, 38, 31, 92, 68, 46, 49, 39, 72, 95, 19, 34, 7, 91, 59, 76, 40, 84, 25, 29, 6, 75, 90, 16, 88, 17, 36, 3, 10, 98, 65, 93, 63, 69, 41, 13, 86, 64, 23, 30, 48, 60, 50, 27, 83, 9, 12, 56, 58, 80, 97, 85, 79, 82, 18, 44, 22, 21, 37, 77, 43, 74, 8, 47, 33, 67, 71, 42, 1, 15, 45, 87, 81, 4];[1, 4, 70, 71, 8, 12, 15, 16, 82, 84, 87, 56, 28, 92]"
8372.812833,-6442.000000,"[0, 78, 57, 66, 52, 62, 26, 61, 94, 11, 70, 32, 20, 73, 2, 14, 28, 89, 51, 99, 96, 53, 5, 55, 24, 35, 54, 38, 31, 92, 68, 46, 49, 39, 72, 95, 19, 34, 7, 91, 59, 76, 40, 84, 25, 29, 6, 75, 90, 16, 88, 17, 36, 3, 10, 98, 65, 93, 63, 69, 41, 13, 86, 64, 23, 30, 48, 60, 50, 27, 83, 9, 12, 56, 58, 80, 97, 85, 79, 82, 18, 44, 22, 21, 37, 77, 43, 74, 8, 47, 33, 67, 71, 42, 1, 15, 45, 87, 81, 4];[1, 81, 82, 4, 84, 87, 8, 56, 12]"
12367.771000,-19595.000000,"[0, 78, 57, 66, 52, 62, 26, 61, 94, 11, 70, 32, 20, 73, 2, 14, 28, 89, 51, 99, 96, 53, 5, 55, 24, 35, 54, 38, 31, 92, 68, 46, 49, 39, 72, 95, 19, 34, 7, 91, 59, 76, 40, 84, 25, 29, 6, 75, 90, 16, 88, 17, 36, 3, 10, 98, 65, 93, 63, 69, 41, 13, 86, 64, 23, 30, 48, 60, 50, 27, 83, 9, 12, 56, 58, 80, 97, 85, 79, 82, 18, 44, 22, 21, 37, 77, 43, 74, 8, 47, 33, 67, 71, 42, 1, 15, 45, 87, 81, 4];[1, 65, 66, 4, 68, 69, 70, 71, 8, 72, 74, 12, 13, 15, 16, 17, 81, 18, 82, 84, 87, 28, 92, 95, 97, 49, 56, 57, 58]"
10975.011136,-17952.000000,"[0, 78, 57, 66, 52, 62, 26, 61, 94, 11, 70, 32, 20, 73, 2, 14, 28, 89, 51, 99, 96, 53, 5, 55, 24, 35, 54, 38, 31, 92, 68, 46, 49, 39, 72, 95, 19, 34, 7, 91, 59, 76, 40, 84, 25, 29, 6, 75, 90, 16, 88, 17, 36, 3, 10, 98, 65, 93, 63, 69, 41, 13, 86, 64, 23, 30, 48, 60, 50, 27, 83, 9, 12, 56, 58, 80, 97, 85, 79, 82, 18, 44, 22, 21, 37, 77, 43, 74, 8, 47, 33, 67, 71, 42, 1, 15, 45, 87, 81, 4];[1, 65, 66, 4, 68, 69, 70, 71, 8, 72, 74, 12, 13, 15, 16, 81, 82, 84, 85, 87, 28, 92, 97, 56, 57, 58]"
9644.635385,-14792.000000,"[0, 78, 57, 66, 52, 62, 26, 61, 94, 11, 70, 32, 20, 73, 2, 14, 28, 89, 51, 99, 96, 53, 5, 55, 24, 35, 54, 38, 31, 92, 68, 46, 49, 39, 72, 95, 19, 34, 7, 91, 59, 76, 40, 84, 25, 29, 6, 75, 90, 16, 88, 17, 36, 3, 10, 98, 65, 93, 63, 69, 41, 13, 86, 64, 23, 30, 48, 60, 50, 27, 83, 9, 12, 56, 58, 80, 97, 85, 79, 82, 18, 44, 22, 21, 37, 77, 43, 74, 8, 47, 33, 67, 71, 42, 1, 15, 45, 87, 81, 4];[1, 4, 68, 69, 70, 71, 8, 72, 74, 12, 13, 15, 47, 16, 82, 84, 87, 56, 57, 58, 28, 92]"
14791.871074,-20804.000000,"[0, 78, 57, 66, 52, 62, 26, 61, 94, 11, 70, 32, 20, 73, 2, 14, 28, 89, 51, 99, 96, 53, 5, 55, 24, 35, 54, 38, 31, 92, 68, 46, 49, 39, 72, 95, 19, 34, 7, 91, 59, 76, 40, 84, 25, 29, 6, 75, 90, 16, 88, 17, 36, 3, 10, 98, 65, 93, 63, 69, 41, 13, 86, 64, 23, 30, 48, 60, 50, 27, 83, 9, 12, 56, 58, 80, 97, 85, 79, 82, 18, 44, 22, 21, 37, 77, 43, 74, 8, 47, 33, 67, 71, 42, 1, 15, 45, 87, 81, 4];[1, 65, 66, 4, 68, 69, 70, 71, 8, 72, 74, 12, 13, 15, 16, 17, 18, 82, 84, 21, 87, 28, 92, 94, 31, 97, 99, 42, 49, 56, 57, 58]"
15516.188278,-20966.000000,"[0, 78, 57, 66, 52, 62, 26, 61, 94, 11, 70, 32, 20, 73, 2, 14, 28, 89, 51, 99, 96, 53, 5, 55, 24, 35, 54, 38, 31, 92, 68, 46, 49, 39, 72, 95, 19, 34, 7, 91, 59, 76, 40, 84, 25, 29, 6, 75, 90, 16, 88, 17, 36, 3, 10, 98, 65, 93, 63, 69, 41, 13, 86, 64, 23, 30, 48, 60, 50, 27, 83, 9, 12, 56, 58, 80, 97, 85, 79, 82, 18, 44, 22, 21, 37, 77, 43, 74, 8, 47, 33, 67, 71, 42, 1, 15, 45, 87, 81, 4];[1, 65, 66, 4, 68, 69, 70, 71, 8, 72, 74, 12, 13, 15, 16, 17, 82, 84, 87, 28, 92, 31, 97, 34, 35, 36, 49, 56, 57, 58]"
8323.630566,-5395.000000,"[0, 78, 57, 66, 52, 62, 26, 61, 94, 11, 70, 32, 20, 73, 2, 14, 28, 89, 51, 99, 96, 53, 5, 55, 24, 35, 54, 38, 31, 92, 68, 46, 49, 39, 72, 95, 19, 34, 7, 91, 59, 76, 40, 84, 25, 29, 6, 75, 90, 16, 88, 17, 36, 3, 10, 98, 65, 93, 63, 69, 41, 13, 86, 64, 23, 30, 48, 60, 50, 27, 83, 9, 12, 56, 58, 80, 97, 85, 79, 82, 18, 44, 22, 21, 37, 77, 43, 74, 8, 47, 33, 67, 71, 42, 1, 15, 45, 87, 81, 4];[16, 1, 82, 4, 70, 71, 8, 12, 15]"
10617.966588,-17565.000000,"[0, 78, 57, 66, 52, 62, 26, 61, 94, 11, 70, 32, 20, 73, 2, 14, 28, 89, 51, 99, 96, 53, 5, 55, 24, 35, 54, 38, 31, 92, 68, 46, 49, 39, 72, 95, 19, 34, 7, 91, 59, 76, 40, 84, 25, 29, 6, 75, 90, 16, 88, 17, 36, 3, 10, 98, 65, 93, 63, 69, 41, 13, 86, 64, 23, 30, 48, 60, 50, 27, 83, 9, 12, 56, 58, 80, 97, 85, 79, 82, 18, 44, 22, 21, 37, 77, 43, 74, 8, 47, 33, 67, 71, 42, 1, 15, 45, 87, 81, 4];[1, 4, 68, 69, 70, 71, 8, 72, 74, 12, 13, 15, 16, 81, 18, 82, 84, 85, 87, 28, 92, 97, 99, 47, 56, 57, 58]"
9235.267991,-12917.000000,"[0, 78, 57, 66, 52, 62, 26, 61, 94, 11, 70, 32, 20, 73, 2, 14, 28, 89, 51, 99, 96, 53, 5, 55, 24, 35, 54, 38, 31, 92, 68, 46, 49, 39, 72, 95, 19, 34, 7, 91, 59, 76, 40, 84, 25, 29, 6, 75, 90, 16, 88, 17, 36, 3, 10, 98, 65, 93, 63, 69, 41, 13, 86, 64, 23, 30, 48, 60, 50, 27, 83, 9, 12, 56, 58, 80, 97, 85, 79, 82, 18, 44, 22, 21, 37, 77, 43, 74, 8, 47, 33, 67, 71, 42, 1, 15, 45, 87, 81, 4];[1, 67, 4, 70, 71, 8, 72, 74, 12, 13, 15, 16, 81, 18, 82, 84, 85, 87, 56, 28, 92]"
10181.457503,-16677.000000,"[0, 78, 57, 66, 52, 62, 26, 61, 94, 11, 70, 32, 20, 73, 2, 14, 28, 89, 51, 99, 96, 53, 5, 55, 24, 35, 54, 38, 31, 92, 68, 46, 49, 39, 72, 95, 19, 34, 7, 91, 59, 76, 40, 84, 25, 29, 6, 75, 90, 16, 88, 17, 36, 3, 10, 98, 65, 93, 63, 69, 41, 13, 86, 64, 23, 30, 48, 60, 50, 27, 83, 9, 12, 56, 58, 80, 97, 85, 79, 82, 18, 44, 22, 21, 37, 77, 43, 74, 8, 47, 33, 67, 71, 42, 1, 15, 45, 87, 81, 4];[1, 4, 68, 69, 70, 71, 8, 72, 74, 12, 13, 15, 16, 81, 18, 82, 84, 85, 87, 28, 92, 99, 47, 56, 57, 58]"
9823.426658,-15955.000000,"[0, 78, 57, 66, 52, 62, 26, 61, 94, 11, 70, 32, 20, 73, 2, 14, 28, 89, 51, 99, 96, 53, 5, 55, 24, 35, 54, 38, 31, 92, 68, 46, 49, 39, 72, 95, 19, 34, 7, 91, 59, 76, 40, 84, 25, 29, 6, 75, 90, 16, 88, 17, 36, 3, 10, 98, 65, 93, 63, 69, 41, 13, 86, 64, 23, 30, 48, 60, 50, 27, 83, 9, 12, 56, 58, 80, 97, 85, 79, 82, 18, 44, 22, 21, 37, 77, 43, 74, 8, 47, 33, 67, 71, 42, 1, 15, 45, 87, 81, 4];[1, 4, 68, 69, 70, 71, 8, 72, 74, 12, 13, 15, 47, 16, 81, 18, 82, 84, 87, 56, 57, 58, 28, 92]"
9343.217896,-13606.000000,"[0, 78, 57, 66, 52, 62, 26, 61, 94, 11, 70, 32, 20, 73, 2, 14, 28, 89, 51, 99, 96, 53, 5, 55, 24, 35, 54, 38, 31, 92, 68, 46, 49, 39, 72, 95, 19, 34, 7, 91, 59, 76, 40, 84, 25, 29, 6, 75, 90, 16, 88, 17, 36, 3, 10, 98, 65, 93, 63, 69, 41, 13, 86, 64, 23, 30, 48, 60, 50, 27, 83, 9, 12, 56, 58, 80, 97, 85, 79, 82, 18, 44, 22, 21, 37, 77, 43, 74, 8, 47, 33, 67, 71, 42, 1, 15, 45, 87, 81, 4];[1, 97, 4, 68, 69, 70, 71, 8, 12, 15, 16, 81, 82, 84, 87, 56, 57, 58, 28, 92]"
8982.227190,-11721.000000,"[0, 78, 57, 66, 52, 62, 26, 61, 94, 11, 70, 32, 20, 73, 2, 14, 28, 89, 51, 99, 96, 53, 5, 55, 24, 35, 54, 38, 31, 92, 68, 46, 49, 39, 72, 95, 19, 34, 7, 91, 59, 76, 40, 84, 25, 29, 6, 75, 90, 16, 88, 17, 36, 3, 10, 98, 65, 93, 63, 69, 41, 13, 86, 64, 23, 30, 48, 60, 50, 27, 83, 9, 12, 56, 58, 80, 97, 85, 79, 82, 18, 44, 22, 21, 37, 77, 43, 74, 8, 47, 33, 67, 71, 42, 1, 15, 45, 87, 81, 4];[1, 67, 4, 70, 71, 8, 72, 74, 12, 15, 16, 81, 82, 84, 85, 87, 56, 28, 92]"
10412.499230,-17311.000000,"[0, 78, 57, 66, 52, 62, 26, 61, 94, 11, 70, 32, 20, 73, 2, 14, 28, 89, 51, 99, 96, 53, 5, 55, 24, 35, 54, 38, 31, 92, 68, 46, 49, 39, 72, 95, 19, 34, 7, 91, 59, 76, 40, 84, 25, 29, 6, 75, 90, 16, 88, 17, 36, 3, 10, 98, 65, 93, 63, 69, 41, 13, 86, 64, 23, 30, 48, 60, 50, 27, 83, 9, 12, 56, 58, 80, 97, 85, 79, 82, 18, 44, 22, 21, 37, 77, 43, 74, 8, 47, 33, 67, 71, 42, 1, 15, 45, 87, 81, 4];[1, 4, 68, 69, 70, 71, 8, 72, 74, 12, 13, 15, 16, 81, 18, 82, 84, 85, 21, 87, 28, 92, 97, 47, 56, 57, 58]"
10388.634379,-17288.000000,"[0, 78, 57, 66, 52, 62, 26, 61, 94, 11, 70, 32, 20, 73, 2, 14, 28, 89, 51, 99, 96, 53, 5, 55, 24, 35, 54, 38, 31, 92, 68, 46, 49, 39, 72, 95, 19, 34, 7, 91, 59, 76, 40, 84, 25, 29, 6, 75, 90, 16, 88, 17, 36, 3, 10, 98, 65, 93, 63, 69, 41, 13, 86, 64, 23, 30, 48, 60, 50, 27, 83, 9, 12, 56, 58, 80, 97, 85, 79, 82, 18, 44, 22, 21, 37, 77, 43, 74, 8, 47, 33, 67, 71, 42, 1, 15, 45, 87, 81, 4];[1, 4, 68, 69, 70, 71, 8, 72, 74, 12, 13, 15, 16, 81, 18, 82, 84, 85, 87, 28, 92, 97, 47, 56, 57, 58]"
11633.675560,-18832.000000,"[0, 78, 57, 66, 52, 62, 26, 61, 94, 11, 70, 32, 20, 73, 2, 14, 28, 89, 51, 99, 96, 53, 5, 55, 24, 35, 54, 38, 31, 92, 68, 46, 49, 39, 72, 95, 19, 34, 7, 91, 59, 76, 40, 84, 25, 29, 6, 75, 90, 16, 88, 17, 36, 3, 10, 98, 65, 93, 63, 69, 41, 13, 86, 64, 23, 30, 48, 60, 50, 27, 83, 9, 12, 56, 58, 80, 97, 85, 79, 82, 18, 44, 22, 21, 37, 77, 43, 74, 8, 47, 33, 67, 71, 42, 1, 15, 45, 87, 81, 4];[1, 65, 66, 4, 68, 69, 70, 71, 8, 72, 74, 12, 13, 15, 16, 81, 18, 82, 84, 87, 28, 92, 95, 97, 49, 56, 57, 58]"
9689.097283,-15264.000000,"[0, 78, 57, 66, 52, 62, 26, 61, 94, 11, 70, 32, 20, 73, 2, 14, 28, 89, 51, 99, 96, 53, 5, 55, 24, 35, 54, 38, 31, 92, 68, 46, 49, 39, 72, 95, 19, 34, 7, 91, 59, 76, 40, 84, 25, 29, 6, 75, 90, 16, 88, 17, 36, 3, 10, 98, 65, 93, 63, 69, 41, 13, 86, 64, 23, 30, 48, 60, 50, 27, 83, 9, 12, 56, 58, 80, 97, 85, 79, 82, 18, 44, 22, 21, 37, 77, 43, 74, 8, 47, 33, 67, 71, 42, 1, 15, 45, 87, 81, 4];[1, 97, 4, 68, 69, 70, 71, 8, 72, 74, 12, 15, 16, 81, 82, 84, 85, 87, 56, 57, 58, 28, 92]"
12143.899523,-19380.000000,"[0, 78, 57, 66, 52, 62, 26, 61, 94, 11, 70, 32, 20, 73, 2, 14, 28, 89, 51, 99, 96, 53, 5, 55, 24, 35, 54, 38, 31, 92, 68, 46, 49, 39, 72, 95, 19, 34, 7, 91, 59, 76, 40, 84, 25, 29, 6, 75, 90, 16, 88, 17, 36, 3, 10, 98, 65, 93, 63, 69, 41, 13, 86, 64, 23, 30, 48, 60, 50, 27, 83, 9, 12, 56, 58, 80, 97, 85, 79, 82, 18, 44, 22, 21, 37, 77, 43, 74, 8, 47, 33, 67, 71, 42, 1, 15, 45, 87, 81, 4];[1, 65, 66, 4, 68, 69, 70, 71, 8, 72, 74, 12, 13, 15, 16, 81, 18, 82, 84, 87, 28, 92, 94, 97, 99, 49, 56, 57, 58]"
11781.957309,-19167.000000,"[0, 78, 57, 66, 52, 62, 26, 61, 94, 11, 70, 32, 20, 73, 2, 14, 28, 89, 51, 99, 96, 53, 5, 55, 24, 35, 54, 38, 31, 92, 68, 46, 49, 39, 72, 95, 19, 34, 7, 91, 59, 76, 40, 84, 25, 29, 6, 75, 90, 16, 88, 17, 36, 3, 10, 98, 65, 93, 63, 69, 41, 13, 86, 64, 23, 30, 48, 60, 50, 27, 83, 9, 12, 56, 58, 80, 97, 85, 79, 82, 18, 44, 22, 21, 37, 77, 43, 74, 8, 47, 33, 67, 71, 42, 1, 15, 45, 87, 81, 4];[1, 65, 66, 4, 68, 69, 70, 71, 8, 72, 74, 12, 13, 15, 16, 81, 18, 82, 84, 85, 87, 28, 92, 97, 47, 56, 57, 58]"
10628.258026,-17651.000000,"[0, 78, 57, 66, 52, 62, 26, 61, 94, 11, 70, 32, 20, 73, 2, 14, 28, 89, 51, 99, 96, 53, 5, 55, 24, 35, 54, 38, 31, 92, 68, 46, 49, 39, 72, 95, 19, 34, 7, 91, 59, 76, 40, 84, 25, 29, 6, 75, 90, 16, 88, 17, 36, 3, 10, 98, 65, 93, 63, 69, 41, 13, 86, 64, 23, 30, 48, 60, 50, 27, 83, 9, 12, 56, 58, 80, 97, 85, 79, 82, 18, 44, 22, 21, 37, 77, 43, 74, 8, 47, 33, 67, 71, 42, 1, 15, 45, 87, 81, 4];[1, 4, 68, 69, 70, 71, 8, 72, 74, 12, 13, 15, 16, 81, 18, 82, 84, 21, 85, 87, 28, 92, 94, 97, 47, 56, 57, 58]"
10056.773749,-16355.000000,"[0, 78, 57, 66, 52, 62, 26, 61, 94, 11, 70, 32, 20, 73, 2, 14, 28, 89, 51, 99, 96, 53, 5, 55, 24, 35, 54, 38, 31, 92, 68, 46, 49, 39, 72, 95, 19, 34, 7, 91, 59, 76, 40, 84, 25, 29, 6, 75, 90, 16, 88, 17, 36, 3, 10, 98, 65, 93, 63, 69, 41, 13, 86, 64, 23, 30, 48, 60, 50, 27, 83, 9, 12, 56, 58, 80, 97, 85, 79, 82, 18, 44, 22, 21, 37, 77, 43, 74, 8, 47, 33, 67, 71, 42, 1, 15, 45, 87, 81, 4];[1, 4, 68, 69, 70, 71, 8, 72, 74, 12, 13, 15, 16, 81, 18, 82, 84, 87, 28, 92, 94, 97, 56, 57, 58]"
8198.336941,-3227.000000,"[0, 78, 57, 66, 52, 62, 26, 61, 94, 11, 70, 32, 20, 73, 2, 14, 28, 89, 51, 99, 96, 53, 5, 55, 24, 35, 54, 38, 31, 92, 68, 46, 49, 39, 72, 95, 19, 34, 7, 91, 59, 76, 40, 84, 25, 29, 6, 75, 90, 16, 88, 17, 36, 3, 10, 98, 65, 93, 63, 69, 41, 13, 86, 64, 23, 30, 48, 60, 50, 27, 83, 9, 12, 56, 58, 80, 97, 85, 79, 82, 18, 44, 22, 21, 37, 77, 43, 74, 8, 47, 33, 67, 71, 42, 1, 15, 45, 87, 81, 4];[1, 4, 8, 56, 12]"
12170.328479,-19548.000000,"[0, 78, 57, 66, 52, 62, 26, 61, 94, 11, 70, 32, 20, 73, 2, 14, 28, 89, 51, 99, 96, 53, 5, 55, 24, 35, 54, 38, 31, 92, 68, 46, 49, 39, 72, 95, 19, 34, 7, 91, 59, 76, 40, 84, 25, 29, 6, 75, 90, 16, 88, 17, 36, 3, 10, 98, 65, 93, 63, 69, 41, 13, 86, 64, 23, 30, 48, 60, 50, 27, 83, 9, 12, 56, 58, 80, 97, 85, 79, 82, 18, 44, 22, 21, 37, 77, 43, 74, 8, 47, 33, 67, 71, 42, 1, 15, 45, 87, 81, 4];[1, 65, 66, 4, 68, 69, 70, 71, 8, 72, 74, 12, 13, 15, 16, 81, 18, 82, 84, 85, 87, 28, 92, 94, 97, 49, 56, 57, 58]"
11061.844154,-18211.000000,"[0, 78, 57, 66, 52, 62, 26, 61, 94, 11, 70, 32, 20, 73, 2, 14, 28, 89, 51, 99, 96, 53, 5, 55, 24, 35, 54, 38, 31, 92, 68, 46, 49, 39, 72, 95, 19, 34, 7, 91, 59, 76, 40, 84, 25, 29, 6, 75, 90, 16, 88, 17, 36, 3, 10, 98, 65, 93, 63, 69, 41, 13, 86, 64, 23, 30, 48, 60, 50, 27, 83, 9, 12, 56, 58, 80, 97, 85, 79, 82, 18, 44, 22, 21, 37, 77, 43, 74, 8, 47, 33, 67, 71, 42, 1, 15, 45, 87, 81, 4];[1, 4, 68, 69, 70, 71, 8, 72, 74, 12, 13, 15, 16, 81, 18, 82, 84, 85, 87, 28, 92, 97, 99, 42, 47, 56, 57, 58]"
8187.274417,-2724.000000,"[0, 78, 57, 66, 52, 62, 26, 61, 94, 11, 70, 32, 20, 73, 2, 14, 28, 89, 51, 99, 96, 53, 5, 55, 24, 35, 54, 38, 31, 92, 68, 46, 49, 39, 72, 95, 19, 34, 7, 91, 59, 76, 40, 84, 25, 29, 6, 75, 90, 16, 88, 17, 36, 3, 10, 98, 65, 93, 63, 69, 41, 13, 86, 64, 23, 30, 48, 60, 50, 27, 83, 9, 12, 56, 58, 80, 97, 85, 79, 82, 18, 44, 22, 21, 37, 77, 43, 74, 8, 47, 33, 67, 71, 42, 1, 15, 45, 87, 81, 4];[1, 4, 8, 12]"
9632.845603,-14488.000000,"[0, 78, 57, 66, 52, 62, 26, 61, 94, 11, 70, 32, 20, 73, 2, 14, 28, 89, 51, 99, 96, 53, 5, 55, 24, 35, 54, 38, 31, 92, 68, 46, 49, 39, 72, 95, 19, 34, 7, 91, 59, 76, 40, 84, 25, 29, 6, 75, 90, 16, 88, 17, 36, 3, 10, 98, 65, 93, 63, 69, 41, 13, 86, 64, 23, 30, 48, 60, 50, 27, 83, 9, 12, 56, 58, 80, 97, 85, 79, 82, 18, 44, 22, 21, 37, 77, 43, 74, 8, 47, 33, 67, 71, 42, 1, 15, 45, 87, 81, 4];[1, 97, 4, 68, 69, 70, 71, 8, 72, 74, 12, 15, 16, 82, 84, 85, 87, 56, 57, 58, 28, 92]"
11705.904462,-19062.000000,"[0, 78, 57, 66, 52, 62, 26, 61, 94, 11, 70, 32, 20, 73, 2, 14, 28, 89, 51, 99, 96, 53, 5, 55, 24, 35, 54, 38, 31, 92, 68, 46, 49, 39, 72, 95, 19, 34, 7, 91, 59, 76, 40, 84, 25, 29, 6, 75, 90, 16, 88, 17, 36, 3, 10, 98, 65, 93, 63, 69, 41, 13, 86, 64, 23, 30, 48, 60, 50, 27, 83, 9, 12, 56, 58, 80, 97, 85, 79, 82, 18, 44, 22, 21, 37, 77, 43, 74, 8, 47, 33, 67, 71, 42, 1, 15, 45, 87, 81, 4];[1, 65, 66, 4, 68, 69, 70, 71, 8, 72, 74, 12, 13, 15, 16, 81, 18, 82, 84, 87, 28, 92, 94, 97, 47, 56, 57, 58]"
8249.031041,-4406.000000,"[0, 57, 66, 52, 62, 26, 61, 94, 11, 70, 32, 20, 73, 2, 14, 28, 89, 51, 99, 96, 53, 5, 55, 24, 35, 54, 38, 31, 92, 68, 46, 49, 39, 72, 95, 19, 34, 7, 91, 59, 76, 40, 84, 25, 29, 6, 75, 90, 16, 88, 17, 36, 3, 10, 98, 65, 93, 63, 69, 41, 13, 86, 64, 23, 30, 48, 60, 50, 27, 83, 9, 12, 56, 58, 80, 97, 85, 79, 82, 18, 44, 22, 21, 37, 77, 43, 74, 8, 47, 33, 67, 71, 42, 1, 15, 45, 87, 81, 4, 78];[1, 4, 70, 71, 8, 56, 12, 78]"
9791.451819,-15647.000000,"[0, 78, 57, 66, 52, 62, 26, 61, 94, 11, 70, 32, 20, 73, 2, 14, 28, 89, 51, 99, 96, 53, 5, 55, 24, 35, 54, 38, 31, 92, 68, 46, 49, 39, 72, 95, 19, 34, 7, 91, 59, 76, 40, 84, 25, 29, 6, 75, 90, 16, 88, 17, 36, 3, 10, 98, 65, 93, 63, 69, 41, 13, 86, 64, 23, 30, 48, 60, 50, 27, 83, 9, 12, 56, 58, 80, 97, 85, 79, 82, 18, 44, 22, 21, 37, 77, 43, 74, 8, 47, 33, 67, 71, 42, 1, 15, 45, 87, 81, 4];[1, 97, 4, 68, 69, 70, 71, 8, 72, 74, 12, 15, 47, 16, 81, 82, 84, 87, 56, 57, 58, 28, 92]"
9542.259937,-14351.000000,"[0, 78, 57, 66, 52, 62, 26, 61, 94, 11, 70, 32, 20, 73, 2, 14, 28, 89, 51, 99, 96, 53, 5, 55, 24, 35, 54, 38, 31, 92, 68, 46, 49, 39, 72, 95, 19, 34, 7, 91, 59, 76, 40, 84, 25, 29, 6, 75, 90, 16, 88, 17, 36, 3, 10, 98, 65, 93, 63, 69, 41, 13, 86, 64, 23, 30, 48, 60, 50, 27, 83, 9, 12, 56, 58, 80, 97, 85, 79, 82, 18, 44, 22, 21, 37, 77, 43, 74, 8, 47, 33, 67, 71, 42, 1, 15, 45, 87, 81, 4];[1, 4, 68, 69, 70, 71, 8, 72, 74, 12, 13, 15, 16, 18, 82, 84, 87, 56, 57, 58, 28, 92]"
17531.060516,-21499.000000,"[0, 78, 57, 66, 52, 62, 26, 61, 94, 11, 70, 32, 20, 73, 2, 14, 28, 89, 51, 99, 96, 53, 5, 55, 24, 35, 54, 38, 31, 92, 68, 46, 49, 39, 72, 95, 19, 34, 7, 91, 59, 76, 40, 84, 25, 29, 6, 75, 90, 16, 88, 17, 36, 3, 10, 98, 65, 93, 63, 69, 41, 13, 86, 64, 23, 30, 48, 60, 50, 27, 83, 9, 12, 56, 58, 80, 97, 85, 79, 82, 18, 44, 22, 21, 37, 77, 43, 74, 8, 47, 33, 67, 71, 42, 1, 15, 45, 87, 81, 4];[1, 65, 66, 4, 68, 69, 70, 71, 8, 72, 74, 12, 13, 15, 16, 17, 18, 82, 84, 28, 92, 94, 31, 95, 97, 34, 35, 36, 49, 51, 56, 57, 58]"
8861.671388,-10872.000000,"[0, 78, 57, 66, 52, 62, 26, 61, 94, 11, 70, 32, 20, 73, 2, 14, 28, 89, 51, 99, 96, 53, 5, 55, 24, 35, 54, 38, 31, 92, 68, 46, 49, 39, 72, 95, 19, 34, 7, 91, 59, 76, 40, 84, 25, 29, 6, 75, 90, 16, 88, 17, 36, 3, 10, 98, 65, 93, 63, 69, 41, 13, 86, 64, 23, 30, 48, 60, 50, 27, 83, 9, 12, 56, 58, 80, 97, 85, 79, 82, 18, 44, 22, 21, 37, 77, 43, 74, 8, 47, 33, 67, 71, 42, 1, 15, 45, 87, 81, 4];[1, 67, 4, 70, 71, 8, 12, 13, 15, 16, 81, 82, 84, 87, 56, 28, 92]"
8725.170220,-10063.000000,"[0, 78, 57, 66, 52, 62, 26, 61, 94, 11, 70, 32, 20, 73, 2, 14, 28, 89, 51, 99, 96, 53, 5, 55, 24, 35, 54, 38, 31, 92, 68, 46, 49, 39, 72, 95, 19, 34, 7, 91, 59, 76, 40, 84, 25, 29, 6, 75, 90, 16, 88, 17, 36, 3, 10, 98, 65, 93, 63, 69, 41, 13, 86, 64, 23, 30, 48, 60, 50, 27, 83, 9, 12, 56, 58, 80, 97, 85, 79, 82, 18, 44, 22, 21, 37, 77, 43, 74, 8, 47, 33, 67, 71, 42, 1, 15, 45, 87, 81, 4];[1, 67, 4, 70, 71, 8, 12, 15, 16, 81, 82, 84, 87, 56, 28, 92]"
14101.712770,-20504.000000,"[0, 78, 57, 66, 52, 62, 26, 61, 94, 11, 70, 32, 20, 73, 2, 14, 28, 89, 51, 99, 96, 53, 5, 55, 24, 35, 54, 38, 31, 92, 68, 46, 49, 39, 72, 95, 19, 34, 7, 91, 59, 76, 40, 84, 25, 29, 6, 75, 90, 16, 88, 17, 36, 3, 10, 98, 65, 93, 63, 69, 41, 13, 86, 64, 23, 30, 48, 60, 50, 27, 83, 9, 12, 56, 58, 80, 97, 85, 79, 82, 18, 44, 22, 21, 37, 77, 43, 74, 8, 47, 33, 67, 71, 42, 1, 15, 45, 87, 81, 4];[1, 65, 66, 4, 68, 69, 70, 71, 8, 72, 74, 12, 13, 15, 16, 17, 18, 82, 84, 87, 28, 92, 94, 31, 97, 42, 49, 56, 57, 58]"
11482.142455,-18780.000000,"[0, 78, 57, 66, 52, 62, 26, 61, 94, 11, 70, 32, 20, 73, 2, 14, 28, 89, 51, 99, 96, 53, 5, 55, 24, 35, 54, 38, 31, 92, 68, 46, 49, 39, 72, 95, 19, 34, 7, 91, 59, 76, 40, 84, 25, 29, 6, 75, 90, 16, 88, 17, 36, 3, 10, 98, 65, 93, 63, 69, 41, 13, 86, 64, 23, 30, 48, 60, 50, 27, 83, 9, 12, 56, 58, 80, 97, 85, 79, 82, 18, 44, 22, 21, 37, 77, 43, 74, 8, 47, 33, 67, 71, 42, 1, 15, 45, 87, 81, 4];[1, 65, 66, 4, 68, 69, 70, 71, 8, 72, 74, 12, 13, 15, 16, 81, 82, 84, 85, 87, 28, 92, 97, 47, 56, 57, 58]"
9376.489593,-13914.000000,"[0, 78, 57, 66, 52, 62, 26, 61, 94, 11, 70, 32, 20, 73, 2, 14, 28, 89, 51, 99, 96, 53, 5, 55, 24, 35, 54, 38, 31, 92, 68, 46, 49, 39, 72, 95, 19, 34, 7, 91, 59, 76, 40, 84, 25, 29, 6, 75, 90, 16, 88, 17, 36, 3, 10, 98, 65, 93, 63, 69, 41, 13, 86, 64, 23, 30, 48, 60, 50, 27, 83, 9, 12, 56, 58, 80, 97, 85, 79, 82, 18, 44, 22, 21, 37, 77, 43, 74, 8, 47, 33, 67, 71, 42, 1, 15, 45, 87, 81, 4];[1, 4, 68, 69, 70, 71, 8, 12, 13, 15, 16, 81, 18, 82, 84, 87, 56, 57, 58, 28, 92]"
10150.074044,-16369.000000,"[0, 78, 57, 66, 52, 62, 26, 61, 94, 11, 70, 32, 20, 73, 2, 14, 28, 89, 51, 99, 96, 53, 5, 55, 24, 35, 54, 38, 31, 92, 68, 46, 49, 39, 72, 95, 19, 34, 7, 91, 59, 76, 40, 84, 25, 29, 6, 75, 90, 16, 88, 17, 36, 3, 10, 98, 65, 93, 63, 69, 41, 13, 86, 64, 23, 30, 48, 60, 50, 27, 83, 9, 12, 56, 58, 80, 97, 85, 79, 82, 18, 44, 22, 21, 37, 77, 43, 74, 8, 47, 33, 67, 71, 42, 1, 15, 45, 87, 81, 4];[1, 4, 68, 69, 70, 71, 8, 72, 74, 12, 15, 16, 81, 82, 84, 85, 87, 28, 92, 97, 99, 47, 56, 57, 58]"
9654.561559,-15218.000000,"[0, 78, 57, 66, 52, 62, 26, 61, 94, 11, 70, 32, 20, 73, 2, 14, 28, 89, 51, 99, 96, 53, 5, 55, 24, 35, 54, 38, 31, 92, 68, 46, 49, 39, 72, 95, 19, 34, 7, 91, 59, 76, 40, 84, 25, 29, 6, 75, 90, 16, 88, 17, 36, 3, 10, 98, 65, 93, 63, 69, 41, 13, 86, 64, 23, 30, 48, 60, 50, 27, 83, 9, 12, 56, 58, 80, 97, 85, 79, 82, 18, 44, 22, 21, 37, 77, 43, 74, 8, 47, 33, 67, 71, 42, 1, 15, 45, 87, 81, 4];[1, 97, 4, 68, 69, 70, 71, 8, 72, 74, 12, 13, 15, 16, 81, 82, 84, 85, 87, 56, 58, 28, 92]"
9267.028758,-13210.000000,"[0, 78, 57, 66, 52, 62, 26, 61, 94, 11, 70, 32, 20, 73, 2, 14, 28, 89, 51, 99, 96, 53, 5, 55, 24, 35, 54, 38, 31, 92, 68, 46, 49, 39, 72, 95, 19, 34, 7, 91, 59, 76, 40, 84, 25, 29, 6, 75, 90, 16, 88, 17, 36, 3, 10, 98, 65, 93, 63, 69, 41, 13, 86, 64, 23, 30, 48, 60, 50, 27, 83, 9, 12, 56, 58, 80, 97, 85, 79, 82, 18, 44, 22, 21, 37, 77, 43, 74, 8, 47, 33, 67, 71, 42, 1, 15, 45, 87, 81, 4];[1, 4, 68, 69, 70, 71, 8, 12, 13, 15, 16, 81, 18, 82, 84, 87, 56, 57, 58, 28]"
9027.517768,-11793.000000,"[0, 78, 57, 66, 52, 62, 26, 61, 94, 11, 70, 32, 20, 73, 2, 14, 28, 89, 51, 99, 96, 53, 5, 55, 24, 35, 54, 38, 31, 92, 68, 46, 49, 39, 72, 95, 19, 34, 7, 91, 59, 76, 40, 84, 25, 29, 6, 75, 90, 16, 88, 17, 36, 3, 10, 98, 65, 93, 63, 69, 41, 13, 86, 64, 23, 30, 48, 60, 50, 27, 83, 9, 12, 56, 58, 80, 97, 85, 79, 82, 18, 44, 22, 21, 37, 77, 43, 74, 8, 47, 33, 67, 71, 42, 1, 15, 45, 87, 81, 4];[1, 67, 4, 68, 70, 71, 8, 12, 13, 15, 16, 81, 18, 82, 84, 87, 56, 28, 92]"
8767.398127,-10168.000000,"[0, 78, 57, 66, 52, 62, 26, 61, 94, 11, 70, 32, 20, 73, 2, 14, 28, 89, 51, 99, 96, 53, 5, 55, 24, 35, 54, 38, 31, 92, 68, 46, 49, 39, 72, 95, 19, 34, 7, 91, 59, 76, 40, 84, 25, 29, 6, 75, 90, 16, 88, 17, 36, 3, 10, 98, 65, 93, 63, 69, 41, 13, 86, 64, 23, 30, 48, 60, 50, 27, 83, 9, 12, 56, 58, 80, 97, 85, 79, 82, 18, 44, 22, 21, 37, 77, 43, 74, 8, 47, 33, 67, 71, 42, 1, 15, 45, 87, 81, 4];[1, 67, 4, 70, 71, 8, 12, 13, 15, 16, 81, 82, 84, 87, 56, 28]"
9340.577796,-13260.000000,"[0, 78, 57, 66, 52, 62, 26, 61, 94, 11, 70, 32, 20, 73, 2, 14, 28, 89, 51, 99, 96, 53, 5, 55, 24, 35, 54, 38, 31, 92, 68, 46, 49, 39, 72, 95, 19, 34, 7, 91, 59, 76, 40, 84, 25, 29, 6, 75, 90, 16, 88, 17, 36, 3, 10, 98, 65, 93, 63, 69, 41, 13, 86, 64, 23, 30, 48, 60, 50, 27, 83, 9, 12, 56, 58, 80, 97, 85, 79, 82, 18, 44, 22, 21, 37, 77, 43, 74, 8, 47, 33, 67, 71, 42, 1, 15, 45, 87, 81, 4];[1, 4, 68, 69, 70, 71, 8, 72, 74, 12, 13, 15, 16, 82, 84, 87, 56, 57, 58, 28]"
16963.924187,-21344.000000,"[0, 78, 57, 66, 52, 62, 26, 61, 94, 11, 70, 32, 20, 73, 2, 14, 28, 89, 51, 99, 96, 53, 5, 55, 24, 35, 54, 38, 31, 92, 68, 46, 49, 39, 72, 95, 19, 34, 7, 91, 59, 76, 40, 84, 25, 29, 6, 75, 90, 16, 88, 17, 36, 3, 10, 98, 65, 93, 63, 69, 41, 13, 86, 64, 23, 30, 48, 60, 50, 27, 83, 9, 12, 56, 58, 80, 97, 85, 79, 82, 18, 44, 22, 21, 37, 77, 43, 74, 8, 47, 33, 67, 71, 42, 1, 15, 45, 87, 81, 4];[1, 65, 66, 4, 68, 69, 70, 71, 8, 72, 74, 12, 13, 15, 16, 17, 18, 82, 84, 21, 85, 28, 92, 94, 31, 97, 34, 35, 99, 49, 51, 56, 57, 58]"
8834.600822,-10555.000000,"[0, 78, 57, 66, 52, 62, 26, 61, 94, 11, 70, 32, 20, 73, 2, 14, 28, 89, 51, 99, 96, 53, 5, 55, 24, 35, 54, 38, 31, 92, 68, 46, 49, 39, 72, 95, 19, 34, 7, 91, 59, 76, 40, 84, 25, 29, 6, 75, 90, 16, 88, 17, 36, 3, 10, 98, 65, 93, 63, 69, 41, 13, 86, 64, 23, 30, 48, 60, 50, 27, 83, 9, 12, 56, 58, 80, 97, 85, 79, 82, 18, 44, 22, 21, 37, 77, 43, 74, 8, 47, 33, 67, 71, 42, 1, 15, 45, 87, 81, 4];[1, 67, 4, 70, 71, 8, 12, 13, 15, 16, 81, 18, 82, 84, 87, 56, 28]"
11163.274136,-18234.000000,"[0, 78, 57, 66, 52, 62, 26, 61, 94, 11, 70, 32, 20, 73, 2, 14, 28, 89, 51, 99, 96, 53, 5, 55, 24, 35, 54, 38, 31, 92, 68, 46, 49, 39, 72, 95, 19, 34, 7, 91, 59, 76, 40, 84, 25, 29, 6, 75, 90, 16, 88, 17, 36, 3, 10, 98, 65, 93, 63, 69, 41, 13, 86, 64, 23, 30, 48, 60, 50, 27, 83, 9, 12, 56, 58, 80, 97, 85, 79, 82, 18, 44, 22, 21, 37, 77, 43, 74, 8, 47, 33, 67, 71, 42, 1, 15, 45, 87, 81, 4];[1, 65, 66, 4, 68, 69, 70, 71, 8, 72, 74, 12, 13, 15, 16, 81, 18, 82, 84, 87, 28, 92, 94, 97, 56, 57, 58]"
8188.224752,-2968.000000,"[0, 78, 57, 66, 52, 62, 26, 61, 94, 11, 70, 32, 20, 73, 2, 14, 28, 89, 51, 99, 96, 53, 5, 55, 24, 35, 54, 38, 31, 92, 68, 46, 49, 39, 72, 95, 19, 34, 7, 91, 59, 76, 40, 84, 25, 29, 6, 75, 90, 16, 88, 17, 36, 3, 10, 98, 65, 93, 63, 69, 41, 13, 86, 64, 23, 30, 48, 60, 50, 27, 83, 9, 12, 56, 58, 80, 97, 85, 79, 82, 18, 44, 22, 21, 37, 77, 43, 74, 8, 47, 33, 67, 71, 42, 1, 15, 45, 87, 81, 4];[1, 4, 71, 8, 12]"
8889.032223,-11044.000000,"[0, 78, 57, 66, 52, 62, 26, 61, 94, 11, 70, 32, 20, 73, 2, 14, 28, 89, 51, 99, 96, 53, 5, 55, 24, 35, 54, 38, 31, 92, 68, 46, 49, 39, 72, 95, 19, 34, 7, 91, 59, 76, 40, 84, 25, 29, 6, 75, 90, 16, 88, 17, 36, 3, 10, 98, 65, 93, 63, 69, 41, 13, 86, 64, 23, 30, 48, 60, 50, 27, 83, 9, 12, 56, 58, 80, 97, 85, 79, 82, 18, 44, 22, 21, 37, 77, 43, 74, 8, 47, 33, 67, 71, 42, 1, 15, 45, 87, 81, 4];[1, 67, 4, 70, 71, 8, 72, 74, 12, 15, 16, 81, 82, 84, 85, 87, 56, 92]"
12476.339309,-19784.000000,"[0, 78, 57, 66, 52, 62, 26, 61, 94, 11, 70, 32, 20, 73, 2, 14, 28, 89, 51, 99, 96, 53, 5, 55, 24, 35, 54, 38, 31, 92, 68, 46, 49, 39, 72, 95, 19, 34, 7, 91, 59, 76, 40, 84, 25, 29, 6, 75, 90, 16, 88, 17, 36, 3, 10, 98, 65, 93, 63, 69, 41, 13, 86, 64, 23, 30, 48, 60, 50, 27, 83, 9, 12, 56, 58, 80, 97, 85, 79, 82, 18, 44, 22, 21, 37, 77, 43, 74, 8, 47, 33, 67, 71, 42, 1, 15, 45, 87, 81, 4];[1, 65, 66, 4, 68, 69, 70, 71, 8, 72, 74, 12, 13, 15, 16, 81, 18, 82, 84, 85, 87, 28, 92, 94, 97, 99, 47, 56, 57, 58]"
8780.689143,-10499.000000,"[0, 78, 57, 66, 52, 62, 26, 61, 94, 11, 70, 32, 20, 73, 2, 14, 28, 89, 51, 99, 96, 53, 5, 55, 24, 35, 54, 38, 31, 92, 68, 46, 49, 39, 72, 95, 19, 34, 7, 91, 59, 76, 40, 84, 25, 29, 6, 75, 90, 16, 88, 17, 36, 3, 10, 98, 65, 93, 63, 69, 41, 13, 86, 64, 23, 30, 48, 60, 50, 27, 83, 9, 12, 56, 58, 80, 97, 85, 79, 82, 18, 44, 22, 21, 37, 77, 43, 74, 8, 47, 33, 67, 71, 42, 1, 15, 45, 87, 81, 4];[1, 4, 70, 71, 8, 72, 74, 12, 15, 16, 81, 82, 84, 85, 87, 56, 92]"
11473.645410,-18569.000000,"[0, 78, 57, 66, 52, 62, 26, 61, 94, 11, 70, 32, 20, 73, 2, 14, 28, 89, 51, 99, 96, 53, 5, 55, 24, 35, 54, 38, 31, 92, 68, 46, 49, 39, 72, 95, 19, 34, 7, 91, 59, 76, 40, 84, 25, 29, 6, 75, 90, 16, 88, 17, 36, 3, 10, 98, 65, 93, 63, 69, 41, 13, 86, 64, 23, 30, 48, 60, 50, 27, 83, 9, 12, 56, 58, 80, 97, 85, 79, 82, 18, 44, 22, 21, 37, 77, 43, 74, 8, 47, 33, 67, 71, 42, 1, 15, 45, 87, 81, 4];[1, 65, 66, 4, 68, 69, 70, 71, 8, 72, 74, 12, 13, 15, 16, 81, 82, 84, 85, 87, 28, 92, 94, 97, 99, 56, 57, 58]"
11279.960787,-18320.000000,"[0, 78, 57, 66, 52, 62, 26, 61, 94, 11, 70, 32, 20, 73, 2, 14, 28, 89, 51, 99, 96, 53, 5, 55, 24, 35, 54, 38, 31, 92, 68, 46, 49, 39, 72, 95, 19, 34, 7, 91, 59, 76, 40, 84, 25, 29, 6, 75, 90, 16, 88, 17, 36, 3, 10, 98, 65, 93, 63, 69, 41, 13, 86, 64, 23, 30, 48, 60, 50, 27, 83, 9, 12, 56, 58, 80, 97, 85, 79, 82, 18, 44, 22, 21, 37, 77, 43, 74, 8, 47, 33, 67, 71, 42, 1, 15, 45, 87, 81, 4];[1, 65, 66, 4, 68, 69, 70, 71, 8, 72, 74, 12, 13, 15, 16, 81, 18, 82, 84, 85, 87, 28, 92, 49, 56, 57, 58]"
8459.863148,-7634.000000,"[0, 78, 57, 66, 52, 62, 26, 61, 94, 11, 70, 32, 20, 73, 2, 14, 28, 89, 51, 99, 96, 53, 5, 55, 24, 35, 54, 38, 31, 92, 68, 46, 49, 39, 72, 95, 19, 34, 7, 91, 59, 76, 40, 84, 25, 29, 6, 75, 90, 16, 88, 17, 36, 3, 10, 98, 65, 93, 63, 69, 41, 13, 86, 64, 23, 30, 48, 60, 50, 27, 83, 9, 12, 56, 58, 80, 97, 85, 79, 82, 18, 44, 22, 21, 37, 77, 43, 74, 8, 47, 33, 67, 71, 42, 1, 15, 45, 87, 81, 4];[16, 1, 81, 82, 4, 84, 70, 71, 87, 8, 12, 15]"
9523.828927,-14088.000000,"[0, 78, 57, 66, 52, 62, 26, 61, 94, 11, 70, 32, 20, 73, 2, 14, 28, 89, 51, 99, 96, 53, 5, 55, 24, 35, 54, 38, 31, 92, 68, 46, 49, 39, 72, 95, 19, 34, 7, 91, 59, 76, 40, 84, 25, 29, 6, 75, 90, 16, 88, 17, 36, 3, 10, 98, 65, 93, 63, 69, 41, 13, 86, 64, 23, 30, 48, 60, 50, 27, 83, 9, 12, 56, 58, 80, 97, 85, 79, 82, 18, 44, 22, 21, 37, 77, 43, 74, 8, 47, 33, 67, 71, 42, 1, 15, 45, 87, 81, 4];[1, 4, 68, 69, 70, 71, 8, 72, 74, 12, 13, 15, 47, 16, 82, 84, 87, 56, 57, 58, 28]"
8451.368632,-7361.000000,"[0, 78, 57, 66, 52, 62, 26, 61, 94, 11, 70, 32, 20, 73, 2, 14, 28, 89, 51, 99, 96, 53, 5, 55, 24, 35, 54, 38, 31, 92, 68, 46, 49, 39, 72, 95, 19, 34, 7, 91, 59, 76, 40, 84, 25, 29, 6, 75, 90, 16, 88, 17, 36, 3, 10, 98, 65, 93, 63, 69, 41, 13, 86, 64, 23, 30, 48, 60, 50, 27, 83, 9, 12, 56, 58, 80, 97, 85, 79, 82, 18, 44, 22, 21, 37, 77, 43, 74, 8, 47, 33, 67, 71, 42, 1, 15, 45, 87, 81, 4];[1, 4, 70, 71, 8, 12, 15, 16, 82, 84, 87, 56]"
11393.198232,-18449.000000,"[0, 78, 57, 66, 52, 62, 26, 61, 94, 11, 70, 32, 20, 73, 2, 14, 28, 89, 51, 99, 96, 53, 5, 55, 24, 35, 54, 38, 31, 92, 68, 46, 49, 39, 72, 95, 19, 34, 7, 91, 59, 76, 40, 84, 25, 29, 6, 75, 90, 16, 88, 17, 36, 3, 10, 98, 65, 93, 63, 69, 41, 13, 86, 64, 23, 30, 48, 60, 50, 27, 83, 9, 12, 56, 58, 80, 97, 85, 79, 82, 18, 44, 22, 21, 37, 77, 43, 74, 8, 47, 33, 67, 71, 42, 1, 15, 45, 87, 81, 4];[1, 4, 68, 69, 70, 71, 8, 72, 74, 12, 13, 15, 16, 17, 81, 18, 82, 84, 23, 87, 28, 92, 94, 97, 49, 56, 57, 58]"
