8677.885525,-16200.000000,"[0, 57, 66, 52, 62, 26, 61, 94, 11, 70, 32, 20, 73, 2, 14, 28, 89, 51, 99, 96, 53, 5, 55, 24, 35, 54, 38, 31, 92, 68, 46, 49, 39, 72, 95, 19, 34, 7, 91, 59, 76, 40, 84, 25, 29, 6, 75, 90, 16, 88, 17, 36, 3, 10, 98, 65, 93, 63, 69, 41, 13, 86, 64, 23, 30, 48, 60, 50, 27, 83, 9, 12, 56, 58, 80, 97, 85, 79, 82, 18, 44, 22, 21, 37, 77, 43, 74, 8, 47, 33, 67, 71, 42, 1, 15, 45, 87, 81, 4, 78];[65, 4, 6, 70, 8, 72, 9, 12, 13, 78, 15, 16, 81, 82, 22, 23, 87, 92, 94, 97, 40, 42, 43, 44, 45, 47, 57, 58, 59]"
13725.935101,-38784.000000,"[0, 57, 66, 52, 62, 26, 61, 94, 11, 70, 32, 20, 13, 41, 69, 63, 93, 65, 98, 10, 3, 36, 17, 88, 16, 90, 75, 6, 29, 25, 84, 40, 76, 59, 91, 7, 34, 19, 95, 72, 39, 49, 46, 68, 92, 31, 38, 54, 35, 24, 55, 5, 53, 96, 99, 51, 89, 28, 14, 2, 73, 86, 64, 23, 30, 48, 60, 50, 27, 83, 9, 12, 56, 58, 80, 97, 85, 79, 82, 18, 44, 22, 21, 37, 77, 43, 74, 8, 47, 33, 67, 71, 42, 1, 15, 45, 87, 81, 4, 78];[0, 1, 3, 4, 6, 8, 9, 10, 11, 12, 13, 15, 16, 17, 18, 19, 21, 22, 23, 27, 28, 31, 33, 34, 35, 36, 37, 40, 42, 43, 44, 47, 48, 49, 50, 51, 54, 55, 56, 57, 58, 59, 60, 62, 63, 65, 66, 67, 68, 69, 70, 71, 72, 74, 76, 77, 78, 79, 81, 82, 84, 85, 87, 91, 92, 94, 95, 97, 98, 99]"
12390.268060,-38718.000000,"[0, 57, 66, 52, 62, 26, 61, 94, 11, 70, 32, 20, 73, 2, 14, 28, 89, 51, 99, 96, 53, 5, 55, 24, 35, 54, 38, 31, 92, 68, 46, 49, 39, 72, 95, 19, 34, 7, 91, 59, 76, 40, 84, 25, 29, 6, 75, 90, 16, 88, 17, 36, 3, 10, 98, 65, 93, 63, 69, 41, 13, 86, 64, 23, 30, 48, 60, 50, 27, 83, 9, 12, 56, 58, 80, 97, 85, 79, 82, 18, 44, 22, 21, 37, 77, 43, 74, 8, 47, 33, 67, 71, 42, 1, 15, 45, 87, 81, 4, 78];[0, 1, 3, 4, 6, 8, 9, 10, 11, 12, 13, 15, 16, 17, 18, 19, 21, 22, 23, 27, 28, 31, 33, 34, 35, 36, 37, 40, 42, 43, 44, 47, 48, 49, 50, 51, 54, 55, 56, 57, 58, 60, 61, 62, 63, 65, 66, 67, 68, 69, 70, 71, 72, 74, 76, 77, 78, 80, 81, 82, 84, 85, 87, 91, 92, 94, 95, 97, 98, 99]"
8821.932850,-20249.000000,"[0, 57, 66, 52, 62, 26, 61, 94, 11, 70, 32, 20, 73, 2, 14, 28, 89, 51, 99, 96, 53, 5, 55, 24, 35, 54, 38, 31, 92, 68, 46, 49, 39, 72, 95, 19, 34, 7, 91, 59, 76, 40, 84, 25, 29, 6, 75, 90, 16, 88, 17, 36, 3, 10, 98, 65, 93, 63, 69, 41, 13, 86, 64, 23, 30, 48, 60, 50, 27, 83, 9, 12, 56, 58, 80, 97, 85, 79, 82, 18, 44, 22, 21, 37, 77, 43, 74, 8, 47, 33, 67, 71, 42, 1, 15, 45, 87, 81, 4, 78];[65, 67, 4, 68, 69, 6, 70, 71, 8, 72, 9, 74, 12, 13, 77, 78, 15, 16, 81, 82, 84, 85, 22, 23, 87, 92, 94, 97, 40, 42, 43, 44, 45, 47, 58, 59]"
8800.354760,-18452.000000,"[0, 57, 66, 52, 62, 26, 61, 94, 11, 70, 32, 20, 73, 2, 14, 28, 89, 51, 99, 96, 53, 5, 55, 24, 35, 54, 38, 31, 92, 68, 46, 49, 39, 72, 95, 19, 34, 7, 91, 59, 76, 40, 84, 25, 29, 6, 75, 90, 16, 88, 17, 36, 3, 10, 98, 65, 93, 63, 69, 41, 13, 86, 64, 23, 30, 48, 60, 50, 27, 83, 9, 12, 56, 58, 80, 97, 85, 79, 82, 18, 44, 22, 21, 37, 77, 43, 74, 8, 47, 33, 67, 71, 42, 1, 15, 45, 87, 81, 4, 78];[1, 65, 3, 4, 6, 70, 8, 72, 9, 12, 13, 78, 15, 16, 81, 82, 22, 23, 87, 28, 92, 94, 97, 36, 40, 42, 43, 44, 45, 47, 57, 58, 59]"
8773.292693,-17568.000000,"[0, 57, 66, 52, 62, 26, 61, 94, 11, 70, 32, 20, 73, 2, 14, 28, 89, 51, 99, 96, 53, 5, 55, 24, 35, 54, 38, 31, 92, 68, 46, 49, 39, 72, 95, 19, 34, 7, 91, 59, 76, 40, 84, 25, 29, 6, 75, 90, 16, 88, 17, 36, 3, 10, 98, 65, 93, 63, 69, 41, 13, 86, 64, 23, 30, 48, 60, 50, 27, 83, 9, 12, 56, 58, 80, 97, 85, 79, 82, 18, 44, 22, 21, 37, 77, 43, 74, 8, 47, 33, 67, 71, 42, 1, 15, 45, 87, 81, 4, 78];[1, 65, 3, 4, 70, 8, 72, 9, 10, 12, 13, 78, 15, 16, 81, 82, 22, 23, 87, 92, 94, 97, 40, 42, 43, 44, 45, 47, 57, 58, 59]"
9533.245434,-28663.000000,"[0, 57, 66, 52, 62, 26, 61, 94, 11, 70, 32, 20, 73, 2, 14, 28, 89, 51, 99, 96, 53, 5, 55, 24, 35, 54, 38, 31, 92, 68, 46, 49, 39, 72, 95, 19, 34, 7, 91, 59, 76, 40, 84, 25, 29, 6, 75, 90, 16, 88, 17, 36, 3, 10, 98, 65, 93, 63, 69, 41, 13, 86, 64, 23, 30, 48, 60, 50, 27, 83, 9, 12, 56, 58, 80, 97, 85, 79, 82, 18, 44, 22, 21, 37, 77, 43, 74, 8, 47, 33, 67, 71, 42, 1, 15, 45, 87, 81, 4, 78];[1, 3, 4, 6, 8, 9, 12, 13, 15, 16, 17, 18, 22, 23, 28, 36, 37, 40, 42, 43, 47, 49, 50, 56, 57, 58, 60, 65, 67, 68, 69, 70, 71, 72, 74, 76, 77, 78, 81, 82, 84, 85, 87, 92, 94, 95, 97, 98, 99]"
10021.461301,-31748.000000,"[0, 57, 66, 52, 62, 26, 61, 94, 11, 70, 32, 20, 73, 2, 14, 28, 89, 51, 99, 96, 53, 5, 55, 24, 35, 54, 38, 31, 92, 68, 46, 49, 39, 72, 95, 19, 34, 7, 91, 59, 76, 40, 84, 25, 29, 6, 75, 90, 16, 88, 17, 36, 3, 10, 98, 65, 93, 63, 69, 41, 13, 86, 64, 23, 30, 48, 60, 50, 27, 83, 9, 12, 56, 58, 80, 97, 85, 79, 82, 18, 44, 22, 21, 37, 77, 43, 74, 8, 47, 33, 67, 71, 42, 1, 15, 45, 87, 81, 4, 78];[1, 3, 4, 8, 9, 10, 12, 13, 15, 16, 17, 18, 22, 23, 28, 31, 33, 34, 35, 36, 37, 40, 42, 43, 47, 49, 50, 56, 57, 58, 60, 65, 67, 68, 69, 70, 71, 72, 74, 77, 78, 79, 81, 82, 84, 85, 87, 91, 92, 94, 97, 98, 99]"
10476.943754,-34016.000000,"[0, 57, 66, 52, 62, 26, 61, 94, 11, 70, 32, 20, 73, 2, 14, 28, 89, 51, 99, 96, 53, 5, 55, 24, 35, 54, 38, 31, 92, 68, 46, 49, 39, 72, 95, 19, 34, 7, 91, 59, 76, 40, 84, 25, 29, 6, 75, 90, 16, 88, 17, 36, 3, 10, 98, 65, 93, 63, 69, 41, 13, 86, 64, 23, 30, 48, 60, 50, 27, 83, 9, 12, 56, 58, 80, 97, 85, 79, 82, 18, 44, 22, 21, 37, 77, 43, 74, 8, 47, 33, 67, 71, 42, 1, 15, 45, 87, 81, 4, 78];[1, 3, 4, 8, 9, 10, 12, 13, 15, 16, 17, 18, 22, 23, 28, 31, 33, 34, 35, 36, 37, 40, 42, 43, 44, 47, 48, 49, 50, 51, 56, 57, 58, 60, 63, 65, 66, 67, 68, 69, 70, 71, 72, 74, 77, 78, 81, 82, 84, 85, 87, 91, 92, 94, 95, 97, 98, 99]"
8764.922981,-16589.000000,"[0, 57, 66, 52, 62, 26, 61, 94, 11, 70, 32, 20, 73, 2, 14, 28, 89, 51, 99, 96, 53, 5, 55, 24, 35, 54, 38, 31, 92, 68, 46, 49, 39, 72, 95, 19, 34, 7, 91, 59, 76, 40, 84, 25, 29, 6, 75, 90, 16, 88, 17, 36, 3, 10, 98, 65, 93, 63, 69, 41, 13, 86, 64, 23, 30, 48, 60, 50, 27, 83, 9, 12, 56, 58, 80, 97, 85, 79, 82, 18, 44, 22, 21, 37, 77, 43, 74, 8, 47, 33, 67, 71, 42, 1, 15, 45, 87, 81, 4, 78];[65, 4, 6, 70, 8, 72, 9, 12, 13, 78, 15, 16, 81, 82, 22, 23, 87, 92, 94, 97, 33, 40, 42, 43, 44, 45, 47, 57, 58, 59, 63]"
8968.408406,-22235.000000,"[0, 57, 66, 52, 62, 26, 61, 94, 11, 70, 32, 20, 73, 2, 14, 28, 89, 51, 99, 96, 53, 5, 55, 24, 35, 54, 38, 31, 92, 68, 46, 49, 39, 72, 95, 19, 34, 7, 91, 59, 76, 40, 84, 25, 29, 6, 75, 90, 16, 88, 17, 36, 3, 10, 98, 65, 93, 63, 69, 41, 13, 86, 64, 23, 30, 48, 60, 50, 27, 83, 9, 12, 56, 58, 80, 97, 85, 79, 82, 18, 44, 22, 21, 37, 77, 43, 74, 8, 47, 33, 67, 71, 42, 1, 15, 45, 87, 81, 4, 78];[65, 67, 4, 68, 69, 6, 70, 71, 8, 72, 9, 74, 12, 76, 13, 77, 78, 15, 16, 81, 82, 84, 85, 22, 23, 87, 92, 28, 94, 97, 40, 42, 43, 44, 45, 47, 57, 58, 59]"
11612.107251,-36970.000000,"[0, 57, 66, 52, 62, 26, 61, 94, 11, 70, 32, 20, 73, 2, 14, 28, 89, 51, 99, 96, 53, 5, 55, 24, 35, 54, 38, 31, 92, 68, 46, 49, 39, 72, 95, 19, 34, 7, 91, 59, 76, 40, 84, 25, 29, 6, 75, 90, 16, 88, 17, 36, 3, 10, 98, 65, 93, 63, 69, 41, 13, 86, 64, 23, 30, 48, 60, 50, 27, 83, 9, 12, 56, 58, 80, 97, 85, 79, 82, 18, 44, 22, 21, 37, 77, 43, 74, 8, 47, 33, 67, 71, 42, 1, 15, 45, 87, 81, 4, 78];[1, 3, 4, 6, 8, 9, 10, 12, 13, 15, 16, 17, 18, 19, 21, 22, 23, 27, 28, 31, 33, 34, 35, 36, 37, 40, 42, 44, 47, 48, 49, 50, 51, 54, 55, 56, 57, 58, 60, 62, 63, 65, 66, 67, 68, 69, 70, 71, 72, 74, 76, 77, 78, 80, 81, 82, 84, 85, 87, 91, 92, 94, 95, 97, 98, 99]"
9120.724507,-24639.000000,"[0, 57, 66, 52, 62, 26, 61, 94, 11, 70, 32, 20, 73, 2, 14, 28, 89, 51, 99, 96, 53, 5, 55, 24, 35, 54, 38, 31, 92, 68, 46, 49, 39, 72, 95, 19, 34, 7, 91, 59, 76, 40, 84, 25, 29, 6, 75, 90, 16, 88, 17, 36, 3, 10, 98, 65, 93, 63, 69, 41, 13, 86, 64, 23, 30, 48, 60, 50, 27, 83, 9, 12, 56, 58, 80, 97, 85, 79, 82, 18, 44, 22, 21, 37, 77, 43, 74, 8, 47, 33, 67, 71, 42, 1, 15, 45, 87, 81, 4, 78];[1, 65, 3, 67, 4, 68, 69, 6, 70, 71, 8, 72, 9, 74, 12, 76, 13, 77, 78, 15, 16, 17, 81, 18, 82, 84, 85, 22, 23, 87, 28, 92, 94, 97, 36, 40, 42, 43, 44, 45, 47, 56, 58, 60]"
8894.220088,-20703.000000,"[0, 57, 66, 52, 62, 26, 61, 94, 11, 70, 32, 20, 73, 2, 14, 28, 89, 51, 99, 96, 53, 5, 55, 24, 35, 54, 38, 31, 92, 68, 46, 49, 39, 72, 95, 19, 34, 7, 91, 59, 76, 40, 84, 25, 29, 6, 75, 90, 16, 88, 17, 36, 3, 10, 98, 65, 93, 63, 69, 41, 13, 86, 64, 23, 30, 48, 60, 50, 27, 83, 9, 12, 56, 58, 80, 97, 85, 79, 82, 18, 44, 22, 21, 37, 77, 43, 74, 8, 47, 33, 67, 71, 42, 1, 15, 45, 87, 81, 4, 78];[65, 67, 4, 68, 69, 6, 70, 71, 8, 72, 9, 74, 12, 76, 13, 77, 78, 15, 16, 81, 82, 84, 85, 22, 23, 87, 92, 94, 97, 40, 42, 43, 44, 45, 47, 58, 59]"
9450.026811,-28057.000000,"[0, 57, 66, 52, 62, 26, 61, 94, 11, 70, 32, 20, 73, 2, 14, 28, 89, 51, 99, 96, 53, 5, 55, 24, 35, 54, 38, 31, 92, 68, 46, 49, 39, 72, 95, 19, 34, 7, 91, 59, 76, 40, 84, 25, 29, 6, 75, 90, 16, 88, 17, 36, 3, 10, 98, 65, 93, 63, 69, 41, 13, 86, 64, 23, 30, 48, 60, 50, 27, 83, 9, 12, 56, 58, 80, 97, 85, 79, 82, 18, 44, 22, 21, 37, 77, 43, 74, 8, 47, 33, 67, 71, 42, 1, 15, 45, 87, 81, 4, 78];[1, 65, 3, 67, 4, 68, 69, 70, 71, 8, 72, 9, 10, 74, 12, 76, 13, 77, 78, 15, 16, 17, 81, 18, 82, 84, 85, 23, 87, 28, 92, 94, 97, 99, 36, 37, 40, 42, 43, 47, 49, 50, 56, 57, 58, 60]"
10111.433456,-32156.000000,"[0, 57, 66, 52, 62, 26, 61, 94, 11, 70, 32, 20, 73, 2, 14, 28, 89, 51, 99, 96, 53, 5, 55, 24, 35, 54, 38, 31, 92, 68, 46, 49, 39, 72, 95, 19, 34, 7, 91, 59, 76, 40, 84, 25, 29, 6, 75, 90, 16, 88, 17, 36, 3, 10, 98, 65, 93, 63, 69, 41, 13, 86, 64, 23, 30, 48, 60, 50, 27, 83, 9, 12, 56, 58, 80, 97, 85, 79, 82, 18, 44, 22, 21, 37, 77, 43, 74, 8, 47, 33, 67, 71, 42, 1, 15, 45, 87, 81, 4, 78];[1, 3, 4, 8, 9, 10, 12, 13, 15, 16, 17, 18, 22, 23, 28, 31, 33, 34, 35, 36, 37, 40, 42, 43, 44, 47, 48, 49, 50, 51, 56, 57, 58, 60, 63, 65, 66, 67, 68, 69, 70, 71, 72, 74, 77, 78, 81, 82, 84, 85, 87, 92, 94, 97, 99]"
9219.853870,-25558.000000,"[0, 57, 66, 52, 62, 26, 61, 94, 11, 70, 32, 20, 73, 2, 14, 28, 89, 51, 99, 96, 53, 5, 55, 24, 35, 54, 38, 31, 92, 68, 46, 49, 39, 72, 95, 19, 34, 7, 91, 59, 76, 40, 84, 25, 29, 6, 75, 90, 16, 88, 17, 36, 3, 10, 98, 65, 93, 63, 69, 41, 13, 86, 64, 23, 30, 48, 60, 50, 27, 83, 9, 12, 56, 58, 80, 97, 85, 79, 82, 18, 44, 22, 21, 37, 77, 43, 74, 8, 47, 33, 67, 71, 42, 1, 15, 45, 87, 81, 4, 78];[1, 65, 3, 67, 4, 68, 69, 6, 70, 71, 8, 72, 9, 74, 12, 76, 13, 77, 78, 15, 16, 17, 81, 18, 82, 84, 85, 22, 23, 87, 28, 92, 94, 97, 36, 37, 40, 42, 43, 44, 45, 47, 57, 58, 59]"
9705.946488,-29954.000000,"[0, 57, 66, 52, 62, 26, 61, 94, 11, 70, 32, 20, 73, 2, 14, 28, 89, 51, 99, 96, 53, 5, 55, 24, 35, 54, 38, 31, 92, 68, 46, 49, 39, 72, 95, 19, 34, 7, 91, 59, 76, 40, 84, 25, 29, 6, 75, 90, 16, 88, 17, 36, 3, 10, 98, 65, 93, 63, 69, 41, 13, 86, 64, 23, 30, 48, 60, 50, 27, 83, 9, 12, 56, 58, 80, 97, 85, 79, 82, 18, 44, 22, 21, 37, 77, 43, 74, 8, 47, 33, 67, 71, 42, 1, 15, 45, 87, 81, 4, 78];[1, 3, 4, 6, 8, 9, 12, 13, 15, 16, 17, 18, 22, 23, 28, 31, 33, 34, 35, 36, 37, 40, 42, 43, 47, 49, 50, 56, 57, 58, 60, 65, 67, 68, 69, 70, 71, 72, 74, 77, 78, 81, 82, 84, 85, 87, 92, 94, 97, 98, 99]"
9553.020416,-28969.000000,"[0, 57, 66, 52, 62, 26, 61, 94, 11, 70, 32, 20, 73, 2, 14, 28, 89, 51, 99, 96, 53, 5, 55, 24, 35, 54, 38, 31, 92, 68, 46, 49, 39, 72, 95, 19, 34, 7, 91, 59, 76, 40, 84, 25, 29, 6, 75, 90, 16, 88, 17, 36, 3, 10, 98, 65, 93, 63, 69, 41, 13, 86, 64, 23, 30, 48, 60, 50, 27, 83, 9, 12, 56, 58, 80, 97, 85, 79, 82, 18, 44, 22, 21, 37, 77, 43, 74, 8, 47, 33, 67, 71, 42, 1, 15, 45, 87, 81, 4, 78];[1, 65, 3, 67, 4, 68, 69, 70, 71, 8, 72, 9, 10, 74, 12, 76, 13, 77, 78, 15, 16, 17, 81, 18, 82, 84, 85, 22, 23, 87, 28, 92, 94, 95, 97, 98, 99, 36, 37, 42, 43, 47, 49, 50, 56, 57, 58, 60]"
9151.402212,-25078.000000,"[0, 57, 66, 52, 62, 26, 61, 94, 11, 70, 32, 20, 73, 2, 14, 28, 89, 51, 99, 96, 53, 5, 55, 24, 35, 54, 38, 31, 92, 68, 46, 49, 39, 72, 95, 19, 34, 7, 91, 59, 76, 40, 84, 25, 29, 6, 75, 90, 16, 88, 17, 36, 3, 10, 98, 65, 93, 63, 69, 41, 13, 86, 64, 23, 30, 48, 60, 50, 27, 83, 9, 12, 56, 58, 80, 97, 85, 79, 82, 18, 44, 22, 21, 37, 77, 43, 74, 8, 47, 33, 67, 71, 42, 1, 15, 45, 87, 81, 4, 78];[1, 65, 3, 67, 4, 68, 69, 6, 70, 71, 8, 72, 9, 74, 12, 13, 77, 78, 15, 16, 81, 82, 84, 85, 22, 23, 87, 28, 92, 94, 97, 98, 99, 36, 40, 42, 43, 44, 45, 47, 56, 57, 58, 60]"
9256.806403,-26056.000000,"[0, 57, 66, 52, 62, 26, 61, 94, 11, 70, 32, 20, 73, 2, 14, 28, 89, 51, 99, 96, 53, 5, 55, 24, 35, 54, 38, 31, 92, 68, 46, 49, 39, 72, 95, 19, 34, 7, 91, 59, 76, 40, 84, 25, 29, 6, 75, 90, 16, 88, 17, 36, 3, 10, 98, 65, 93, 63, 69, 41, 13, 86, 64, 23, 30, 48, 60, 50, 27, 83, 9, 12, 56, 58, 80, 97, 85, 79, 82, 18, 44, 22, 21, 37, 77, 43, 74, 8, 47, 33, 67, 71, 42, 1, 15, 45, 87, 81, 4, 78];[1, 65, 3, 67, 4, 68, 69, 6, 70, 71, 8, 72, 9, 74, 12, 76, 13, 77, 78, 15, 16, 17, 81, 18, 82, 84, 85, 22, 87, 28, 92, 94, 36, 37, 40, 42, 43, 47, 49, 50, 56, 57, 58, 60]"
8945.079542,-21558.000000,"[0, 57, 66, 52, 62, 26, 61, 94, 11, 70, 32, 20, 73, 2, 14, 28, 89, 51, 99, 96, 53, 5, 55, 24, 35, 54, 38, 31, 92, 68, 46, 49, 39, 72, 95, 19, 34, 7, 91, 59, 76, 40, 84, 25, 29, 6, 75, 90, 16, 88, 17, 36, 3, 10, 98, 65, 93, 63, 69, 41, 13, 86, 64, 23, 30, 48, 60, 50, 27, 83, 9, 12, 56, 58, 80, 97, 85, 79, 82, 18, 44, 22, 21, 37, 77, 43, 74, 8, 47, 33, 67, 71, 42, 1, 15, 45, 87, 81, 4, 78];[65, 67, 4, 68, 69, 6, 70, 71, 8, 72, 9, 74, 12, 76, 13, 77, 78, 15, 16, 81, 82, 84, 85, 22, 23, 87, 92, 94, 97, 40, 42, 43, 44, 45, 47, 57, 58, 59]"
9671.430937,-29474.000000,"[0, 57, 66, 52, 62, 26, 61, 94, 11, 70, 32, 20, 73, 2, 14, 28, 89, 51, 99, 96, 53, 5, 55, 24, 35, 54, 38, 31, 92, 68, 46, 49, 39, 72, 95, 19, 34, 7, 91, 59, 76, 40, 84, 25, 29, 6, 75, 90, 16, 88, 17, 36, 3, 10, 98, 65, 93, 63, 69, 41, 13, 86, 64, 23, 30, 48, 60, 50, 27, 83, 9, 12, 56, 58, 80, 97, 85, 79, 82, 18, 44, 22, 21, 37, 77, 43, 74, 8, 47, 33, 67, 71, 42, 1, 15, 45, 87, 81, 4, 78];[1, 3, 4, 6, 8, 9, 12, 13, 15, 16, 17, 18, 22, 23, 28, 36, 37, 40, 42, 43, 47, 49, 50, 56, 57, 58, 60, 65, 67, 68, 69, 70, 71, 72, 74, 76, 77, 78, 81, 82, 84, 85, 87, 91, 92, 94, 97, 98, 99]"
9357.870030,-27406.000000,"[0, 57, 66, 52, 62, 26, 61, 94, 11, 70, 32, 20, 73, 2, 14, 28, 89, 51, 99, 96, 53, 5, 55, 24, 35, 54, 38, 31, 92, 68, 46, 49, 39, 72, 95, 19, 34, 7, 91, 59, 76, 40, 84, 25, 29, 6, 75, 90, 16, 88, 17, 36, 3, 10, 98, 65, 93, 63, 69, 41, 13, 86, 64, 23, 30, 48, 60, 50, 27, 83, 9, 12, 56, 58, 80, 97, 85, 79, 82, 18, 44, 22, 21, 37, 77, 43, 74, 8, 47, 33, 67, 71, 42, 1, 15, 45, 87, 81, 4, 78];[1, 65, 3, 67, 4, 68, 69, 6, 70, 71, 8, 72, 9, 74, 12, 76, 13, 77, 78, 15, 16, 17, 81, 18, 82, 84, 85, 22, 23, 87, 28, 92, 94, 97, 36, 37, 40, 42, 43, 47, 49, 50, 56, 57, 58, 60]"
10407.883197,-33590.000000,"[0, 57, 66, 52, 62, 26, 61, 94, 11, 70, 32, 20, 73, 2, 14, 28, 89, 51, 99, 96, 53, 5, 55, 24, 35, 54, 38, 31, 92, 68, 46, 49, 39, 72, 95, 19, 34, 7, 91, 59, 76, 40, 84, 25, 29, 6, 75, 90, 16, 88, 17, 36, 3, 10, 98, 65, 93, 63, 69, 41, 13, 86, 64, 23, 30, 48, 60, 50, 27, 83, 9, 12, 56, 58, 80, 97, 85, 79, 82, 18, 44, 22, 21, 37, 77, 43, 74, 8, 47, 33, 67, 71, 42, 1, 15, 45, 87, 81, 4, 78];[1, 3, 4, 8, 9, 10, 12, 13, 15, 16, 17, 18, 22, 23, 28, 31, 33, 34, 35, 36, 37, 40, 42, 43, 44, 47, 48, 49, 50, 51, 56, 57, 58, 60, 63, 65, 66, 67, 68, 69, 70, 71, 72, 74, 76, 77, 78, 81, 82, 84, 85, 87, 92, 94, 95, 97, 98, 99]"
12251.339076,-38568.000000,"[0, 57, 66, 52, 62, 26, 61, 94, 11, 70, 32, 20, 73, 2, 14, 28, 89, 51, 99, 96, 53, 5, 55, 24, 35, 54, 38, 31, 92, 68, 46, 49, 39, 72, 95, 19, 34, 7, 91, 59, 76, 40, 84, 25, 29, 6, 75, 90, 16, 88, 17, 36, 3, 10, 98, 65, 93, 63, 69, 41, 13, 86, 64, 23, 30, 48, 60, 50, 27, 83, 9, 12, 56, 58, 80, 97, 85, 79, 82, 18, 44, 22, 21, 37, 77, 43, 74, 8, 47, 33, 67, 71, 42, 1, 15, 45, 87, 81, 4, 78];[0, 1, 3, 4, 6, 8, 9, 10, 11, 12, 13, 15, 16, 17, 18, 19, 21, 22, 23, 27, 28, 31, 33, 34, 35, 36, 37, 40, 42, 43, 44, 47, 48, 49, 50, 51, 54, 55, 56, 57, 58, 60, 62, 63, 65, 66, 67, 68, 69, 70, 71, 72, 74, 76, 77, 78, 80, 81, 82, 84, 85, 87, 91, 92, 94, 95, 97, 98, 99]"
10869.719726,-35393.000000,"[0, 57, 66, 52, 62, 26, 61, 94, 11, 70, 32, 20, 73, 2, 14, 28, 89, 51, 99, 96, 53, 5, 55, 24, 35, 54, 38, 31, 92, 68, 46, 49, 39, 72, 95, 19, 34, 7, 91, 59, 76, 40, 84, 25, 29, 6, 75, 90, 16, 88, 17, 36, 3, 10, 98, 65, 93, 63, 69, 41, 13, 86, 64, 23, 30, 48, 60, 50, 27, 83, 9, 12, 56, 58, 80, 97, 85, 79, 82, 18, 44, 22, 21, 37, 77, 43, 74, 8, 47, 33, 67, 71, 42, 1, 15, 45, 87, 81, 4, 78];[1, 3, 4, 6, 8, 9, 10, 12, 13, 15, 16, 17, 18, 22, 23, 28, 31, 33, 34, 35, 36, 37, 40, 42, 43, 44, 47, 48, 49, 50, 51, 54, 56, 57, 58, 59, 60, 65, 66, 67, 68, 69, 70, 71, 72, 74, 76, 77, 78, 80, 81, 82, 84, 85, 87, 91, 92, 94, 95, 97, 98, 99]"
9046.079106,-23348.000000,"[0, 57, 66, 52, 62, 26, 61, 94, 11, 70, 32, 20, 73, 2, 14, 28, 89, 51, 99, 96, 53, 5, 55, 24, 35, 54, 38, 31, 92, 68, 46, 49, 39, 72, 95, 19, 34, 7, 91, 59, 76, 40, 84, 25, 29, 6, 75, 90, 16, 88, 17, 36, 3, 10, 98, 65, 93, 63, 69, 41, 13, 86, 64, 23, 30, 48, 60, 50, 27, 83, 9, 12, 56, 58, 80, 97, 85, 79, 82, 18, 44, 22, 21, 37, 77, 43, 74, 8, 47, 33, 67, 71, 42, 1, 15, 45, 87, 81, 4, 78];[1, 65, 3, 67, 4, 68, 69, 6, 70, 71, 8, 72, 9, 74, 12, 76, 13, 77, 78, 15, 16, 81, 82, 84, 85, 22, 87, 28, 92, 94, 97, 36, 40, 42, 43, 44, 45, 47, 57, 58, 59]"
8993.958714,-22493.000000,"[0, 57, 66, 52, 62, 26, 61, 94, 11, 70, 32, 20, 73, 2, 14, 28, 89, 51, 99, 96, 53, 5, 55, 24, 35, 54, 38, 31, 92, 68, 46, 49, 39, 72, 95, 19, 34, 7, 91, 59, 76, 40, 84, 25, 29, 6, 75, 90, 16, 88, 17, 36, 3, 10, 98, 65, 93, 63, 69, 41, 13, 86, 64, 23, 30, 48, 60, 50, 27, 83, 9, 12, 56, 58, 80, 97, 85, 79, 82, 18, 44, 22, 21, 37, 77, 43, 74, 8, 47, 33, 67, 71, 42, 1, 15, 45, 87, 81, 4, 78];[1, 65, 3, 67, 4, 68, 69, 6, 70, 71, 8, 72, 9, 74, 12, 76, 13, 77, 78, 15, 16, 81, 82, 84, 85, 22, 87, 28, 92, 94, 97, 36, 40, 42, 43, 44, 45, 47, 58, 59]"
8789.183069,-17972.000000,"[0, 57, 66, 52, 62, 26, 61, 94, 11, 70, 32, 20, 73, 2, 14, 28, 89, 51, 99, 96, 53, 5, 55, 24, 35, 54, 38, 31, 92, 68, 46, 49, 39, 72, 95, 19, 34, 7, 91, 59, 76, 40, 84, 25, 29, 6, 75, 90, 16, 88, 17, 36, 3, 10, 98, 65, 93, 63, 69, 41, 13, 86, 64, 23, 30, 48, 60, 50, 27, 83, 9, 12, 56, 58, 80, 97, 85, 79, 82, 18, 44, 22, 21, 37, 77, 43, 74, 8, 47, 33, 67, 71, 42, 1, 15, 45, 87, 81, 4, 78];[65, 3, 4, 70, 8, 72, 9, 12, 13, 78, 15, 16, 81, 82, 22, 23, 87, 28, 92, 94, 97, 36, 40, 42, 43, 44, 45, 47, 57, 58, 59]"
9083.419798,-23810.000000,"[0, 57, 66, 52, 62, 26, 61, 94, 11, 70, 32, 20, 73, 2, 14, 28, 89, 51, 99, 96, 53, 5, 55, 24, 35, 54, 38, 31, 92, 68, 46, 49, 39, 72, 95, 19, 34, 7, 91, 59, 76, 40, 84, 25, 29, 6, 75, 90, 16, 88, 17, 36, 3, 10, 98, 65, 93, 63, 69, 41, 13, 86, 64, 23, 30, 48, 60, 50, 27, 83, 9, 12, 56, 58, 80, 97, 85, 79, 82, 18, 44, 22, 21, 37, 77, 43, 74, 8, 47, 33, 67, 71, 42, 1, 15, 45, 87, 81, 4, 78];[1, 65, 3, 67, 4, 68, 69, 6, 70, 71, 8, 72, 9, 74, 12, 76, 13, 77, 78, 15, 16, 81, 82, 84, 85, 22, 23, 87, 28, 92, 94, 97, 36, 40, 42, 43, 44, 45, 47, 57, 58, 59]"
11460.497620,-36951.000000,"[0, 57, 66, 52, 62, 26, 61, 94, 11, 70, 32, 20, 73, 2, 14, 28, 89, 51, 99, 96, 53, 5, 55, 24, 35, 54, 38, 31, 92, 68, 46, 49, 39, 72, 95, 19, 34, 7, 91, 59, 76, 40, 84, 25, 29, 6, 75, 90, 16, 88, 17, 36, 3, 10, 98, 65, 93, 63, 69, 41, 13, 86, 64, 23, 30, 48, 60, 50, 27, 83, 9, 12, 56, 58, 80, 97, 85, 79, 82, 18, 44, 22, 21, 37, 77, 43, 74, 8, 47, 33, 67, 71, 42, 1, 15, 45, 87, 81, 4, 78];[0, 1, 3, 4, 8, 9, 10, 12, 13, 15, 16, 17, 18, 22, 23, 28, 31, 33, 34, 35, 36, 37, 40, 42, 43, 44, 47, 48, 49, 50, 51, 54, 55, 56, 57, 58, 60, 62, 63, 65, 66, 67, 68, 69, 70, 71, 72, 74, 76, 77, 78, 81, 82, 84, 85, 87, 91, 92, 93, 94, 97, 98, 99]"
8916.655544,-21187.000000,"[0, 57, 66, 52, 62, 26, 61, 94, 11, 70, 32, 20, 73, 2, 14, 28, 89, 51, 99, 96, 53, 5, 55, 24, 35, 54, 38, 31, 92, 68, 46, 49, 39, 72, 95, 19, 34, 7, 91, 59, 76, 40, 84, 25, 29, 6, 75, 90, 16, 88, 17, 36, 3, 10, 98, 65, 93, 63, 69, 41, 13, 86, 64, 23, 30, 48, 60, 50, 27, 83, 9, 12, 56, 58, 80, 97, 85, 79, 82, 18, 44, 22, 21, 37, 77, 43, 74, 8, 47, 33, 67, 71, 42, 1, 15, 45, 87, 81, 4, 78];[1, 65, 3, 67, 4, 68, 6, 70, 71, 8, 72, 9, 74, 12, 76, 13, 77, 78, 15, 16, 81, 82, 84, 85, 22, 23, 87, 28, 92, 94, 97, 40, 42, 43, 44, 45, 47, 58, 59]"
11076.185086,-35439.000000,"[0, 57, 66, 52, 62, 26, 61, 94, 11, 70, 32, 20, 73, 2, 14, 28, 89, 51, 99, 96, 53, 5, 55, 24, 35, 54, 38, 31, 92, 68, 46, 49, 39, 72, 95, 19, 34, 7, 91, 59, 76, 40, 84, 25, 29, 6, 75, 90, 16, 88, 17, 36, 3, 10, 98, 65, 93, 63, 69, 41, 13, 86, 64, 23, 30, 48, 60, 50, 27, 83, 9, 12, 56, 58, 80, 97, 85, 79, 82, 18, 44, 22, 21, 37, 77, 43, 74, 8, 47, 33, 67, 71, 42, 1, 15, 45, 87, 81, 4, 78];[1, 3, 4, 8, 9, 10, 11, 12, 13, 15, 16, 17, 18, 21, 22, 23, 27, 28, 31, 33, 34, 36, 37, 40, 42, 43, 44, 47, 48, 49, 50, 51, 54, 55, 56, 57, 58, 60, 63, 65, 66, 67, 68, 69, 70, 71, 72, 74, 76, 77, 78, 81, 82, 84, 85, 87, 91, 92, 94, 95, 97, 98, 99]"
10706.287382,-34816.000000,"[0, 57, 66, 52, 62, 26, 61, 94, 11, 70, 32, 20, 73, 2, 14, 28, 89, 51, 99, 96, 53, 5, 55, 24, 35, 54, 38, 31, 92, 68, 46, 49, 39, 72, 95, 19, 34, 7, 91, 59, 76, 40, 84, 25, 29, 6, 75, 90, 16, 88, 17, 36, 3, 10, 98, 65, 93, 63, 69, 41, 13, 86, 64, 23, 30, 48, 60, 50, 27, 83, 9, 12, 56, 58, 80, 97, 85, 79, 82, 18, 44, 22, 21, 37, 77, 43, 74, 8, 47, 33, 67, 71, 42, 1, 15, 45, 87, 81, 4, 78];[1, 3, 4, 8, 9, 10, 12, 13, 15, 16, 17, 18, 22, 23, 28, 31, 33, 34, 35, 36, 37, 40, 42, 43, 44, 47, 48, 49, 50, 51, 56, 57, 58, 60, 63, 65, 66, 67, 68, 69, 70, 71, 72, 74, 76, 77, 78, 80, 81, 82, 84, 85, 87, 91, 92, 94, 95, 97, 98, 99]"
11638.974703,-37286.000000,"[0, 57, 66, 52, 62, 26, 61, 94, 11, 70, 32, 20, 73, 2, 14, 28, 89, 51, 99, 96, 53, 5, 55, 24, 35, 54, 38, 31, 92, 68, 46, 49, 39, 72, 95, 19, 34, 7, 91, 59, 76, 40, 84, 25, 29, 6, 75, 90, 16, 88, 17, 36, 3, 10, 98, 65, 93, 63, 69, 41, 13, 86, 64, 23, 30, 48, 60, 50, 27, 83, 9, 12, 56, 58, 80, 97, 85, 79, 82, 18, 44, 22, 21, 37, 77, 43, 74, 8, 47, 33, 67, 71, 42, 1, 15, 45, 87, 81, 4, 78];[0, 1, 3, 4, 8, 9, 10, 11, 12, 13, 15, 16, 17, 18, 19, 21, 22, 23, 27, 28, 31, 33, 34, 35, 36, 37, 40, 42, 43, 44, 47, 48, 49, 50, 51, 54, 56, 57, 58, 60, 63, 65, 66, 67, 68, 69, 70, 71, 72, 74, 76, 77, 78, 81, 82, 84, 85, 87, 91, 92, 94, 95, 97, 98, 99]"
9981.136332,-31375.000000,"[0, 57, 66, 52, 62, 26, 61, 94, 11, 70, 32, 20, 73, 2, 14, 28, 89, 51, 99, 96, 53, 5, 55, 24, 35, 54, 38, 31, 92, 68, 46, 49, 39, 72, 95, 19, 34, 7, 91, 59, 76, 40, 84, 25, 29, 6, 75, 90, 16, 88, 17, 36, 3, 10, 98, 65, 93, 63, 69, 41, 13, 86, 64, 23, 30, 48, 60, 50, 27, 83, 9, 12, 56, 58, 80, 97, 85, 79, 82, 18, 44, 22, 21, 37, 77, 43, 74, 8, 47, 33, 67, 71, 42, 1, 15, 45, 87, 81, 4, 78];[1, 3, 4, 8, 9, 10, 12, 13, 15, 16, 17, 18, 22, 23, 28, 36, 37, 40, 42, 43, 44, 47, 49, 50, 56, 57, 58, 60, 63, 65, 66, 67, 68, 69, 70, 71, 72, 74, 77, 78, 79, 81, 82, 84, 85, 87, 91, 92, 94, 97, 98, 99]"
11344.918716,-36572.000000,"[0, 57, 66, 52, 62, 26, 61, 94, 11, 70, 32, 20, 73, 2, 14, 28, 89, 51, 99, 96, 53, 5, 55, 24, 35, 54, 38, 31, 92, 68, 46, 49, 39, 72, 95, 19, 34, 7, 91, 59, 76, 40, 84, 25, 29, 6, 75, 90, 16, 88, 17, 36, 3, 10, 98, 65, 93, 63, 69, 41, 13, 86, 64, 23, 30, 48, 60, 50, 27, 83, 9, 12, 56, 58, 80, 97, 85, 79, 82, 18, 44, 22, 21, 37, 77, 43, 74, 8, 47, 33, 67, 71, 42, 1, 15, 45, 87, 81, 4, 78];[1, 3, 4, 8, 9, 10, 12, 13, 15, 16, 17, 18, 21, 22, 23, 27, 28, 31, 33, 34, 35, 36, 37, 40, 42, 43, 44, 47, 48, 49, 50, 51, 54, 55, 56, 57, 58, 60, 62, 63, 65, 66, 67, 68, 69, 70, 71, 72, 74, 76, 77, 78, 81, 82, 84, 85, 87, 91, 92, 93, 94, 95, 97, 98, 99]"
9195.283147,-25308.000000,"[0, 57, 66, 52, 62, 26, 61, 94, 11, 70, 32, 20, 73, 2, 14, 28, 89, 51, 99, 96, 53, 5, 55, 24, 35, 54, 38, 31, 92, 68, 46, 49, 39, 72, 95, 19, 34, 7, 91, 59, 76, 40, 84, 25, 29, 6, 75, 90, 16, 88, 17, 36, 3, 10, 98, 65, 93, 63, 69, 41, 13, 86, 64, 23, 30, 48, 60, 50, 27, 83, 9, 12, 56, 58, 80, 97, 85, 79, 82, 18, 44, 22, 21, 37, 77, 43, 74, 8, 47, 33, 67, 71, 42, 1, 15, 45, 87, 81, 4, 78];[1, 65, 3, 67, 4, 68, 69, 6, 70, 71, 8, 72, 9, 74, 12, 76, 13, 77, 78, 15, 16, 17, 81, 18, 82, 84, 85, 23, 87, 28, 92, 94, 97, 36, 37, 40, 42, 43, 44, 45, 47, 57, 58, 59]"
10803.922946,-35144.000000,"[0, 57, 66, 52, 62, 26, 61, 94, 11, 70, 32, 20, 73, 2, 14, 28, 89, 51, 99, 96, 53, 5, 55, 24, 35, 54, 38, 31, 92, 68, 46, 49, 39, 72, 95, 19, 34, 7, 91, 59, 76, 40, 84, 25, 29, 6, 75, 90, 16, 88, 17, 36, 3, 10, 98, 65, 93, 63, 69, 41, 13, 86, 64, 23, 30, 48, 60, 50, 27, 83, 9, 12, 56, 58, 80, 97, 85, 79, 82, 18, 44, 22, 21, 37, 77, 43, 74, 8, 47, 33, 67, 71, 42, 1, 15, 45, 87, 81, 4, 78];[0, 1, 3, 4, 8, 9, 10, 12, 13, 15, 16, 17, 18, 22, 23, 28, 31, 33, 34, 35, 36, 37, 40, 42, 43, 44, 47, 48, 49, 50, 51, 56, 57, 58, 60, 63, 65, 66, 67, 68, 69, 70, 71, 72, 74, 76, 77, 78, 81, 82, 84, 85, 87, 91, 92, 94, 95, 97, 98, 99]"
8741.358635,-16547.000000,"[0, 57, 66, 52, 62, 26, 61, 94, 11, 70, 32, 20, 73, 2, 14, 28, 89, 51, 99, 96, 53, 5, 55, 24, 35, 54, 38, 31, 92, 68, 46, 49, 39, 72, 95, 19, 34, 7, 91, 59, 76, 40, 84, 25, 29, 6, 75, 90, 16, 88, 17, 36, 3, 10, 98, 65, 93, 63, 69, 41, 13, 86, 64, 23, 30, 48, 60, 50, 27, 83, 9, 12, 56, 58, 80, 97, 85, 79, 82, 18, 44, 22, 21, 37, 77, 43, 74, 8, 47, 33, 67, 71, 42, 1, 15, 45, 87, 81, 4, 78];[65, 4, 6, 70, 8, 72, 9, 12, 13, 78, 15, 16, 81, 82, 22, 23, 87, 92, 94, 97, 40, 42, 43, 44, 45, 47, 57, 58, 59, 63]"
8878.895289,-20274.000000,"[0, 57, 66, 52, 62, 26, 61, 94, 11, 70, 32, 20, 73, 2, 14, 28, 89, 51, 99, 96, 53, 5, 55, 24, 35, 54, 38, 31, 92, 68, 46, 49, 39, 72, 95, 19, 34, 7, 91, 59, 76, 40, 84, 25, 29, 6, 75, 90, 16, 88, 17, 36, 3, 10, 98, 65, 93, 63, 69, 41, 13, 86, 64, 23, 30, 48, 60, 50, 27, 83, 9, 12, 56, 58, 80, 97, 85, 79, 82, 18, 44, 22, 21, 37, 77, 43, 74, 8, 47, 33, 67, 71, 42, 1, 15, 45, 87, 81, 4, 78];[67, 4, 68, 69, 6, 70, 71, 8, 72, 9, 74, 12, 76, 13, 77, 78, 15, 16, 81, 82, 84, 85, 22, 23, 87, 92, 94, 97, 34, 40, 42, 43, 44, 45, 47, 58, 59]"
9010.888923,-22979.000000,"[0, 57, 66, 52, 62, 26, 61, 94, 11, 70, 32, 20, 73, 2, 14, 28, 89, 51, 99, 96, 53, 5, 55, 24, 35, 54, 38, 31, 92, 68, 46, 49, 39, 72, 95, 19, 34, 7, 91, 59, 76, 40, 84, 25, 29, 6, 75, 90, 16, 88, 17, 36, 3, 10, 98, 65, 93, 63, 69, 41, 13, 86, 64, 23, 30, 48, 60, 50, 27, 83, 9, 12, 56, 58, 80, 97, 85, 79, 82, 18, 44, 22, 21, 37, 77, 43, 74, 8, 47, 33, 67, 71, 42, 1, 15, 45, 87, 81, 4, 78];[1, 65, 3, 67, 4, 68, 69, 6, 70, 71, 8, 72, 9, 74, 12, 76, 13, 77, 78, 15, 16, 81, 82, 84, 85, 22, 23, 87, 28, 92, 94, 97, 40, 42, 43, 44, 45, 47, 57, 58, 59]"
11292.604265,-36350.000000,"[0, 57, 66, 52, 62, 26, 61, 94, 11, 70, 32, 20, 73, 2, 14, 28, 89, 51, 99, 96, 53, 5, 55, 24, 35, 54, 38, 31, 92, 68, 46, 49, 39, 72, 95, 19, 34, 7, 91, 59, 76, 40, 84, 25, 29, 6, 75, 90, 16, 88, 17, 36, 3, 10, 98, 65, 93, 63, 69, 41, 13, 86, 64, 23, 30, 48, 60, 50, 27, 83, 9, 12, 56, 58, 80, 97, 85, 79, 82, 18, 44, 22, 21, 37, 77, 43, 74, 8, 47, 33, 67, 71, 42, 1, 15, 45, 87, 81, 4, 78];[1, 3, 4, 8, 9, 10, 12, 13, 15, 16, 17, 18, 22, 23, 28, 31, 33, 34, 35, 36, 37, 40, 42, 43, 44, 47, 48, 49, 50, 51, 54, 55, 56, 57, 58, 60, 62, 63, 65, 66, 67, 68, 69, 70, 71, 72, 74, 76, 77, 78, 80, 81, 82, 84, 85, 87, 91, 92, 94, 95, 97, 98, 99]"
9795.978743,-30578.000000,"[0, 57, 66, 52, 62, 26, 61, 94, 11, 70, 32, 20, 73, 2, 14, 28, 89, 51, 99, 96, 53, 5, 55, 24, 35, 54, 38, 31, 92, 68, 46, 49, 39, 72, 95, 19, 34, 7, 91, 59, 76, 40, 84, 25, 29, 6, 75, 90, 16, 88, 17, 36, 3, 10, 98, 65, 93, 63, 69, 41, 13, 86, 64, 23, 30, 48, 60, 50, 27, 83, 9, 12, 56, 58, 80, 97, 85, 79, 82, 18, 44, 22, 21, 37, 77, 43, 74, 8, 47, 33, 67, 71, 42, 1, 15, 45, 87, 81, 4, 78];[1, 3, 4, 8, 9, 10, 12, 13, 15, 16, 17, 18, 22, 23, 28, 31, 33, 34, 35, 36, 37, 40, 42, 43, 47, 49, 50, 56, 57, 58, 60, 65, 67, 68, 69, 70, 71, 72, 74, 77, 78, 81, 82, 84, 85, 87, 92, 94, 97, 98, 99]"
10341.852205,-33270.000000,"[0, 57, 66, 52, 62, 26, 61, 94, 11, 70, 32, 20, 73, 2, 14, 28, 89, 51, 99, 96, 53, 5, 55, 24, 35, 54, 38, 31, 92, 68, 46, 49, 39, 72, 95, 19, 34, 7, 91, 59, 76, 40, 84, 25, 29, 6, 75, 90, 16, 88, 17, 36, 3, 10, 98, 65, 93, 63, 69, 41, 13, 86, 64, 23, 30, 48, 60, 50, 27, 83, 9, 12, 56, 58, 80, 97, 85, 79, 82, 18, 44, 22, 21, 37, 77, 43, 74, 8, 47, 33, 67, 71, 42, 1, 15, 45, 87, 81, 4, 78];[1, 3, 4, 8, 9, 10, 12, 13, 15, 16, 17, 18, 22, 23, 27, 28, 31, 33, 34, 35, 36, 37, 40, 42, 43, 44, 47, 48, 49, 50, 51, 56, 57, 58, 60, 63, 65, 66, 67, 68, 69, 70, 71, 72, 74, 77, 78, 81, 82, 84, 85, 87, 92, 94, 97, 98, 99]"
10757.298100,-35111.000000,"[0, 57, 66, 52, 62, 26, 61, 94, 11, 70, 32, 20, 73, 2, 14, 28, 89, 51, 99, 96, 53, 5, 55, 24, 35, 54, 38, 31, 92, 68, 46, 49, 39, 72, 95, 19, 34, 7, 91, 59, 76, 40, 84, 25, 29, 6, 75, 90, 16, 88, 17, 36, 3, 10, 98, 65, 93, 63, 69, 41, 13, 86, 64, 23, 30, 48, 60, 50, 27, 83, 9, 12, 56, 58, 80, 97, 85, 79, 82, 18, 44, 22, 21, 37, 77, 43, 74, 8, 47, 33, 67, 71, 42, 1, 15, 45, 87, 81, 4, 78];[1, 3, 4, 6, 8, 9, 10, 12, 13, 15, 16, 17, 18, 22, 23, 28, 31, 33, 34, 35, 36, 37, 40, 42, 43, 44, 47, 48, 49, 50, 51, 56, 57, 58, 59, 60, 63, 65, 66, 67, 68, 69, 70, 71, 72, 74, 76, 77, 78, 81, 82, 84, 85, 87, 91, 92, 93, 94, 95, 97, 98, 99]"
10193.023253,-32372.000000,"[0, 57, 66, 52, 62, 26, 61, 94, 11, 70, 32, 20, 73, 2, 14, 28, 89, 51, 99, 96, 53, 5, 55, 24, 35, 54, 38, 31, 92, 68, 46, 49, 39, 72, 95, 19, 34, 7, 91, 59, 76, 40, 84, 25, 29, 6, 75, 90, 16, 88, 17, 36, 3, 10, 98, 65, 93, 63, 69, 41, 13, 86, 64, 23, 30, 48, 60, 50, 27, 83, 9, 12, 56, 58, 80, 97, 85, 79, 82, 18, 44, 22, 21, 37, 77, 43, 74, 8, 47, 33, 67, 71, 42, 1, 15, 45, 87, 81, 4, 78];[1, 3, 4, 8, 9, 10, 12, 13, 15, 16, 17, 18, 22, 23, 27, 28, 31, 33, 34, 35, 36, 37, 40, 42, 43, 44, 47, 48, 49, 50, 51, 56, 57, 58, 60, 63, 65, 66, 67, 68, 69, 70, 71, 72, 74, 77, 78, 79, 81, 82, 84, 85, 87, 92, 94, 97]"
11859.619440,-37644.000000,"[0, 57, 66, 52, 62, 26, 61, 94, 11, 70, 32, 20, 73, 2, 14, 28, 89, 51, 99, 96, 53, 5, 55, 24, 35, 54, 38, 31, 92, 68, 46, 49, 39, 72, 95, 19, 34, 7, 91, 59, 76, 40, 84, 25, 29, 6, 75, 90, 16, 88, 17, 36, 3, 10, 98, 65, 93, 63, 69, 41, 13, 86, 64, 23, 30, 48, 60, 50, 27, 83, 9, 12, 56, 58, 80, 97, 85, 79, 82, 18, 44, 22, 21, 37, 77, 43, 74, 8, 47, 33, 67, 71, 42, 1, 15, 45, 87, 81, 4, 78];[0, 1, 3, 4, 6, 8, 9, 10, 12, 13, 15, 16, 17, 18, 19, 21, 22, 23, 27, 28, 31, 33, 34, 35, 36, 37, 40, 42, 44, 47, 48, 49, 50, 51, 54, 55, 56, 57, 58, 60, 62, 63, 65, 66, 67, 68, 69, 70, 71, 72, 74, 76, 77, 78, 80, 81, 82, 84, 85, 87, 91, 92, 94, 95, 97, 98, 99]"
11247.789328,-36234.000000,"[0, 57, 66, 52, 62, 26, 61, 94, 11, 70, 32, 20, 73, 2, 14, 28, 89, 51, 99, 96, 53, 5, 55, 24, 35, 54, 38, 31, 92, 68, 46, 49, 39, 72, 95, 19, 34, 7, 91, 59, 76, 40, 84, 25, 29, 6, 75, 90, 16, 88, 17, 36, 3, 10, 98, 65, 93, 63, 69, 41, 13, 86, 64, 23, 30, 48, 60, 50, 27, 83, 9, 12, 56, 58, 80, 97, 85, 79, 82, 18, 44, 22, 21, 37, 77, 43, 74, 8, 47, 33, 67, 71, 42, 1, 15, 45, 87, 81, 4, 78];[0, 1, 3, 4, 6, 8, 9, 10, 11, 12, 13, 15, 16, 17, 18, 19, 21, 22, 23, 27, 28, 31, 33, 34, 35, 36, 37, 40, 42, 43, 44, 47, 48, 49, 50, 51, 56, 57, 58, 60, 63, 65, 66, 67, 68, 69, 70, 71, 72, 74, 77, 78, 81, 82, 84, 85, 87, 91, 92, 94, 95, 97, 98, 99]"
11161.084001,-36224.000000,"[0, 57, 66, 52, 62, 26, 61, 94, 11, 70, 32, 20, 73, 2, 14, 28, 89, 51, 99, 96, 53, 5, 55, 24, 35, 54, 38, 31, 92, 68, 46, 49, 39, 72, 95, 19, 34, 7, 91, 59, 76, 40, 84, 25, 29, 6, 75, 90, 16, 88, 17, 36, 3, 10, 98, 65, 93, 63, 69, 41, 13, 86, 64, 23, 30, 48, 60, 50, 27, 83, 9, 12, 56, 58, 80, 97, 85, 79, 82, 18, 44, 22, 21, 37, 77, 43, 74, 8, 47, 33, 67, 71, 42, 1, 15, 45, 87, 81, 4, 78];[1, 3, 4, 6, 8, 9, 10, 12, 13, 15, 16, 17, 18, 22, 23, 28, 31, 33, 34, 35, 36, 37, 40, 42, 43, 44, 47, 48, 49, 50, 51, 54, 56, 57, 58, 59, 60, 62, 65, 66, 67, 68, 69, 70, 71, 72, 74, 76, 77, 78, 80, 81, 82, 84, 85, 87, 91, 92, 94, 95, 97, 98, 99]"
9115.619073,-24136.000000,"[0, 57, 66, 52, 62, 26, 61, 94, 11, 70, 32, 20, 73, 2, 14, 28, 89, 51, 99, 96, 53, 5, 55, 24, 35, 54, 38, 31, 92, 68, 46, 49, 39, 72, 95, 19, 34, 7, 91, 59, 76, 40, 84, 25, 29, 6, 75, 90, 16, 88, 17, 36, 3, 10, 98, 65, 93, 63, 69, 41, 13, 86, 64, 23, 30, 48, 60, 50, 27, 83, 9, 12, 56, 58, 80, 97, 85, 79, 82, 18, 44, 22, 21, 37, 77, 43, 74, 8, 47, 33, 67, 71, 42, 1, 15, 45, 87, 81, 4, 78];[1, 65, 3, 67, 4, 68, 69, 6, 70, 71, 8, 72, 9, 74, 12, 76, 13, 77, 78, 15, 16, 17, 81, 18, 82, 84, 85, 22, 23, 87, 28, 92, 94, 97, 36, 40, 42, 43, 44, 45, 47, 58, 60]"
11716.846875,-37318.000000,"[0, 57, 66, 52, 62, 26, 61, 94, 11, 70, 32, 20, 73, 2, 14, 28, 89, 51, 99, 96, 53, 5, 55, 24, 35, 54, 38, 31, 92, 68, 46, 49, 39, 72, 95, 19, 34, 7, 91, 59, 76, 40, 84, 25, 29, 6, 75, 90, 16, 88, 17, 36, 3, 10, 98, 65, 93, 63, 69, 41, 13, 86, 64, 23, 30, 48, 60, 50, 27, 83, 9, 12, 56, 58, 80, 97, 85, 79, 82, 18, 44, 22, 21, 37, 77, 43, 74, 8, 47, 33, 67, 71, 42, 1, 15, 45, 87, 81, 4, 78];[1, 3, 4, 6, 8, 9, 10, 12, 13, 15, 16, 17, 18, 19, 21, 22, 23, 27, 28, 31, 33, 34, 35, 36, 37, 40, 42, 43, 44, 47, 48, 49, 50, 51, 54, 55, 56, 57, 58, 60, 62, 63, 65, 66, 67, 68, 69, 70, 71, 72, 74, 76, 77, 78, 80, 81, 82, 84, 85, 87, 91, 92, 94, 95, 97, 98, 99]"
9618.074871,-29287.000000,"[0, 57, 66, 52, 62, 26, 61, 94, 11, 70, 32, 20, 73, 2, 14, 28, 89, 51, 99, 96, 53, 5, 55, 24, 35, 54, 38, 31, 92, 68, 46, 49, 39, 72, 95, 19, 34, 7, 91, 59, 76, 40, 84, 25, 29, 6, 75, 90, 16, 88, 17, 36, 3, 10, 98, 65, 93, 63, 69, 41, 13, 86, 64, 23, 30, 48, 60, 50, 27, 83, 9, 12, 56, 58, 80, 97, 85, 79, 82, 18, 44, 22, 21, 37, 77, 43, 74, 8, 47, 33, 67, 71, 42, 1, 15, 45, 87, 81, 4, 78];[1, 3, 4, 8, 9, 10, 12, 13, 15, 16, 17, 18, 22, 23, 28, 36, 37, 40, 42, 43, 47, 49, 50, 56, 57, 58, 60, 65, 67, 68, 69, 70, 71, 72, 74, 76, 77, 78, 81, 82, 84, 85, 87, 92, 94, 95, 97, 98, 99]"
9883.054742,-30871.000000,"[0, 57, 66, 52, 62, 26, 61, 94, 11, 70, 32, 20, 73, 2, 14, 28, 89, 51, 99, 96, 53, 5, 55, 24, 35, 54, 38, 31, 92, 68, 46, 49, 39, 72, 95, 19, 34, 7, 91, 59, 76, 40, 84, 25, 29, 6, 75, 90, 16, 88, 17, 36, 3, 10, 98, 65, 93, 63, 69, 41, 13, 86, 64, 23, 30, 48, 60, 50, 27, 83, 9, 12, 56, 58, 80, 97, 85, 79, 82, 18, 44, 22, 21, 37, 77, 43, 74, 8, 47, 33, 67, 71, 42, 1, 15, 45, 87, 81, 4, 78];[1, 3, 4, 6, 8, 9, 12, 13, 15, 16, 17, 18, 22, 23, 28, 36, 37, 40, 42, 43, 47, 49, 50, 56, 57, 58, 60, 65, 66, 67, 68, 69, 70, 71, 72, 74, 76, 77, 78, 80, 81, 82, 84, 85, 87, 91, 92, 94, 95, 97, 98, 99]"
10656.098029,-34743.000000,"[0, 57, 66, 52, 62, 26, 61, 94, 11, 70, 32, 20, 73, 2, 14, 28, 89, 51, 99, 96, 53, 5, 55, 24, 35, 54, 38, 31, 92, 68, 46, 49, 39, 72, 95, 19, 34, 7, 91, 59, 76, 40, 84, 25, 29, 6, 75, 90, 16, 88, 17, 36, 3, 10, 98, 65, 93, 63, 69, 41, 13, 86, 64, 23, 30, 48, 60, 50, 27, 83, 9, 12, 56, 58, 80, 97, 85, 79, 82, 18, 44, 22, 21, 37, 77, 43, 74, 8, 47, 33, 67, 71, 42, 1, 15, 45, 87, 81, 4, 78];[1, 3, 4, 8, 9, 10, 12, 13, 15, 16, 17, 18, 22, 23, 28, 31, 33, 34, 35, 36, 37, 40, 42, 43, 44, 47, 48, 49, 50, 51, 56, 57, 58, 60, 63, 65, 66, 67, 68, 69, 70, 71, 72, 74, 76, 77, 78, 81, 82, 84, 85, 87, 91, 92, 93, 94, 97, 98, 99]"
9859.559816,-30639.000000,"[0, 57, 66, 52, 62, 26, 61, 94, 11, 70, 32, 20, 73, 2, 14, 28, 89, 51, 99, 96, 53, 5, 55, 24, 35, 54, 38, 31, 92, 68, 46, 49, 39, 72, 95, 19, 34, 7, 91, 59, 76, 40, 84, 25, 29, 6, 75, 90, 16, 88, 17, 36, 3, 10, 98, 65, 93, 63, 69, 41, 13, 86, 64, 23, 30, 48, 60, 50, 27, 83, 9, 12, 56, 58, 80, 97, 85, 79, 82, 18, 44, 22, 21, 37, 77, 43, 74, 8, 47, 33, 67, 71, 42, 1, 15, 45, 87, 81, 4, 78];[1, 3, 4, 6, 8, 9, 12, 13, 15, 16, 17, 18, 22, 23, 28, 36, 37, 40, 42, 43, 47, 49, 50, 56, 57, 58, 60, 63, 65, 66, 67, 68, 69, 70, 71, 72, 74, 77, 78, 79, 81, 82, 84, 85, 87, 91, 92, 94, 97, 98, 99]"
11397.582185,-36678.000000,"[0, 57, 66, 52, 62, 26, 61, 94, 11, 70, 32, 20, 73, 2, 14, 28, 89, 51, 99, 96, 53, 5, 55, 24, 35, 54, 38, 31, 92, 68, 46, 49, 39, 72, 95, 19, 34, 7, 91, 59, 76, 40, 84, 25, 29, 6, 75, 90, 16, 88, 17, 36, 3, 10, 98, 65, 93, 63, 69, 41, 13, 86, 64, 23, 30, 48, 60, 50, 27, 83, 9, 12, 56, 58, 80, 97, 85, 79, 82, 18, 44, 22, 21, 37, 77, 43, 74, 8, 47, 33, 67, 71, 42, 1, 15, 45, 87, 81, 4, 78];[0, 1, 3, 4, 8, 9, 10, 12, 13, 15, 16, 17, 18, 22, 23, 28, 31, 33, 34, 35, 36, 37, 40, 42, 43, 44, 47, 48, 49, 50, 51, 54, 55, 56, 57, 58, 60, 62, 63, 65, 66, 67, 68, 69, 70, 71, 72, 74, 76, 77, 78, 81, 82, 84, 85, 87, 91, 92, 94, 95, 97, 98, 99]"
10588.821787,-34035.000000,"[0, 57, 66, 52, 62, 26, 61, 94, 11, 70, 32, 20, 73, 2, 14, 28, 89, 51, 99, 96, 53, 5, 55, 24, 35, 54, 38, 31, 92, 68, 46, 49, 39, 72, 95, 19, 34, 7, 91, 59, 76, 40, 84, 25, 29, 6, 75, 90, 16, 88, 17, 36, 3, 10, 98, 65, 93, 63, 69, 41, 13, 86, 64, 23, 30, 48, 60, 50, 27, 83, 9, 12, 56, 58, 80, 97, 85, 79, 82, 18, 44, 22, 21, 37, 77, 43, 74, 8, 47, 33, 67, 71, 42, 1, 15, 45, 87, 81, 4, 78];[1, 3, 4, 6, 8, 9, 10, 12, 13, 15, 16, 17, 18, 19, 21, 22, 23, 27, 28, 31, 33, 34, 35, 36, 37, 40, 42, 43, 44, 47, 48, 49, 50, 51, 56, 57, 58, 60, 63, 65, 66, 67, 68, 69, 70, 71, 72, 74, 77, 78, 81, 82, 84, 85, 87, 92, 94, 97, 98, 99]"
10237.223086,-32711.000000,"[0, 57, 66, 52, 62, 26, 61, 94, 11, 70, 32, 20, 73, 2, 14, 28, 89, 51, 99, 96, 53, 5, 55, 24, 35, 54, 38, 31, 92, 68, 46, 49, 39, 72, 95, 19, 34, 7, 91, 59, 76, 40, 84, 25, 29, 6, 75, 90, 16, 88, 17, 36, 3, 10, 98, 65, 93, 63, 69, 41, 13, 86, 64, 23, 30, 48, 60, 50, 27, 83, 9, 12, 56, 58, 80, 97, 85, 79, 82, 18, 44, 22, 21, 37, 77, 43, 74, 8, 47, 33, 67, 71, 42, 1, 15, 45, 87, 81, 4, 78];[1, 3, 4, 8, 9, 10, 12, 13, 15, 16, 17, 18, 22, 23, 28, 31, 33, 34, 35, 36, 37, 40, 42, 43, 44, 47, 48, 49, 50, 56, 57, 58, 60, 65, 67, 68, 69, 70, 71, 72, 74, 76, 77, 78, 81, 82, 84, 85, 87, 91, 92, 94, 95, 97, 98, 99]"
10275.462637,-33067.000000,"[0, 57, 66, 52, 62, 26, 61, 94, 11, 70, 32, 20, 73, 2, 14, 28, 89, 51, 99, 96, 53, 5, 55, 24, 35, 54, 38, 31, 92, 68, 46, 49, 39, 72, 95, 19, 34, 7, 91, 59, 76, 40, 84, 25, 29, 6, 75, 90, 16, 88, 17, 36, 3, 10, 98, 65, 93, 63, 69, 41, 13, 86, 64, 23, 30, 48, 60, 50, 27, 83, 9, 12, 56, 58, 80, 97, 85, 79, 82, 18, 44, 22, 21, 37, 77, 43, 74, 8, 47, 33, 67, 71, 42, 1, 15, 45, 87, 81, 4, 78];[1, 3, 4, 8, 9, 10, 12, 13, 15, 16, 17, 18, 22, 23, 28, 31, 33, 34, 35, 36, 37, 40, 42, 43, 44, 47, 48, 49, 50, 51, 56, 57, 58, 60, 63, 65, 66, 67, 68, 69, 70, 71, 72, 74, 77, 78, 81, 82, 84, 85, 87, 92, 94, 97, 98, 99]"
11778.656174,-37632.000000,"[0, 57, 66, 52, 62, 26, 61, 94, 11, 70, 32, 20, 73, 2, 14, 28, 89, 51, 99, 96, 53, 5, 55, 24, 35, 54, 38, 31, 92, 68, 46, 49, 39, 72, 95, 19, 34, 7, 91, 59, 76, 40, 84, 25, 29, 6, 75, 90, 16, 88, 17, 36, 3, 10, 98, 65, 93, 63, 69, 41, 13, 86, 64, 23, 30, 48, 60, 50, 27, 83, 9, 12, 56, 58, 80, 97, 85, 79, 82, 18, 44, 22, 21, 37, 77, 43, 74, 8, 47, 33, 67, 71, 42, 1, 15, 45, 87, 81, 4, 78];[0, 1, 3, 4, 8, 9, 10, 11, 12, 13, 15, 16, 17, 18, 19, 21, 22, 23, 27, 28, 31, 33, 34, 35, 36, 37, 40, 42, 43, 44, 47, 48, 49, 50, 51, 54, 56, 57, 58, 60, 63, 65, 66, 67, 68, 69, 70, 71, 72, 74, 76, 77, 78, 80, 81, 82, 84, 85, 87, 91, 92, 94, 95, 97, 98, 99]"
11915.004253,-37947.000000,"[0, 57, 66, 52, 62, 26, 61, 94, 11, 70, 32, 20, 73, 2, 14, 28, 89, 51, 99, 96, 53, 5, 55, 24, 35, 54, 38, 31, 92, 68, 46, 49, 39, 72, 95, 19, 34, 7, 91, 59, 76, 40, 84, 25, 29, 6, 75, 90, 16, 88, 17, 36, 3, 10, 98, 65, 93, 63, 69, 41, 13, 86, 64, 23, 30, 48, 60, 50, 27, 83, 9, 12, 56, 58, 80, 97, 85, 79, 82, 18, 44, 22, 21, 37, 77, 43, 74, 8, 47, 33, 67, 71, 42, 1, 15, 45, 87, 81, 4, 78];[0, 1, 3, 4, 6, 8, 9, 10, 11, 12, 13, 15, 16, 17, 18, 19, 21, 22, 23, 27, 28, 31, 34, 35, 36, 37, 40, 42, 43, 44, 47, 48, 49, 50, 51, 54, 55, 56, 57, 58, 60, 62, 63, 65, 66, 67, 68, 69, 70, 71, 72, 74, 77, 78, 79, 81, 82, 84, 85, 87, 91, 92, 94, 97, 98, 99]"
9260.723387,-26369.000000,"[0, 57, 66, 52, 62, 26, 61, 94, 11, 70, 32, 20, 73, 2, 14, 28, 89, 51, 99, 96, 53, 5, 55, 24, 35, 54, 38, 31, 92, 68, 46, 49, 39, 72, 95, 19, 34, 7, 91, 59, 76, 40, 84, 25, 29, 6, 75, 90, 16, 88, 17, 36, 3, 10, 98, 65, 93, 63, 69, 41, 13, 86, 64, 23, 30, 48, 60, 50, 27, 83, 9, 12, 56, 58, 80, 97, 85, 79, 82, 18, 44, 22, 21, 37, 77, 43, 74, 8, 47, 33, 67, 71, 42, 1, 15, 45, 87, 81, 4, 78];[1, 65, 3, 67, 4, 68, 69, 6, 70, 71, 8, 72, 9, 74, 12, 76, 13, 77, 78, 15, 16, 17, 81, 18, 82, 84, 85, 22, 23, 87, 28, 92, 94, 97, 99, 36, 37, 40, 42, 43, 44, 45, 47, 56, 57, 58, 60]"
9347.518106,-26939.000000,"[0, 57, 66, 52, 62, 26, 61, 94, 11, 70, 32, 20, 73, 2, 14, 28, 89, 51, 99, 96, 53, 5, 55, 24, 35, 54, 38, 31, 92, 68, 46, 49, 39, 72, 95, 19, 34, 7, 91, 59, 76, 40, 84, 25, 29, 6, 75, 90, 16, 88, 17, 36, 3, 10, 98, 65, 93, 63, 69, 41, 13, 86, 64, 23, 30, 48, 60, 50, 27, 83, 9, 12, 56, 58, 80, 97, 85, 79, 82, 18, 44, 22, 21, 37, 77, 43, 74, 8, 47, 33, 67, 71, 42, 1, 15, 45, 87, 81, 4, 78];[65, 67, 4, 68, 69, 6, 70, 71, 8, 72, 9, 74, 12, 76, 13, 77, 78, 15, 16, 17, 81, 18, 82, 84, 85, 22, 23, 87, 28, 92, 94, 97, 99, 36, 37, 40, 42, 43, 47, 49, 50, 56, 57, 58, 60]"
9770.067424,-30274.000000,"[0, 57, 66, 52, 62, 26, 61, 94, 11, 70, 32, 20, 73, 2, 14, 28, 89, 51, 99, 96, 53, 5, 55, 24, 35, 54, 38, 31, 92, 68, 46, 49, 39, 72, 95, 19, 34, 7, 91, 59, 76, 40, 84, 25, 29, 6, 75, 90, 16, 88, 17, 36, 3, 10, 98, 65, 93, 63, 69, 41, 13, 86, 64, 23, 30, 48, 60, 50, 27, 83, 9, 12, 56, 58, 80, 97, 85, 79, 82, 18, 44, 22, 21, 37, 77, 43, 74, 8, 47, 33, 67, 71, 42, 1, 15, 45, 87, 81, 4, 78];[1, 3, 4, 8, 9, 10, 12, 13, 15, 16, 17, 18, 22, 23, 28, 36, 37, 40, 42, 43, 44, 47, 49, 50, 56, 57, 58, 60, 63, 65, 66, 67, 68, 69, 70, 71, 72, 74, 77, 78, 81, 82, 84, 85, 87, 92, 94, 95, 97, 98, 99]"
11977.903697,-38111.000000,"[0, 57, 66, 52, 62, 26, 61, 94, 11, 70, 32, 20, 73, 2, 14, 28, 89, 51, 99, 96, 53, 5, 55, 24, 35, 54, 38, 31, 92, 68, 46, 49, 39, 72, 95, 19, 34, 7, 91, 59, 76, 40, 84, 25, 29, 6, 75, 90, 16, 88, 17, 36, 3, 10, 98, 65, 93, 63, 69, 41, 13, 86, 64, 23, 30, 48, 60, 50, 27, 83, 9, 12, 56, 58, 80, 97, 85, 79, 82, 18, 44, 22, 21, 37, 77, 43, 74, 8, 47, 33, 67, 71, 42, 1, 15, 45, 87, 81, 4, 78];[0, 1, 3, 4, 6, 8, 9, 10, 11, 12, 13, 15, 16, 17, 18, 19, 21, 22, 23, 27, 28, 31, 34, 35, 36, 37, 40, 42, 43, 44, 47, 48, 49, 50, 51, 54, 55, 56, 57, 58, 60, 62, 63, 65, 66, 67, 68, 69, 70, 71, 72, 74, 76, 77, 78, 81, 82, 84, 85, 87, 91, 92, 94, 97, 98, 99]"
11092.815096,-35653.000000,"[0, 57, 66, 52, 62, 26, 61, 94, 11, 70, 32, 20, 73, 2, 14, 28, 89, 51, 99, 96, 53, 5, 55, 24, 35, 54, 38, 31, 92, 68, 46, 49, 39, 72, 95, 19, 34, 7, 91, 59, 76, 40, 84, 25, 29, 6, 75, 90, 16, 88, 17, 36, 3, 10, 98, 65, 93, 63, 69, 41, 13, 86, 64, 23, 30, 48, 60, 50, 27, 83, 9, 12, 56, 58, 80, 97, 85, 79, 82, 18, 44, 22, 21, 37, 77, 43, 74, 8, 47, 33, 67, 71, 42, 1, 15, 45, 87, 81, 4, 78];[1, 3, 4, 6, 8, 9, 12, 13, 15, 16, 17, 18, 22, 23, 28, 31, 33, 34, 35, 36, 37, 40, 42, 43, 44, 47, 48, 49, 50, 51, 54, 55, 56, 57, 58, 60, 62, 63, 65, 66, 67, 68, 69, 70, 71, 72, 74, 76, 77, 78, 81, 82, 84, 85, 87, 91, 92, 93, 94, 97, 98, 99]"
12147.800908,-38265.000000,"[0, 57, 66, 52, 62, 26, 61, 94, 11, 70, 32, 20, 73, 2, 14, 28, 89, 51, 99, 96, 53, 5, 55, 24, 35, 54, 38, 31, 92, 68, 46, 49, 39, 72, 95, 19, 34, 7, 91, 59, 76, 40, 84, 25, 29, 6, 75, 90, 16, 88, 17, 36, 3, 10, 98, 65, 93, 63, 69, 41, 13, 86, 64, 23, 30, 48, 60, 50, 27, 83, 9, 12, 56, 58, 80, 97, 85, 79, 82, 18, 44, 22, 21, 37, 77, 43, 74, 8, 47, 33, 67, 71, 42, 1, 15, 45, 87, 81, 4, 78];[0, 1, 3, 4, 6, 8, 9, 10, 11, 12, 13, 15, 16, 17, 18, 19, 21, 22, 23, 27, 28, 31, 33, 34, 35, 36, 37, 40, 42, 43, 44, 47, 48, 49, 50, 51, 54, 55, 56, 57, 58, 62, 63, 65, 66, 67, 68, 69, 70, 71, 72, 74, 76, 77, 78, 80, 81, 82, 84, 85, 87, 91, 92, 94, 95, 97, 98, 99]"
10395.644735,-33418.000000,"[0, 57, 66, 52, 62, 26, 61, 94, 11, 70, 32, 20, 73, 2, 14, 28, 89, 51, 99, 96, 53, 5, 55, 24, 35, 54, 38, 31, 92, 68, 46, 49, 39, 72, 95, 19, 34, 7, 91, 59, 76, 40, 84, 25, 29, 6, 75, 90, 16, 88, 17, 36, 3, 10, 98, 65, 93, 63, 69, 41, 13, 86, 64, 23, 30, 48, 60, 50, 27, 83, 9, 12, 56, 58, 80, 97, 85, 79, 82, 18, 44, 22, 21, 37, 77, 43, 74, 8, 47, 33, 67, 71, 42, 1, 15, 45, 87, 81, 4, 78];[1, 3, 4, 8, 9, 10, 12, 13, 15, 16, 17, 18, 22, 23, 28, 31, 33, 34, 35, 36, 40, 42, 43, 44, 47, 48, 49, 50, 51, 56, 57, 58, 60, 63, 65, 66, 67, 68, 69, 70, 71, 72, 74, 77, 78, 81, 82, 84, 85, 87, 91, 92, 94, 95, 97, 98, 99]"
9754.704791,-30121.000000,"[0, 57, 66, 52, 62, 26, 61, 94, 11, 70, 32, 20, 73, 2, 14, 28, 89, 51, 99, 96, 53, 5, 55, 24, 35, 54, 38, 31, 92, 68, 46, 49, 39, 72, 95, 19, 34, 7, 91, 59, 76, 40, 84, 25, 29, 6, 75, 90, 16, 88, 17, 36, 3, 10, 98, 65, 93, 63, 69, 41, 13, 86, 64, 23, 30, 48, 60, 50, 27, 83, 9, 12, 56, 58, 80, 97, 85, 79, 82, 18, 44, 22, 21, 37, 77, 43, 74, 8, 47, 33, 67, 71, 42, 1, 15, 45, 87, 81, 4, 78];[1, 3, 4, 8, 9, 10, 12, 13, 15, 16, 17, 18, 22, 23, 28, 31, 33, 34, 35, 36, 37, 40, 42, 43, 47, 49, 50, 56, 57, 58, 60, 65, 67, 68, 69, 70, 71, 72, 74, 76, 77, 78, 81, 82, 84, 85, 87, 92, 94, 97, 99]"
9397.788121,-27683.000000,"[0, 57, 66, 52, 62, 26, 61, 94, 11, 70, 32, 20, 73, 2, 14, 28, 89, 51, 99, 96, 53, 5, 55, 24, 35, 54, 38, 31, 92, 68, 46, 49, 39, 72, 95, 19, 34, 7, 91, 59, 76, 40, 84, 25, 29, 6, 75, 90, 16, 88, 17, 36, 3, 10, 98, 65, 93, 63, 69, 41, 13, 86, 64, 23, 30, 48, 60, 50, 27, 83, 9, 12, 56, 58, 80, 97, 85, 79, 82, 18, 44, 22, 21, 37, 77, 43, 74, 8, 47, 33, 67, 71, 42, 1, 15, 45, 87, 81, 4, 78];[1, 65, 3, 67, 4, 68, 69, 6, 70, 71, 8, 72, 9, 74, 12, 76, 13, 77, 78, 15, 16, 17, 81, 18, 82, 84, 85, 22, 23, 87, 28, 92, 94, 97, 99, 36, 37, 40, 42, 43, 47, 49, 50, 56, 57, 58, 60]"
11760.909762,-37436.000000,"[0, 57, 66, 52, 62, 26, 61, 94, 11, 70, 32, 20, 73, 2, 14, 28, 89, 51, 99, 96, 53, 5, 55, 24, 35, 54, 38, 31, 92, 68, 46, 49, 39, 72, 95, 19, 34, 7, 91, 59, 76, 40, 84, 25, 29, 6, 75, 90, 16, 88, 17, 36, 3, 10, 98, 65, 93, 63, 69, 41, 13, 86, 64, 23, 30, 48, 60, 50, 27, 83, 9, 12, 56, 58, 80, 97, 85, 79, 82, 18, 44, 22, 21, 37, 77, 43, 74, 8, 47, 33, 67, 71, 42, 1, 15, 45, 87, 81, 4, 78];[0, 1, 3, 4, 8, 9, 10, 11, 12, 13, 15, 16, 17, 18, 19, 21, 22, 23, 27, 28, 31, 33, 34, 35, 36, 37, 40, 42, 43, 44, 47, 48, 49, 50, 51, 54, 56, 57, 58, 60, 61, 63, 65, 66, 67, 68, 69, 70, 71, 72, 74, 76, 77, 78, 81, 82, 84, 85, 87, 91, 92, 94, 95, 97, 98, 99]"
12170.850346,-38495.000000,"[0, 57, 66, 52, 62, 26, 61, 94, 11, 70, 32, 20, 73, 2, 14, 28, 89, 51, 99, 96, 53, 5, 55, 24, 35, 54, 38, 31, 92, 68, 46, 49, 39, 72, 95, 19, 34, 7, 91, 59, 76, 40, 84, 25, 29, 6, 75, 90, 16, 88, 17, 36, 3, 10, 98, 65, 93, 63, 69, 41, 13, 86, 64, 23, 30, 48, 60, 50, 27, 83, 9, 12, 56, 58, 80, 97, 85, 79, 82, 18, 44, 22, 21, 37, 77, 43, 74, 8, 47, 33, 67, 71, 42, 1, 15, 45, 87, 81, 4, 78];[0, 1, 3, 4, 6, 8, 9, 10, 11, 12, 13, 15, 16, 17, 18, 19, 21, 22, 23, 27, 28, 31, 33, 34, 35, 36, 37, 40, 42, 43, 44, 47, 48, 49, 50, 51, 54, 55, 56, 57, 58, 60, 62, 63, 65, 66, 67, 68, 69, 70, 71, 72, 74, 76, 77, 78, 81, 82, 84, 85, 87, 91, 92, 93, 94, 97, 98, 99]"
10138.952666,-32261.000000,"[0, 57, 66, 52, 62, 26, 61, 94, 11, 70, 32, 20, 73, 2, 14, 28, 89, 51, 99, 96, 53, 5, 55, 24, 35, 54, 38, 31, 92, 68, 46, 49, 39, 72, 95, 19, 34, 7, 91, 59, 76, 40, 84, 25, 29, 6, 75, 90, 16, 88, 17, 36, 3, 10, 98, 65, 93, 63, 69, 41, 13, 86, 64, 23, 30, 48, 60, 50, 27, 83, 9, 12, 56, 58, 80, 97, 85, 79, 82, 18, 44, 22, 21, 37, 77, 43, 74, 8, 47, 33, 67, 71, 42, 1, 15, 45, 87, 81, 4, 78];[1, 3, 4, 8, 9, 10, 12, 13, 15, 16, 17, 18, 22, 23, 28, 31, 33, 34, 35, 36, 37, 40, 42, 43, 44, 47, 48, 49, 50, 51, 56, 57, 58, 60, 65, 67, 68, 69, 70, 71, 72, 74, 76, 77, 78, 81, 82, 84, 85, 87, 92, 94, 95, 97, 98, 99]"
11105.948715,-35926.000000,"[0, 57, 66, 52, 62, 26, 61, 94, 11, 70, 32, 20, 73, 2, 14, 28, 89, 51, 99, 96, 53, 5, 55, 24, 35, 54, 38, 31, 92, 68, 46, 49, 39, 72, 95, 19, 34, 7, 91, 59, 76, 40, 84, 25, 29, 6, 75, 90, 16, 88, 17, 36, 3, 10, 98, 65, 93, 63, 69, 41, 13, 86, 64, 23, 30, 48, 60, 50, 27, 83, 9, 12, 56, 58, 80, 97, 85, 79, 82, 18, 44, 22, 21, 37, 77, 43, 74, 8, 47, 33, 67, 71, 42, 1, 15, 45, 87, 81, 4, 78];[1, 3, 4, 8, 9, 10, 12, 13, 15, 16, 17, 18, 22, 23, 28, 31, 33, 34, 35, 36, 37, 40, 42, 43, 44, 47, 48, 49, 50, 51, 54, 56, 57, 58, 60, 62, 63, 65, 66, 67, 68, 69, 70, 71, 72, 74, 76, 77, 78, 81, 82, 84, 85, 87, 91, 92, 94, 95, 97, 98, 99]"
10954.407789,-35438.000000,"[0, 57, 66, 52, 62, 26, 61, 94, 11, 70, 32, 20, 73, 2, 14, 28, 89, 51, 99, 96, 53, 5, 55, 24, 35, 54, 38, 31, 92, 68, 46, 49, 39, 72, 95, 19, 34, 7, 91, 59, 76, 40, 84, 25, 29, 6, 75, 90, 16, 88, 17, 36, 3, 10, 98, 65, 93, 63, 69, 41, 13, 86, 64, 23, 30, 48, 60, 50, 27, 83, 9, 12, 56, 58, 80, 97, 85, 79, 82, 18, 44, 22, 21, 37, 77, 43, 74, 8, 47, 33, 67, 71, 42, 1, 15, 45, 87, 81, 4, 78];[1, 3, 4, 6, 8, 9, 10, 12, 13, 15, 16, 17, 18, 19, 21, 22, 23, 27, 28, 31, 33, 34, 35, 36, 37, 40, 42, 43, 44, 47, 48, 49, 50, 51, 56, 57, 58, 60, 63, 65, 66, 67, 68, 69, 70, 71, 72, 74, 76, 77, 78, 81, 82, 84, 85, 87, 91, 92, 94, 95, 97, 98, 99]"
11438.958374,-36831.000000,"[0, 57, 66, 52, 62, 26, 61, 94, 11, 70, 32, 20, 73, 2, 14, 28, 89, 51, 99, 96, 53, 5, 55, 24, 35, 54, 38, 31, 92, 68, 46, 49, 39, 72, 95, 19, 34, 7, 91, 59, 76, 40, 84, 25, 29, 6, 75, 90, 16, 88, 17, 36, 3, 10, 98, 65, 93, 63, 69, 41, 13, 86, 64, 23, 30, 48, 60, 50, 27, 83, 9, 12, 56, 58, 80, 97, 85, 79, 82, 18, 44, 22, 21, 37, 77, 43, 74, 8, 47, 33, 67, 71, 42, 1, 15, 45, 87, 81, 4, 78];[0, 1, 3, 4, 6, 8, 9, 10, 11, 12, 13, 15, 16, 17, 18, 19, 21, 22, 23, 28, 31, 33, 34, 35, 36, 37, 40, 42, 43, 44, 47, 48, 49, 50, 51, 56, 57, 58, 60, 63, 65, 66, 67, 68, 69, 70, 71, 72, 74, 76, 77, 78, 80, 81, 82, 84, 85, 87, 91, 92, 94, 95, 97, 98, 99]"
9909.809314,-31101.000000,"[0, 57, 66, 52, 62, 26, 61, 94, 11, 70, 32, 20, 73, 2, 14, 28, 89, 51, 99, 96, 53, 5, 55, 24, 35, 54, 38, 31, 92, 68, 46, 49, 39, 72, 95, 19, 34, 7, 91, 59, 76, 40, 84, 25, 29, 6, 75, 90, 16, 88, 17, 36, 3, 10, 98, 65, 93, 63, 69, 41, 13, 86, 64, 23, 30, 48, 60, 50, 27, 83, 9, 12, 56, 58, 80, 97, 85, 79, 82, 18, 44, 22, 21, 37, 77, 43, 74, 8, 47, 33, 67, 71, 42, 1, 15, 45, 87, 81, 4, 78];[1, 3, 4, 8, 9, 10, 12, 13, 15, 16, 17, 18, 22, 23, 28, 31, 33, 34, 35, 36, 37, 40, 42, 43, 47, 49, 50, 56, 57, 58, 60, 65, 67, 68, 69, 70, 71, 72, 74, 76, 77, 78, 81, 82, 84, 85, 87, 92, 94, 95, 97, 98, 99]"
11909.483666,-37768.000000,"[0, 57, 66, 52, 62, 26, 61, 94, 11, 70, 32, 20, 73, 2, 14, 28, 89, 51, 99, 96, 53, 5, 55, 24, 35, 54, 38, 31, 92, 68, 46, 49, 39, 72, 95, 19, 34, 7, 91, 59, 76, 40, 84, 25, 29, 6, 75, 90, 16, 88, 17, 36, 3, 10, 98, 65, 93, 63, 69, 41, 13, 86, 64, 23, 30, 48, 60, 50, 27, 83, 9, 12, 56, 58, 80, 97, 85, 79, 82, 18, 44, 22, 21, 37, 77, 43, 74, 8, 47, 33, 67, 71, 42, 1, 15, 45, 87, 81, 4, 78];[0, 1, 3, 4, 6, 8, 9, 10, 11, 12, 13, 15, 16, 17, 18, 19, 21, 22, 23, 27, 28, 31, 33, 34, 35, 36, 37, 40, 42, 43, 44, 47, 48, 49, 50, 51, 54, 55, 56, 57, 58, 60, 62, 63, 65, 66, 67, 68, 69, 70, 71, 72, 74, 77, 78, 81, 82, 84, 85, 87, 91, 92, 94, 95, 97, 98, 99]"
11157.849428,-35935.000000,"[0, 57, 66, 52, 62, 26, 61, 94, 11, 70, 32, 20, 73, 2, 14, 28, 89, 51, 99, 96, 53, 5, 55, 24, 35, 54, 38, 31, 92, 68, 46, 49, 39, 72, 95, 19, 34, 7, 91, 59, 76, 40, 84, 25, 29, 6, 75, 90, 16, 88, 17, 36, 3, 10, 98, 65, 93, 63, 69, 41, 13, 86, 64, 23, 30, 48, 60, 50, 27, 83, 9, 12, 56, 58, 80, 97, 85, 79, 82, 18, 44, 22, 21, 37, 77, 43, 74, 8, 47, 33, 67, 71, 42, 1, 15, 45, 87, 81, 4, 78];[1, 3, 4, 8, 9, 10, 12, 13, 15, 16, 17, 18, 22, 23, 28, 31, 33, 34, 35, 36, 37, 40, 42, 43, 44, 47, 48, 49, 50, 51, 54, 55, 56, 57, 58, 60, 62, 63, 65, 66, 67, 68, 69, 70, 71, 72, 74, 76, 77, 78, 81, 82, 84, 85, 87, 91, 92, 94, 97, 98, 99]"
10224.598778,-32640.000000,"[0, 57, 66, 52, 62, 26, 61, 94, 11, 70, 32, 20, 73, 2, 14, 28, 89, 51, 99, 96, 53, 5, 55, 24, 35, 54, 38, 31, 92, 68, 46, 49, 39, 72, 95, 19, 34, 7, 91, 59, 76, 40, 84, 25, 29, 6, 75, 90, 16, 88, 17, 36, 3, 10, 98, 65, 93, 63, 69, 41, 13, 86, 64, 23, 30, 48, 60, 50, 27, 83, 9, 12, 56, 58, 80, 97, 85, 79, 82, 18, 44, 22, 21, 37, 77, 43, 74, 8, 47, 33, 67, 71, 42, 1, 15, 45, 87, 81, 4, 78];[1, 3, 4, 8, 9, 10, 12, 13, 15, 16, 17, 18, 22, 23, 28, 31, 33, 34, 35, 36, 37, 40, 42, 43, 47, 49, 56, 57, 58, 60, 63, 65, 66, 67, 68, 69, 70, 71, 72, 74, 76, 77, 78, 81, 82, 84, 85, 87, 91, 92, 94, 95, 97, 98, 99]"
8790.010642,-18425.000000,"[0, 57, 66, 52, 62, 26, 61, 94, 11, 70, 32, 20, 73, 2, 14, 28, 89, 51, 99, 96, 53, 5, 55, 24, 35, 54, 38, 31, 92, 68, 46, 49, 39, 72, 95, 19, 34, 7, 91, 59, 76, 40, 84, 25, 29, 6, 75, 90, 16, 88, 17, 36, 3, 10, 98, 65, 93, 63, 69, 41, 13, 86, 64, 23, 30, 48, 60, 50, 27, 83, 9, 12, 56, 58, 80, 97, 85, 79, 82, 18, 44, 22, 21, 37, 77, 43, 74, 8, 47, 33, 67, 71, 42, 1, 15, 45, 87, 81, 4, 78];[1, 65, 3, 4, 70, 8, 72, 9, 12, 13, 78, 15, 16, 81, 82, 22, 23, 87, 28, 92, 94, 97, 36, 40, 42, 43, 44, 45, 47, 57, 58, 59]"
9039.449329,-23066.000000,"[0, 57, 66, 52, 62, 26, 61, 94, 11, 70, 32, 20, 73, 2, 14, 28, 89, 51, 99, 96, 53, 5, 55, 24, 35, 54, 38, 31, 92, 68, 46, 49, 39, 72, 95, 19, 34, 7, 91, 59, 76, 40, 84, 25, 29, 6, 75, 90, 16, 88, 17, 36, 3, 10, 98, 65, 93, 63, 69, 41, 13, 86, 64, 23, 30, 48, 60, 50, 27, 83, 9, 12, 56, 58, 80, 97, 85, 79, 82, 18, 44, 22, 21, 37, 77, 43, 74, 8, 47, 33, 67, 71, 42, 1, 15, 45, 87, 81, 4, 78];[65, 67, 4, 68, 69, 6, 70, 71, 8, 72, 9, 74, 12, 76, 13, 77, 78, 15, 16, 81, 82, 84, 85, 22, 23, 87, 28, 92, 94, 97, 36, 40, 42, 43, 44, 45, 47, 57, 58, 59]"
9409.542170,-27780.000000,"[0, 57, 66, 52, 62, 26, 61, 94, 11, 70, 32, 20, 73, 2, 14, 28, 89, 51, 99, 96, 53, 5, 55, 24, 35, 54, 38, 31, 92, 68, 46, 49, 39, 72, 95, 19, 34, 7, 91, 59, 76, 40, 84, 25, 29, 6, 75, 90, 16, 88, 17, 36, 3, 10, 98, 65, 93, 63, 69, 41, 13, 86, 64, 23, 30, 48, 60, 50, 27, 83, 9, 12, 56, 58, 80, 97, 85, 79, 82, 18, 44, 22, 21, 37, 77, 43, 74, 8, 47, 33, 67, 71, 42, 1, 15, 45, 87, 81, 4, 78];[1, 65, 3, 67, 4, 68, 69, 70, 71, 8, 72, 9, 10, 74, 12, 76, 13, 77, 78, 15, 16, 17, 81, 18, 82, 84, 85, 23, 87, 28, 92, 94, 97, 36, 37, 40, 42, 43, 47, 49, 50, 56, 57, 58, 60]"
10597.478983,-34141.000000,"[0, 57, 66, 52, 62, 26, 61, 94, 11, 70, 32, 20, 73, 2, 14, 28, 89, 51, 99, 96, 53, 5, 55, 24, 35, 54, 38, 31, 92, 68, 46, 49, 39, 72, 95, 19, 34, 7, 91, 59, 76, 40, 84, 25, 29, 6, 75, 90, 16, 88, 17, 36, 3, 10, 98, 65, 93, 63, 69, 41, 13, 86, 64, 23, 30, 48, 60, 50, 27, 83, 9, 12, 56, 58, 80, 97, 85, 79, 82, 18, 44, 22, 21, 37, 77, 43, 74, 8, 47, 33, 67, 71, 42, 1, 15, 45, 87, 81, 4, 78];[1, 3, 4, 8, 9, 10, 12, 13, 15, 16, 17, 18, 22, 23, 28, 31, 33, 34, 35, 36, 37, 40, 42, 43, 47, 49, 50, 56, 57, 58, 60, 62, 63, 65, 66, 67, 68, 69, 70, 71, 72, 74, 76, 77, 78, 81, 82, 84, 85, 87, 91, 92, 94, 95, 97, 98, 99]"
9298.191249,-26518.000000,"[0, 57, 66, 52, 62, 26, 61, 94, 11, 70, 32, 20, 73, 2, 14, 28, 89, 51, 99, 96, 53, 5, 55, 24, 35, 54, 38, 31, 92, 68, 46, 49, 39, 72, 95, 19, 34, 7, 91, 59, 76, 40, 84, 25, 29, 6, 75, 90, 16, 88, 17, 36, 3, 10, 98, 65, 93, 63, 69, 41, 13, 86, 64, 23, 30, 48, 60, 50, 27, 83, 9, 12, 56, 58, 80, 97, 85, 79, 82, 18, 44, 22, 21, 37, 77, 43, 74, 8, 47, 33, 67, 71, 42, 1, 15, 45, 87, 81, 4, 78];[1, 65, 3, 67, 4, 68, 69, 6, 70, 71, 8, 72, 9, 74, 12, 76, 13, 77, 78, 15, 16, 17, 81, 18, 82, 84, 85, 22, 23, 87, 28, 92, 94, 36, 37, 40, 42, 43, 47, 49, 50, 56, 57, 58, 60]"
10624.854868,-34497.000000,"[0, 57, 66, 52, 62, 26, 61, 94, 11, 70, 32, 20, 73, 2, 14, 28, 89, 51, 99, 96, 53, 5, 55, 24, 35, 54, 38, 31, 92, 68, 46, 49, 39, 72, 95, 19, 34, 7, 91, 59, 76, 40, 84, 25, 29, 6, 75, 90, 16, 88, 17, 36, 3, 10, 98, 65, 93, 63, 69, 41, 13, 86, 64, 23, 30, 48, 60, 50, 27, 83, 9, 12, 56, 58, 80, 97, 85, 79, 82, 18, 44, 22, 21, 37, 77, 43, 74, 8, 47, 33, 67, 71, 42, 1, 15, 45, 87, 81, 4, 78];[1, 3, 4, 6, 8, 9, 10, 12, 13, 15, 16, 17, 18, 22, 23, 28, 31, 33, 34, 35, 36, 37, 40, 42, 43, 44, 47, 48, 49, 50, 51, 56, 57, 58, 60, 63, 65, 66, 67, 68, 69, 70, 71, 72, 74, 76, 77, 78, 81, 82, 84, 85, 87, 91, 92, 94, 95, 97, 98, 99]"
10287.660050,-33136.000000,"[0, 57, 66, 52, 62, 26, 61, 94, 11, 70, 32, 20, 73, 2, 14, 28, 89, 51, 99, 96, 53, 5, 55, 24, 35, 54, 38, 31, 92, 68, 46, 49, 39, 72, 95, 19, 34, 7, 91, 59, 76, 40, 84, 25, 29, 6, 75, 90, 16, 88, 17, 36, 3, 10, 98, 65, 93, 63, 69, 41, 13, 86, 64, 23, 30, 48, 60, 50, 27, 83, 9, 12, 56, 58, 80, 97, 85, 79, 82, 18, 44, 22, 21, 37, 77, 43, 74, 8, 47, 33, 67, 71, 42, 1, 15, 45, 87, 81, 4, 78];[1, 3, 4, 8, 9, 10, 12, 13, 15, 16, 17, 18, 22, 23, 28, 31, 33, 34, 35, 36, 37, 40, 42, 43, 44, 47, 48, 49, 50, 51, 56, 57, 58, 60, 63, 65, 66, 67, 68, 69, 70, 71, 72, 74, 77, 78, 81, 82, 84, 85, 87, 92, 94, 95, 97, 98, 99]"
8933.282956,-21400.000000,"[0, 57, 66, 52, 62, 26, 61, 94, 11, 70, 32, 20, 73, 2, 14, 28, 89, 51, 99, 96, 53, 5, 55, 24, 35, 54, 38, 31, 92, 68, 46, 49, 39, 72, 95, 19, 34, 7, 91, 59, 76, 40, 84, 25, 29, 6, 75, 90, 16, 88, 17, 36, 3, 10, 98, 65, 93, 63, 69, 41, 13, 86, 64, 23, 30, 48, 60, 50, 27, 83, 9, 12, 56, 58, 80, 97, 85, 79, 82, 18, 44, 22, 21, 37, 77, 43, 74, 8, 47, 33, 67, 71, 42, 1, 15, 45, 87, 81, 4, 78];[1, 65, 3, 67, 4, 68, 69, 6, 70, 71, 8, 72, 9, 12, 13, 78, 15, 16, 17, 81, 18, 82, 22, 87, 28, 92, 94, 97, 36, 40, 42, 43, 44, 45, 47, 57, 58, 59]"
10604.839261,-34470.000000,"[0, 57, 66, 52, 62, 26, 61, 94, 11, 70, 32, 20, 73, 2, 14, 28, 89, 51, 99, 96, 53, 5, 55, 24, 35, 54, 38, 31, 92, 68, 46, 49, 39, 72, 95, 19, 34, 7, 91, 59, 76, 40, 84, 25, 29, 6, 75, 90, 16, 88, 17, 36, 3, 10, 98, 65, 93, 63, 69, 41, 13, 86, 64, 23, 30, 48, 60, 50, 27, 83, 9, 12, 56, 58, 80, 97, 85, 79, 82, 18, 44, 22, 21, 37, 77, 43, 74, 8, 47, 33, 67, 71, 42, 1, 15, 45, 87, 81, 4, 78];[1, 3, 4, 8, 9, 10, 12, 13, 15, 16, 17, 18, 22, 23, 28, 31, 33, 34, 35, 36, 37, 40, 42, 43, 44, 47, 48, 49, 50, 51, 56, 57, 58, 60, 63, 65, 66, 67, 68, 69, 70, 71, 72, 74, 76, 77, 78, 81, 82, 84, 85, 87, 91, 92, 94, 95, 97, 98, 99]"
12011.107998,-38144.000000,"[0, 57, 66, 52, 62, 26, 61, 94, 11, 70, 32, 20, 73, 2, 14, 28, 89, 51, 99, 96, 53, 5, 55, 24, 35, 54, 38, 31, 92, 68, 46, 49, 39, 72, 95, 19, 34, 7, 91, 59, 76, 40, 84, 25, 29, 6, 75, 90, 16, 88, 17, 36, 3, 10, 98, 65, 93, 63, 69, 41, 13, 86, 64, 23, 30, 48, 60, 50, 27, 83, 9, 12, 56, 58, 80, 97, 85, 79, 82, 18, 44, 22, 21, 37, 77, 43, 74, 8, 47, 33, 67, 71, 42, 1, 15, 45, 87, 81, 4, 78];[0, 1, 3, 4, 6, 8, 9, 10, 11, 12, 13, 15, 16, 17, 18, 19, 21, 22, 23, 27, 28, 31, 33, 34, 35, 36, 37, 40, 42, 43, 44, 47, 48, 49, 50, 51, 54, 56, 57, 58, 60, 62, 63, 65, 66, 67, 68, 69, 70, 71, 72, 74, 76, 77, 78, 81, 82, 84, 85, 87, 91, 92, 94, 95, 97, 98, 99]"
9114.343034,-23972.000000,"[0, 57, 66, 52, 62, 26, 61, 94, 11, 70, 32, 20, 73, 2, 14, 28, 89, 51, 99, 96, 53, 5, 55, 24, 35, 54, 38, 31, 92, 68, 46, 49, 39, 72, 95, 19, 34, 7, 91, 59, 76, 40, 84, 25, 29, 6, 75, 90, 16, 88, 17, 36, 3, 10, 98, 65, 93, 63, 69, 41, 13, 86, 64, 23, 30, 48, 60, 50, 27, 83, 9, 12, 56, 58, 80, 97, 85, 79, 82, 18, 44, 22, 21, 37, 77, 43, 74, 8, 47, 33, 67, 71, 42, 1, 15, 45, 87, 81, 4, 78];[1, 65, 3, 67, 4, 68, 69, 70, 71, 8, 72, 9, 10, 74, 12, 76, 13, 77, 78, 15, 16, 81, 82, 84, 85, 22, 87, 28, 92, 94, 97, 36, 40, 42, 43, 44, 45, 47, 57, 58, 59]"
9436.761346,-28030.000000,"[0, 57, 66, 52, 62, 26, 61, 94, 11, 70, 32, 20, 73, 2, 14, 28, 89, 51, 99, 96, 53, 5, 55, 24, 35, 54, 38, 31, 92, 68, 46, 49, 39, 72, 95, 19, 34, 7, 91, 59, 76, 40, 84, 25, 29, 6, 75, 90, 16, 88, 17, 36, 3, 10, 98, 65, 93, 63, 69, 41, 13, 86, 64, 23, 30, 48, 60, 50, 27, 83, 9, 12, 56, 58, 80, 97, 85, 79, 82, 18, 44, 22, 21, 37, 77, 43, 74, 8, 47, 33, 67, 71, 42, 1, 15, 45, 87, 81, 4, 78];[1, 65, 3, 67, 4, 68, 69, 70, 71, 8, 72, 9, 10, 74, 12, 76, 13, 77, 78, 15, 16, 17, 81, 18, 82, 84, 85, 22, 23, 87, 28, 92, 94, 97, 36, 37, 40, 42, 43, 47, 49, 50, 56, 57, 58, 60]"
12074.627949,-38153.000000,"[0, 57, 66, 52, 62, 26, 61, 94, 11, 70, 32, 20, 73, 2, 14, 28, 89, 51, 99, 96, 53, 5, 55, 24, 35, 54, 38, 31, 92, 68, 46, 49, 39, 72, 95, 19, 34, 7, 91, 59, 76, 40, 84, 25, 29, 6, 75, 90, 16, 88, 17, 36, 3, 10, 98, 65, 93, 63, 69, 41, 13, 86, 64, 23, 30, 48, 60, 50, 27, 83, 9, 12, 56, 58, 80, 97, 85, 79, 82, 18, 44, 22, 21, 37, 77, 43, 74, 8, 47, 33, 67, 71, 42, 1, 15, 45, 87, 81, 4, 78];[0, 1, 3, 4, 6, 8, 9, 10, 11, 12, 13, 15, 16, 17, 18, 19, 21, 22, 23, 27, 28, 31, 33, 34, 35, 36, 37, 40, 42, 43, 44, 47, 48, 49, 50, 51, 54, 55, 56, 57, 58, 60, 62, 63, 65, 66, 67, 68, 69, 70, 71, 72, 74, 76, 77, 78, 81, 82, 84, 85, 87, 91, 92, 94, 97, 98, 99]"
12093.892305,-38222.000000,"[0, 57, 66, 52, 62, 26, 61, 94, 11, 70, 32, 20, 73, 2, 14, 28, 89, 51, 99, 96, 53, 5, 55, 24, 35, 54, 38, 31, 92, 68, 46, 49, 39, 72, 95, 19, 34, 7, 91, 59, 76, 40, 84, 25, 29, 6, 75, 90, 16, 88, 17, 36, 3, 10, 98, 65, 93, 63, 69, 41, 13, 86, 64, 23, 30, 48, 60, 50, 27, 83, 9, 12, 56, 58, 80, 97, 85, 79, 82, 18, 44, 22, 21, 37, 77, 43, 74, 8, 47, 33, 67, 71, 42, 1, 15, 45, 87, 81, 4, 78];[0, 1, 3, 4, 6, 8, 9, 10, 11, 12, 13, 15, 16, 17, 18, 19, 21, 22, 23, 27, 28, 31, 33, 34, 35, 36, 37, 40, 42, 43, 44, 47, 48, 49, 50, 51, 54, 55, 56, 57, 58, 60, 62, 63, 65, 66, 67, 68, 69, 70, 71, 72, 74, 76, 77, 78, 81, 82, 84, 85, 87, 91, 92, 94, 95, 97, 98, 99]"
12223.421239,-38512.000000,"[0, 57, 66, 52, 62, 26, 61, 94, 11, 70, 32, 20, 73, 2, 14, 28, 89, 51, 99, 96, 53, 5, 55, 24, 35, 54, 38, 31, 92, 68, 46, 49, 39, 72, 95, 19, 34, 7, 91, 59, 76, 40, 84, 25, 29, 6, 75, 90, 16, 88, 17, 36, 3, 10, 98, 65, 93, 63, 69, 41, 13, 86, 64, 23, 30, 48, 60, 50, 27, 83, 9, 12, 56, 58, 80, 97, 85, 79, 82, 18, 44, 22, 21, 37, 77, 43, 74, 8, 47, 33, 67, 71, 42, 1, 15, 45, 87, 81, 4, 78];[0, 1, 3, 4, 6, 8, 9, 10, 11, 12, 13, 15, 16, 17, 18, 19, 21, 22, 23, 27, 28, 31, 33, 34, 35, 36, 37, 40, 42, 43, 44, 47, 48, 49, 50, 51, 54, 55, 56, 57, 58, 60, 62, 63, 65, 66, 67, 68, 69, 70, 71, 72, 74, 76, 77, 78, 79, 81, 82, 84, 85, 87, 91, 92, 94, 95, 97, 98, 99]"
9630.010265,-29318.000000,"[0, 57, 66, 52, 62, 26, 61, 94, 11, 70, 32, 20, 73, 2, 14, 28, 89, 51, 99, 96, 53, 5, 55, 24, 35, 54, 38, 31, 92, 68, 46, 49, 39, 72, 95, 19, 34, 7, 91, 59, 76, 40, 84, 25, 29, 6, 75, 90, 16, 88, 17, 36, 3, 10, 98, 65, 93, 63, 69, 41, 13, 86, 64, 23, 30, 48, 60, 50, 27, 83, 9, 12, 56, 58, 80, 97, 85, 79, 82, 18, 44, 22, 21, 37, 77, 43, 74, 8, 47, 33, 67, 71, 42, 1, 15, 45, 87, 81, 4, 78];[1, 65, 66, 3, 67, 4, 68, 69, 70, 71, 8, 72, 9, 10, 74, 12, 76, 13, 77, 78, 15, 16, 17, 81, 18, 82, 84, 85, 22, 23, 87, 28, 92, 94, 97, 99, 36, 37, 42, 43, 47, 49, 50, 56, 57, 58, 60, 63]"
10954.263884,-35413.000000,"[0, 57, 66, 52, 62, 26, 61, 94, 11, 70, 32, 20, 73, 2, 14, 28, 89, 51, 99, 96, 53, 5, 55, 24, 35, 54, 38, 31, 92, 68, 46, 49, 39, 72, 95, 19, 34, 7, 91, 59, 76, 40, 84, 25, 29, 6, 75, 90, 16, 88, 17, 36, 3, 10, 98, 65, 93, 63, 69, 41, 13, 86, 64, 23, 30, 48, 60, 50, 27, 83, 9, 12, 56, 58, 80, 97, 85, 79, 82, 18, 44, 22, 21, 37, 77, 43, 74, 8, 47, 33, 67, 71, 42, 1, 15, 45, 87, 81, 4, 78];[1, 3, 4, 6, 8, 9, 10, 12, 13, 15, 16, 17, 18, 22, 23, 28, 31, 33, 34, 35, 36, 37, 40, 42, 43, 44, 47, 48, 49, 50, 51, 54, 56, 57, 58, 59, 60, 65, 66, 67, 68, 69, 70, 71, 72, 74, 76, 77, 78, 80, 81, 82, 84, 85, 87, 88, 91, 92, 94, 97, 98, 99]"
9950.580395,-31253.000000,"[0, 57, 66, 52, 62, 26, 61, 94, 11, 70, 32, 20, 73, 2, 14, 28, 89, 51, 99, 96, 53, 5, 55, 24, 35, 54, 38, 31, 92, 68, 46, 49, 39, 72, 95, 19, 34, 7, 91, 59, 76, 40, 84, 25, 29, 6, 75, 90, 16, 88, 17, 36, 3, 10, 98, 65, 93, 63, 69, 41, 13, 86, 64, 23, 30, 48, 60, 50, 27, 83, 9, 12, 56, 58, 80, 97, 85, 79, 82, 18, 44, 22, 21, 37, 77, 43, 74, 8, 47, 33, 67, 71, 42, 1, 15, 45, 87, 81, 4, 78];[1, 3, 4, 8, 9, 10, 12, 13, 15, 16, 17, 18, 22, 23, 28, 36, 37, 40, 42, 43, 44, 47, 48, 49, 50, 51, 56, 57, 58, 60, 63, 65, 66, 67, 68, 69, 70, 71, 72, 74, 77, 78, 81, 82, 84, 85, 87, 92, 94, 97, 98, 99]"
