9977.302044,-18369.000000,"[0, 57, 66, 52, 62, 26, 61, 94, 11, 70, 32, 20, 73, 2, 14, 28, 89, 51, 99, 96, 53, 5, 55, 24, 35, 54, 38, 31, 92, 68, 46, 49, 39, 72, 95, 19, 34, 7, 91, 59, 76, 40, 84, 25, 29, 6, 75, 90, 16, 88, 17, 36, 3, 10, 98, 65, 93, 63, 69, 41, 13, 86, 64, 23, 30, 48, 60, 50, 27, 83, 9, 12, 56, 58, 80, 97, 85, 79, 82, 18, 44, 22, 21, 37, 77, 43, 74, 8, 47, 33, 67, 71, 42, 1, 15, 45, 87, 81, 4, 78];[1, 2, 4, 68, 70, 71, 8, 72, 74, 12, 76, 80, 81, 18, 85, 22, 86, 87, 28, 92, 31, 96, 34, 37, 42, 43, 44, 47, 49, 50, 55, 58, 59, 60]"
15109.494954,-31700.000000,"[0, 57, 66, 52, 62, 26, 61, 94, 11, 70, 32, 20, 73, 2, 14, 28, 89, 51, 99, 96, 53, 5, 55, 24, 35, 54, 38, 31, 92, 68, 46, 49, 39, 72, 95, 19, 34, 7, 91, 59, 76, 40, 84, 25, 29, 6, 75, 90, 16, 88, 17, 36, 3, 10, 98, 65, 93, 63, 69, 41, 13, 86, 64, 23, 30, 48, 60, 50, 27, 83, 9, 12, 56, 58, 80, 97, 85, 79, 82, 18, 44, 22, 21, 37, 77, 43, 74, 8, 47, 33, 67, 71, 42, 1, 15, 45, 87, 81, 4, 78];[0, 1, 2, 3, 4, 8, 9, 11, 13, 15, 16, 17, 19, 22, 28, 31, 34, 37, 42, 44, 45, 47, 48, 49, 50, 57, 58, 60, 64, 65, 66, 67, 68, 69, 70, 71, 72, 74, 76, 78, 80, 81, 82, 84, 85, 86, 91, 92, 93, 94, 95, 96, 97]"
14287.569054,-31082.000000,"[0, 57, 66, 52, 62, 26, 61, 94, 11, 70, 32, 20, 73, 2, 14, 28, 89, 51, 99, 96, 53, 5, 55, 24, 35, 54, 38, 31, 92, 68, 46, 49, 39, 72, 95, 19, 34, 7, 91, 59, 76, 40, 84, 25, 29, 6, 75, 90, 16, 88, 17, 36, 3, 10, 98, 65, 93, 63, 69, 41, 13, 86, 64, 23, 30, 48, 60, 50, 27, 83, 9, 12, 56, 58, 80, 97, 85, 79, 82, 18, 44, 22, 21, 37, 77, 43, 74, 8, 47, 33, 67, 71, 42, 1, 15, 45, 87, 81, 4, 78];[0, 1, 2, 3, 4, 8, 9, 11, 13, 15, 16, 17, 19, 22, 28, 31, 34, 37, 42, 44, 45, 47, 49, 50, 57, 58, 60, 64, 65, 66, 67, 68, 69, 70, 71, 72, 74, 76, 78, 80, 81, 82, 84, 85, 86, 91, 92, 93, 94, 95, 96, 97]"
13229.228253,-30733.000000,"[0, 57, 66, 52, 62, 26, 61, 94, 11, 70, 32, 20, 73, 2, 14, 28, 89, 51, 99, 96, 53, 5, 55, 24, 35, 54, 38, 31, 92, 68, 46, 49, 39, 72, 95, 19, 34, 7, 91, 59, 76, 40, 84, 25, 29, 6, 75, 90, 16, 88, 17, 36, 3, 10, 98, 65, 93, 63, 69, 41, 13, 86, 64, 23, 30, 48, 60, 50, 27, 83, 9, 12, 56, 58, 80, 97, 85, 79, 82, 18, 44, 22, 21, 37, 77, 43, 74, 8, 47, 33, 67, 71, 42, 1, 15, 45, 87, 81, 4, 78];[0, 1, 2, 3, 4, 8, 9, 10, 12, 13, 16, 18, 22, 28, 31, 34, 37, 42, 44, 45, 47, 49, 50, 57, 58, 60, 64, 65, 66, 67, 68, 69, 70, 71, 72, 74, 76, 78, 80, 81, 82, 84, 85, 86, 87, 91, 92, 93, 94, 95, 96, 97]"
15087.027420,-31247.000000,"[0, 57, 66, 52, 62, 26, 61, 94, 11, 70, 32, 20, 73, 2, 14, 28, 89, 51, 99, 96, 53, 5, 55, 24, 35, 54, 38, 31, 92, 68, 46, 49, 39, 72, 95, 19, 34, 7, 91, 59, 76, 40, 84, 25, 29, 6, 75, 90, 16, 88, 17, 36, 3, 10, 98, 65, 93, 63, 69, 41, 13, 86, 64, 23, 30, 48, 60, 50, 27, 83, 9, 12, 56, 58, 80, 97, 85, 79, 82, 18, 44, 22, 21, 37, 77, 43, 74, 8, 47, 33, 67, 71, 42, 1, 15, 45, 87, 81, 4, 78];[0, 2, 3, 4, 8, 9, 11, 13, 15, 16, 17, 19, 22, 28, 31, 34, 37, 42, 44, 45, 47, 48, 49, 50, 57, 58, 60, 64, 65, 66, 67, 68, 69, 70, 71, 72, 74, 76, 78, 80, 81, 82, 84, 85, 86, 91, 92, 93, 94, 95, 96, 97]"
10087.067310,-19146.000000,"[0, 57, 66, 52, 62, 26, 61, 94, 11, 70, 32, 20, 73, 2, 14, 28, 89, 51, 99, 96, 53, 5, 55, 24, 35, 54, 38, 31, 92, 68, 46, 49, 39, 72, 95, 19, 34, 7, 91, 59, 76, 40, 84, 25, 29, 6, 75, 90, 16, 88, 17, 36, 3, 10, 98, 65, 93, 63, 69, 41, 13, 86, 64, 23, 30, 48, 60, 50, 27, 83, 9, 12, 56, 58, 80, 97, 85, 79, 82, 18, 44, 22, 21, 37, 77, 43, 74, 8, 47, 33, 67, 71, 42, 1, 15, 45, 87, 81, 4, 78];[0, 1, 3, 4, 68, 69, 70, 71, 8, 72, 74, 76, 16, 80, 17, 81, 85, 22, 86, 87, 28, 92, 31, 96, 34, 37, 42, 44, 45, 47, 49, 55, 58, 59, 60]"
10301.838449,-22463.000000,"[0, 57, 66, 52, 62, 26, 61, 94, 11, 70, 32, 20, 73, 2, 14, 28, 89, 51, 99, 96, 53, 5, 55, 24, 35, 54, 38, 31, 92, 68, 46, 49, 39, 72, 95, 19, 34, 7, 91, 59, 76, 40, 84, 25, 29, 6, 75, 90, 16, 88, 17, 36, 3, 10, 98, 65, 93, 63, 69, 41, 13, 86, 64, 23, 30, 48, 60, 50, 27, 83, 9, 12, 56, 58, 80, 97, 85, 79, 82, 18, 44, 22, 21, 37, 77, 43, 74, 8, 47, 33, 67, 71, 42, 1, 15, 45, 87, 81, 4, 78];[3, 4, 68, 69, 6, 70, 71, 8, 72, 9, 10, 74, 12, 76, 13, 78, 16, 80, 81, 18, 82, 84, 85, 22, 87, 28, 92, 31, 96, 34, 37, 42, 44, 45, 47, 49, 50, 55, 58, 59, 60]"
10098.942052,-20402.000000,"[0, 57, 66, 52, 62, 26, 61, 94, 11, 70, 32, 20, 73, 2, 14, 28, 89, 51, 99, 96, 53, 5, 55, 24, 35, 54, 38, 31, 92, 68, 46, 49, 39, 72, 95, 19, 34, 7, 91, 59, 76, 40, 84, 25, 29, 6, 75, 90, 16, 88, 17, 36, 3, 10, 98, 65, 93, 63, 69, 41, 13, 86, 64, 23, 30, 48, 60, 50, 27, 83, 9, 12, 56, 58, 80, 97, 85, 79, 82, 18, 44, 22, 21, 37, 77, 43, 74, 8, 47, 33, 67, 71, 42, 1, 15, 45, 87, 81, 4, 78];[1, 2, 4, 68, 70, 71, 8, 72, 74, 12, 76, 78, 80, 81, 18, 82, 84, 85, 22, 86, 87, 28, 92, 31, 96, 34, 37, 42, 43, 44, 47, 49, 50, 55, 58, 59, 60]"
10673.302742,-23696.000000,"[0, 57, 66, 52, 62, 26, 61, 94, 11, 70, 32, 20, 73, 2, 14, 28, 89, 51, 99, 96, 53, 5, 55, 24, 35, 54, 38, 31, 92, 68, 46, 49, 39, 72, 95, 19, 34, 7, 91, 59, 76, 40, 84, 25, 29, 6, 75, 90, 16, 88, 17, 36, 3, 10, 98, 65, 93, 63, 69, 41, 13, 86, 64, 23, 30, 48, 60, 50, 27, 83, 9, 12, 56, 58, 80, 97, 85, 79, 82, 18, 44, 22, 21, 37, 77, 43, 74, 8, 47, 33, 67, 71, 42, 1, 15, 45, 87, 81, 4, 78];[3, 4, 68, 69, 6, 70, 71, 8, 72, 9, 10, 74, 12, 76, 13, 78, 16, 80, 81, 18, 82, 84, 85, 22, 86, 87, 28, 92, 93, 94, 31, 95, 96, 34, 37, 42, 44, 45, 47, 49, 50, 55, 58, 59, 60]"
10754.791492,-24771.000000,"[0, 57, 66, 52, 62, 26, 61, 94, 11, 70, 32, 20, 73, 2, 14, 28, 89, 51, 99, 96, 53, 5, 55, 24, 35, 54, 38, 31, 92, 68, 46, 49, 39, 72, 95, 19, 34, 7, 91, 59, 76, 40, 84, 25, 29, 6, 75, 90, 16, 88, 17, 36, 3, 10, 98, 65, 93, 63, 69, 41, 13, 86, 64, 23, 30, 48, 60, 50, 27, 83, 9, 12, 56, 58, 80, 97, 85, 79, 82, 18, 44, 22, 21, 37, 77, 43, 74, 8, 47, 33, 67, 71, 42, 1, 15, 45, 87, 81, 4, 78];[64, 1, 65, 2, 66, 67, 4, 68, 69, 70, 71, 8, 72, 74, 12, 76, 78, 80, 81, 18, 82, 84, 85, 22, 86, 87, 28, 92, 93, 94, 31, 95, 96, 34, 37, 42, 44, 45, 47, 49, 57, 58, 60]"
11960.971329,-28197.000000,"[0, 57, 66, 52, 62, 26, 61, 94, 11, 70, 32, 20, 73, 2, 14, 28, 89, 51, 99, 96, 53, 5, 55, 24, 35, 54, 38, 31, 92, 68, 46, 49, 39, 72, 95, 19, 34, 7, 91, 59, 76, 40, 84, 25, 29, 6, 75, 90, 16, 88, 17, 36, 3, 10, 98, 65, 93, 63, 69, 41, 13, 86, 64, 23, 30, 48, 60, 50, 27, 83, 9, 12, 56, 58, 80, 97, 85, 79, 82, 18, 44, 22, 21, 37, 77, 43, 74, 8, 47, 33, 67, 71, 42, 1, 15, 45, 87, 81, 4, 78];[0, 1, 2, 3, 4, 8, 9, 10, 12, 13, 16, 18, 22, 28, 34, 37, 42, 44, 45, 47, 49, 50, 57, 58, 60, 64, 65, 66, 67, 68, 69, 70, 71, 72, 74, 76, 78, 80, 81, 82, 84, 85, 86, 87, 92, 93, 94, 95, 96]"
12785.876452,-29878.000000,"[0, 57, 66, 52, 62, 26, 61, 94, 11, 70, 32, 20, 73, 2, 14, 28, 89, 51, 99, 96, 53, 5, 55, 24, 35, 54, 38, 31, 92, 68, 46, 49, 39, 72, 95, 19, 34, 7, 91, 59, 76, 40, 84, 25, 29, 6, 75, 90, 16, 88, 17, 36, 3, 10, 98, 65, 93, 63, 69, 41, 13, 86, 64, 23, 30, 48, 60, 50, 27, 83, 9, 12, 56, 58, 80, 97, 85, 79, 82, 18, 44, 22, 21, 37, 77, 43, 74, 8, 47, 33, 67, 71, 42, 1, 15, 45, 87, 81, 4, 78];[2, 4, 6, 8, 9, 10, 12, 13, 16, 18, 22, 28, 31, 34, 35, 37, 42, 44, 45, 47, 49, 50, 57, 58, 60, 64, 65, 66, 67, 68, 69, 70, 71, 72, 74, 76, 78, 80, 81, 82, 84, 85, 86, 87, 91, 92, 93, 94, 95, 96, 97]"
10277.491824,-21153.000000,"[0, 57, 66, 52, 62, 26, 61, 94, 11, 70, 32, 20, 73, 2, 14, 28, 89, 51, 99, 96, 53, 5, 55, 24, 35, 54, 38, 31, 92, 68, 46, 49, 39, 72, 95, 19, 34, 7, 91, 59, 76, 40, 84, 25, 29, 6, 75, 90, 16, 88, 17, 36, 3, 10, 98, 65, 93, 63, 69, 41, 13, 86, 64, 23, 30, 48, 60, 50, 27, 83, 9, 12, 56, 58, 80, 97, 85, 79, 82, 18, 44, 22, 21, 37, 77, 43, 74, 8, 47, 33, 67, 71, 42, 1, 15, 45, 87, 81, 4, 78];[1, 2, 4, 68, 70, 71, 8, 72, 74, 12, 76, 78, 80, 81, 18, 82, 84, 85, 22, 86, 87, 28, 92, 93, 94, 31, 95, 96, 34, 37, 42, 43, 44, 47, 49, 50, 55, 58, 59, 60]"
12426.302264,-29780.000000,"[0, 57, 66, 52, 62, 26, 61, 94, 11, 70, 32, 20, 73, 2, 14, 28, 89, 51, 99, 96, 53, 5, 55, 24, 35, 54, 38, 31, 92, 68, 46, 49, 39, 72, 95, 19, 34, 7, 91, 59, 76, 40, 84, 25, 29, 6, 75, 90, 16, 88, 17, 36, 3, 10, 98, 65, 93, 63, 69, 41, 13, 86, 64, 23, 30, 48, 60, 50, 27, 83, 9, 12, 56, 58, 80, 97, 85, 79, 82, 18, 44, 22, 21, 37, 77, 43, 74, 8, 47, 33, 67, 71, 42, 1, 15, 45, 87, 81, 4, 78];[0, 1, 3, 4, 8, 12, 13, 16, 17, 18, 22, 28, 31, 34, 37, 42, 43, 44, 47, 49, 50, 57, 58, 60, 64, 65, 66, 67, 68, 69, 70, 71, 72, 74, 76, 78, 80, 81, 82, 84, 85, 86, 87, 91, 92, 93, 94, 95, 96, 97]"
11113.562129,-26271.000000,"[0, 57, 66, 52, 62, 26, 61, 94, 11, 70, 32, 20, 73, 2, 14, 28, 89, 51, 99, 96, 53, 5, 55, 24, 35, 54, 38, 31, 92, 68, 46, 49, 39, 72, 95, 19, 34, 7, 91, 59, 76, 40, 84, 25, 29, 6, 75, 90, 16, 88, 17, 36, 3, 10, 98, 65, 93, 63, 69, 41, 13, 86, 64, 23, 30, 48, 60, 50, 27, 83, 9, 12, 56, 58, 80, 97, 85, 79, 82, 18, 44, 22, 21, 37, 77, 43, 74, 8, 47, 33, 67, 71, 42, 1, 15, 45, 87, 81, 4, 78];[64, 1, 65, 2, 66, 67, 4, 68, 69, 70, 71, 8, 72, 74, 76, 13, 78, 15, 16, 80, 81, 82, 84, 85, 22, 86, 87, 28, 92, 93, 94, 31, 95, 96, 34, 37, 42, 44, 45, 47, 49, 50, 57, 58, 60]"
10442.861963,-22842.000000,"[0, 57, 66, 52, 62, 26, 61, 94, 11, 70, 32, 20, 73, 2, 14, 28, 89, 51, 99, 96, 53, 5, 55, 24, 35, 54, 38, 31, 92, 68, 46, 49, 39, 72, 95, 19, 34, 7, 91, 59, 76, 40, 84, 25, 29, 6, 75, 90, 16, 88, 17, 36, 3, 10, 98, 65, 93, 63, 69, 41, 13, 86, 64, 23, 30, 48, 60, 50, 27, 83, 9, 12, 56, 58, 80, 97, 85, 79, 82, 18, 44, 22, 21, 37, 77, 43, 74, 8, 47, 33, 67, 71, 42, 1, 15, 45, 87, 81, 4, 78];[64, 1, 65, 2, 66, 67, 4, 68, 69, 70, 71, 8, 72, 74, 12, 78, 80, 81, 18, 82, 85, 22, 86, 28, 92, 31, 95, 96, 34, 37, 42, 44, 45, 47, 49, 50, 57, 58, 60]"
10903.269888,-25287.000000,"[0, 57, 66, 52, 62, 26, 61, 94, 11, 70, 32, 20, 73, 2, 14, 28, 89, 51, 99, 96, 53, 5, 55, 24, 35, 54, 38, 31, 92, 68, 46, 49, 39, 72, 95, 19, 34, 7, 91, 59, 76, 40, 84, 25, 29, 6, 75, 90, 16, 88, 17, 36, 3, 10, 98, 65, 93, 63, 69, 41, 13, 86, 64, 23, 30, 48, 60, 50, 27, 83, 9, 12, 56, 58, 80, 97, 85, 79, 82, 18, 44, 22, 21, 37, 77, 43, 74, 8, 47, 33, 67, 71, 42, 1, 15, 45, 87, 81, 4, 78];[0, 64, 1, 65, 66, 3, 67, 4, 68, 69, 70, 71, 8, 72, 74, 78, 16, 80, 81, 18, 82, 84, 85, 22, 86, 87, 28, 92, 93, 94, 31, 96, 34, 37, 42, 44, 45, 47, 49, 50, 57, 58, 60]"
10139.961907,-20872.000000,"[0, 57, 66, 52, 62, 26, 61, 94, 11, 70, 32, 20, 73, 2, 14, 28, 89, 51, 99, 96, 53, 5, 55, 24, 35, 54, 38, 31, 92, 68, 46, 49, 39, 72, 95, 19, 34, 7, 91, 59, 76, 40, 84, 25, 29, 6, 75, 90, 16, 88, 17, 36, 3, 10, 98, 65, 93, 63, 69, 41, 13, 86, 64, 23, 30, 48, 60, 50, 27, 83, 9, 12, 56, 58, 80, 97, 85, 79, 82, 18, 44, 22, 21, 37, 77, 43, 74, 8, 47, 33, 67, 71, 42, 1, 15, 45, 87, 81, 4, 78];[64, 1, 2, 4, 68, 69, 70, 71, 8, 72, 74, 12, 76, 78, 80, 81, 18, 82, 85, 22, 86, 28, 92, 31, 95, 96, 34, 37, 42, 44, 45, 47, 49, 50, 57, 58, 60]"
12960.239005,-30686.000000,"[0, 57, 66, 52, 62, 26, 61, 94, 11, 70, 32, 20, 73, 2, 14, 28, 89, 51, 99, 96, 53, 5, 55, 24, 35, 54, 38, 31, 92, 68, 46, 49, 39, 72, 95, 19, 34, 7, 91, 59, 76, 40, 84, 25, 29, 6, 75, 90, 16, 88, 17, 36, 3, 10, 98, 65, 93, 63, 69, 41, 13, 86, 64, 23, 30, 48, 60, 50, 27, 83, 9, 12, 56, 58, 80, 97, 85, 79, 82, 18, 44, 22, 21, 37, 77, 43, 74, 8, 47, 33, 67, 71, 42, 1, 15, 45, 87, 81, 4, 78];[0, 1, 3, 4, 8, 9, 10, 12, 13, 16, 18, 22, 28, 31, 34, 35, 37, 42, 44, 45, 47, 49, 50, 57, 58, 60, 64, 65, 66, 67, 68, 69, 70, 71, 72, 74, 76, 78, 80, 81, 82, 84, 85, 86, 87, 91, 92, 93, 94, 95, 96, 97]"
11333.050064,-26562.000000,"[0, 57, 66, 52, 62, 26, 61, 94, 11, 70, 32, 20, 73, 2, 14, 28, 89, 51, 99, 96, 53, 5, 55, 24, 35, 54, 38, 31, 92, 68, 46, 49, 39, 72, 95, 19, 34, 7, 91, 59, 76, 40, 84, 25, 29, 6, 75, 90, 16, 88, 17, 36, 3, 10, 98, 65, 93, 63, 69, 41, 13, 86, 64, 23, 30, 48, 60, 50, 27, 83, 9, 12, 56, 58, 80, 97, 85, 79, 82, 18, 44, 22, 21, 37, 77, 43, 74, 8, 47, 33, 67, 71, 42, 1, 15, 45, 87, 81, 4, 78];[64, 65, 2, 66, 67, 4, 68, 69, 6, 70, 71, 8, 72, 9, 74, 76, 13, 78, 15, 16, 80, 81, 82, 84, 85, 22, 86, 87, 28, 92, 93, 94, 31, 95, 96, 34, 37, 42, 44, 45, 47, 49, 50, 57, 58, 60]"
11663.856970,-28127.000000,"[0, 57, 66, 52, 62, 26, 61, 94, 11, 70, 32, 20, 73, 2, 14, 28, 89, 51, 99, 96, 53, 5, 55, 24, 35, 54, 38, 31, 92, 68, 46, 49, 39, 72, 95, 19, 34, 7, 91, 59, 76, 40, 84, 25, 29, 6, 75, 90, 16, 88, 17, 36, 3, 10, 98, 65, 93, 63, 69, 41, 13, 86, 64, 23, 30, 48, 60, 50, 27, 83, 9, 12, 56, 58, 80, 97, 85, 79, 82, 18, 44, 22, 21, 37, 77, 43, 74, 8, 47, 33, 67, 71, 42, 1, 15, 45, 87, 81, 4, 78];[0, 1, 3, 4, 8, 11, 12, 13, 15, 16, 22, 28, 31, 34, 37, 42, 44, 45, 47, 49, 50, 56, 57, 58, 60, 64, 65, 66, 67, 68, 69, 70, 71, 72, 74, 76, 78, 80, 81, 82, 84, 85, 86, 87, 92, 93, 94, 95, 96]"
12797.263831,-30331.000000,"[0, 57, 66, 52, 62, 26, 61, 94, 11, 70, 32, 20, 73, 2, 14, 28, 89, 51, 99, 96, 53, 5, 55, 24, 35, 54, 38, 31, 92, 68, 46, 49, 39, 72, 95, 19, 34, 7, 91, 59, 76, 40, 84, 25, 29, 6, 75, 90, 16, 88, 17, 36, 3, 10, 98, 65, 93, 63, 69, 41, 13, 86, 64, 23, 30, 48, 60, 50, 27, 83, 9, 12, 56, 58, 80, 97, 85, 79, 82, 18, 44, 22, 21, 37, 77, 43, 74, 8, 47, 33, 67, 71, 42, 1, 15, 45, 87, 81, 4, 78];[1, 2, 4, 6, 8, 9, 10, 12, 13, 16, 18, 22, 28, 31, 34, 35, 37, 42, 44, 45, 47, 49, 50, 57, 58, 60, 64, 65, 66, 67, 68, 69, 70, 71, 72, 74, 76, 78, 80, 81, 82, 84, 85, 86, 87, 91, 92, 93, 94, 95, 96, 97]"
10917.163854,-25721.000000,"[0, 57, 66, 52, 62, 26, 61, 94, 11, 70, 32, 20, 73, 2, 14, 28, 89, 51, 99, 96, 53, 5, 55, 24, 35, 54, 38, 31, 92, 68, 46, 49, 39, 72, 95, 19, 34, 7, 91, 59, 76, 40, 84, 25, 29, 6, 75, 90, 16, 88, 17, 36, 3, 10, 98, 65, 93, 63, 69, 41, 13, 86, 64, 23, 30, 48, 60, 50, 27, 83, 9, 12, 56, 58, 80, 97, 85, 79, 82, 18, 44, 22, 21, 37, 77, 43, 74, 8, 47, 33, 67, 71, 42, 1, 15, 45, 87, 81, 4, 78];[64, 1, 65, 2, 66, 67, 4, 68, 69, 70, 71, 8, 72, 74, 12, 76, 78, 80, 81, 18, 82, 84, 85, 22, 86, 87, 28, 92, 31, 97, 34, 98, 99, 37, 42, 44, 45, 47, 49, 57, 58, 60]"
10761.759212,-24987.000000,"[0, 57, 66, 52, 62, 26, 61, 94, 11, 70, 32, 20, 73, 2, 14, 28, 89, 51, 99, 96, 53, 5, 55, 24, 35, 54, 38, 31, 92, 68, 46, 49, 39, 72, 95, 19, 34, 7, 91, 59, 76, 40, 84, 25, 29, 6, 75, 90, 16, 88, 17, 36, 3, 10, 98, 65, 93, 63, 69, 41, 13, 86, 64, 23, 30, 48, 60, 50, 27, 83, 9, 12, 56, 58, 80, 97, 85, 79, 82, 18, 44, 22, 21, 37, 77, 43, 74, 8, 47, 33, 67, 71, 42, 1, 15, 45, 87, 81, 4, 78];[64, 1, 65, 2, 66, 67, 4, 68, 69, 70, 71, 8, 72, 74, 12, 78, 80, 81, 18, 82, 84, 85, 22, 86, 87, 28, 92, 93, 94, 31, 95, 96, 34, 37, 42, 44, 45, 47, 49, 50, 57, 58, 60]"
11583.316411,-27392.000000,"[0, 57, 66, 52, 62, 26, 61, 94, 11, 70, 32, 20, 73, 2, 14, 28, 89, 51, 99, 96, 53, 5, 55, 24, 35, 54, 38, 31, 92, 68, 46, 49, 39, 72, 95, 19, 34, 7, 91, 59, 76, 40, 84, 25, 29, 6, 75, 90, 16, 88, 17, 36, 3, 10, 98, 65, 93, 63, 69, 41, 13, 86, 64, 23, 30, 48, 60, 50, 27, 83, 9, 12, 56, 58, 80, 97, 85, 79, 82, 18, 44, 22, 21, 37, 77, 43, 74, 8, 47, 33, 67, 71, 42, 1, 15, 45, 87, 81, 4, 78];[64, 65, 2, 66, 67, 4, 68, 69, 6, 70, 71, 8, 72, 9, 10, 74, 12, 76, 13, 78, 16, 80, 81, 18, 82, 84, 85, 22, 86, 87, 28, 92, 93, 94, 31, 96, 34, 37, 42, 44, 47, 49, 50, 57, 58, 60]"
10616.113320,-23522.000000,"[0, 57, 66, 52, 62, 26, 61, 94, 11, 70, 32, 20, 73, 2, 14, 28, 89, 51, 99, 96, 53, 5, 55, 24, 35, 54, 38, 31, 92, 68, 46, 49, 39, 72, 95, 19, 34, 7, 91, 59, 76, 40, 84, 25, 29, 6, 75, 90, 16, 88, 17, 36, 3, 10, 98, 65, 93, 63, 69, 41, 13, 86, 64, 23, 30, 48, 60, 50, 27, 83, 9, 12, 56, 58, 80, 97, 85, 79, 82, 18, 44, 22, 21, 37, 77, 43, 74, 8, 47, 33, 67, 71, 42, 1, 15, 45, 87, 81, 4, 78];[0, 64, 1, 4, 68, 69, 70, 71, 8, 72, 9, 10, 74, 12, 76, 13, 78, 16, 80, 81, 18, 82, 85, 22, 86, 28, 92, 31, 95, 96, 34, 37, 42, 44, 45, 47, 49, 50, 57, 58, 60]"
12195.890048,-29355.000000,"[0, 57, 66, 52, 62, 26, 61, 94, 11, 70, 32, 20, 73, 2, 14, 28, 89, 51, 99, 96, 53, 5, 55, 24, 35, 54, 38, 31, 92, 68, 46, 49, 39, 72, 95, 19, 34, 7, 91, 59, 76, 40, 84, 25, 29, 6, 75, 90, 16, 88, 17, 36, 3, 10, 98, 65, 93, 63, 69, 41, 13, 86, 64, 23, 30, 48, 60, 50, 27, 83, 9, 12, 56, 58, 80, 97, 85, 79, 82, 18, 44, 22, 21, 37, 77, 43, 74, 8, 47, 33, 67, 71, 42, 1, 15, 45, 87, 81, 4, 78];[0, 1, 2, 3, 4, 8, 9, 10, 12, 13, 16, 18, 22, 28, 31, 34, 37, 42, 44, 47, 49, 50, 56, 57, 58, 60, 64, 65, 66, 67, 68, 69, 70, 71, 72, 74, 76, 78, 80, 81, 82, 84, 85, 86, 87, 92, 93, 94, 95, 96]"
12874.789691,-30600.000000,"[0, 57, 66, 52, 62, 26, 61, 94, 11, 70, 32, 20, 73, 2, 14, 28, 89, 51, 99, 96, 53, 5, 55, 24, 35, 54, 38, 31, 92, 68, 46, 49, 39, 72, 95, 19, 34, 7, 91, 59, 76, 40, 84, 25, 29, 6, 75, 90, 16, 88, 17, 36, 3, 10, 98, 65, 93, 63, 69, 41, 13, 86, 64, 23, 30, 48, 60, 50, 27, 83, 9, 12, 56, 58, 80, 97, 85, 79, 82, 18, 44, 22, 21, 37, 77, 43, 74, 8, 47, 33, 67, 71, 42, 1, 15, 45, 87, 81, 4, 78];[0, 1, 3, 4, 6, 8, 9, 10, 12, 13, 16, 18, 22, 28, 31, 34, 35, 37, 42, 44, 47, 49, 50, 57, 58, 60, 64, 65, 66, 67, 68, 69, 70, 71, 72, 74, 76, 78, 80, 81, 82, 84, 85, 86, 87, 91, 92, 93, 94, 95, 96, 97]"
12036.808993,-28677.000000,"[0, 57, 66, 52, 62, 26, 61, 94, 11, 70, 32, 20, 73, 2, 14, 28, 89, 51, 99, 96, 53, 5, 55, 24, 35, 54, 38, 31, 92, 68, 46, 49, 39, 72, 95, 19, 34, 7, 91, 59, 76, 40, 84, 25, 29, 6, 75, 90, 16, 88, 17, 36, 3, 10, 98, 65, 93, 63, 69, 41, 13, 86, 64, 23, 30, 48, 60, 50, 27, 83, 9, 12, 56, 58, 80, 97, 85, 79, 82, 18, 44, 22, 21, 37, 77, 43, 74, 8, 47, 33, 67, 71, 42, 1, 15, 45, 87, 81, 4, 78];[0, 64, 1, 65, 2, 66, 3, 67, 4, 68, 69, 70, 71, 8, 72, 9, 10, 74, 12, 13, 78, 16, 80, 81, 18, 82, 84, 85, 22, 86, 87, 28, 92, 93, 94, 31, 96, 34, 37, 42, 43, 44, 47, 49, 50, 57, 58, 60]"
11456.378107,-27282.000000,"[0, 57, 66, 52, 62, 26, 61, 94, 11, 70, 32, 20, 73, 2, 14, 28, 89, 51, 99, 96, 53, 5, 55, 24, 35, 54, 38, 31, 92, 68, 46, 49, 39, 72, 95, 19, 34, 7, 91, 59, 76, 40, 84, 25, 29, 6, 75, 90, 16, 88, 17, 36, 3, 10, 98, 65, 93, 63, 69, 41, 13, 86, 64, 23, 30, 48, 60, 50, 27, 83, 9, 12, 56, 58, 80, 97, 85, 79, 82, 18, 44, 22, 21, 37, 77, 43, 74, 8, 47, 33, 67, 71, 42, 1, 15, 45, 87, 81, 4, 78];[64, 65, 66, 3, 67, 4, 68, 69, 6, 70, 71, 8, 72, 9, 10, 74, 12, 76, 13, 78, 16, 80, 81, 18, 82, 84, 85, 22, 86, 87, 28, 92, 93, 94, 31, 95, 96, 34, 37, 42, 44, 45, 47, 49, 50, 57, 58, 60]"
10591.017268,-23060.000000,"[0, 57, 66, 52, 62, 26, 61, 94, 11, 70, 32, 20, 73, 2, 14, 28, 89, 51, 99, 96, 53, 5, 55, 24, 35, 54, 38, 31, 92, 68, 46, 49, 39, 72, 95, 19, 34, 7, 91, 59, 76, 40, 84, 25, 29, 6, 75, 90, 16, 88, 17, 36, 3, 10, 98, 65, 93, 63, 69, 41, 13, 86, 64, 23, 30, 48, 60, 50, 27, 83, 9, 12, 56, 58, 80, 97, 85, 79, 82, 18, 44, 22, 21, 37, 77, 43, 74, 8, 47, 33, 67, 71, 42, 1, 15, 45, 87, 81, 4, 78];[1, 65, 2, 66, 4, 69, 70, 71, 8, 72, 74, 12, 76, 78, 80, 81, 18, 82, 84, 85, 22, 86, 87, 28, 92, 93, 94, 31, 95, 96, 34, 37, 42, 43, 44, 48, 49, 57, 58, 60]"
11589.229330,-27827.000000,"[0, 57, 66, 52, 62, 26, 61, 94, 11, 70, 32, 20, 73, 2, 14, 28, 89, 51, 99, 96, 53, 5, 55, 24, 35, 54, 38, 31, 92, 68, 46, 49, 39, 72, 95, 19, 34, 7, 91, 59, 76, 40, 84, 25, 29, 6, 75, 90, 16, 88, 17, 36, 3, 10, 98, 65, 93, 63, 69, 41, 13, 86, 64, 23, 30, 48, 60, 50, 27, 83, 9, 12, 56, 58, 80, 97, 85, 79, 82, 18, 44, 22, 21, 37, 77, 43, 74, 8, 47, 33, 67, 71, 42, 1, 15, 45, 87, 81, 4, 78];[64, 65, 2, 66, 67, 4, 68, 69, 70, 71, 8, 72, 9, 10, 74, 12, 76, 13, 78, 16, 80, 81, 18, 82, 84, 85, 22, 86, 87, 28, 92, 31, 97, 34, 98, 99, 37, 42, 44, 45, 47, 49, 57, 58, 60]"
11000.119194,-25944.000000,"[0, 57, 66, 52, 62, 26, 61, 94, 11, 70, 32, 20, 73, 2, 14, 28, 89, 51, 99, 96, 53, 5, 55, 24, 35, 54, 38, 31, 92, 68, 46, 49, 39, 72, 95, 19, 34, 7, 91, 59, 76, 40, 84, 25, 29, 6, 75, 90, 16, 88, 17, 36, 3, 10, 98, 65, 93, 63, 69, 41, 13, 86, 64, 23, 30, 48, 60, 50, 27, 83, 9, 12, 56, 58, 80, 97, 85, 79, 82, 18, 44, 22, 21, 37, 77, 43, 74, 8, 47, 33, 67, 71, 42, 1, 15, 45, 87, 81, 4, 78];[64, 1, 65, 2, 66, 67, 4, 68, 69, 70, 71, 8, 72, 74, 12, 76, 78, 80, 81, 18, 82, 84, 85, 22, 86, 87, 28, 92, 93, 94, 31, 95, 96, 34, 37, 42, 44, 45, 47, 49, 50, 56, 57, 58, 60]"
10258.317837,-21084.000000,"[0, 57, 66, 52, 62, 26, 61, 94, 11, 70, 32, 20, 73, 2, 14, 28, 89, 51, 99, 96, 53, 5, 55, 24, 35, 54, 38, 31, 92, 68, 46, 49, 39, 72, 95, 19, 34, 7, 91, 59, 76, 40, 84, 25, 29, 6, 75, 90, 16, 88, 17, 36, 3, 10, 98, 65, 93, 63, 69, 41, 13, 86, 64, 23, 30, 48, 60, 50, 27, 83, 9, 12, 56, 58, 80, 97, 85, 79, 82, 18, 44, 22, 21, 37, 77, 43, 74, 8, 47, 33, 67, 71, 42, 1, 15, 45, 87, 81, 4, 78];[1, 2, 4, 68, 70, 71, 8, 72, 74, 12, 76, 78, 80, 81, 18, 82, 84, 85, 22, 86, 87, 28, 92, 93, 94, 31, 96, 34, 37, 42, 43, 44, 47, 49, 50, 55, 58, 59, 60]"
12312.321886,-29669.000000,"[0, 57, 66, 52, 62, 26, 61, 94, 11, 70, 32, 20, 73, 2, 14, 28, 89, 51, 99, 96, 53, 5, 55, 24, 35, 54, 38, 31, 92, 68, 46, 49, 39, 72, 95, 19, 34, 7, 91, 59, 76, 40, 84, 25, 29, 6, 75, 90, 16, 88, 17, 36, 3, 10, 98, 65, 93, 63, 69, 41, 13, 86, 64, 23, 30, 48, 60, 50, 27, 83, 9, 12, 56, 58, 80, 97, 85, 79, 82, 18, 44, 22, 21, 37, 77, 43, 74, 8, 47, 33, 67, 71, 42, 1, 15, 45, 87, 81, 4, 78];[0, 1, 4, 8, 9, 10, 12, 13, 16, 18, 22, 28, 31, 34, 37, 42, 44, 45, 47, 49, 50, 56, 57, 58, 60, 64, 65, 66, 67, 68, 69, 70, 71, 72, 74, 76, 78, 80, 81, 82, 84, 85, 86, 91, 92, 93, 94, 95, 96, 97]"
11061.016695,-25987.000000,"[0, 57, 66, 52, 62, 26, 61, 94, 11, 70, 32, 20, 73, 2, 14, 28, 89, 51, 99, 96, 53, 5, 55, 24, 35, 54, 38, 31, 92, 68, 46, 49, 39, 72, 95, 19, 34, 7, 91, 59, 76, 40, 84, 25, 29, 6, 75, 90, 16, 88, 17, 36, 3, 10, 98, 65, 93, 63, 69, 41, 13, 86, 64, 23, 30, 48, 60, 50, 27, 83, 9, 12, 56, 58, 80, 97, 85, 79, 82, 18, 44, 22, 21, 37, 77, 43, 74, 8, 47, 33, 67, 71, 42, 1, 15, 45, 87, 81, 4, 78];[64, 1, 65, 2, 66, 67, 4, 68, 69, 70, 71, 8, 72, 74, 12, 76, 78, 80, 81, 18, 82, 84, 85, 22, 86, 87, 28, 92, 94, 31, 95, 96, 97, 34, 37, 42, 44, 45, 47, 49, 50, 57, 58, 60]"
10570.489713,-22991.000000,"[0, 57, 66, 52, 62, 26, 61, 94, 11, 70, 32, 20, 73, 2, 14, 28, 89, 51, 99, 96, 53, 5, 55, 24, 35, 54, 38, 31, 92, 68, 46, 49, 39, 72, 95, 19, 34, 7, 91, 59, 76, 40, 84, 25, 29, 6, 75, 90, 16, 88, 17, 36, 3, 10, 98, 65, 93, 63, 69, 41, 13, 86, 64, 23, 30, 48, 60, 50, 27, 83, 9, 12, 56, 58, 80, 97, 85, 79, 82, 18, 44, 22, 21, 37, 77, 43, 74, 8, 47, 33, 67, 71, 42, 1, 15, 45, 87, 81, 4, 78];[1, 65, 2, 66, 4, 69, 70, 71, 8, 72, 74, 12, 76, 78, 80, 81, 18, 82, 84, 85, 22, 86, 87, 28, 92, 93, 94, 31, 96, 34, 37, 42, 43, 44, 48, 49, 57, 58, 60]"
12171.390777,-28855.000000,"[0, 57, 66, 52, 62, 26, 61, 94, 11, 70, 32, 20, 73, 2, 14, 28, 89, 51, 99, 96, 53, 5, 55, 24, 35, 54, 38, 31, 92, 68, 46, 49, 39, 72, 95, 19, 34, 7, 91, 59, 76, 40, 84, 25, 29, 6, 75, 90, 16, 88, 17, 36, 3, 10, 98, 65, 93, 63, 69, 41, 13, 86, 64, 23, 30, 48, 60, 50, 27, 83, 9, 12, 56, 58, 80, 97, 85, 79, 82, 18, 44, 22, 21, 37, 77, 43, 74, 8, 47, 33, 67, 71, 42, 1, 15, 45, 87, 81, 4, 78];[0, 2, 3, 4, 8, 9, 10, 12, 13, 15, 16, 17, 22, 28, 31, 34, 37, 42, 44, 45, 47, 49, 50, 57, 58, 60, 64, 65, 66, 67, 68, 69, 70, 71, 72, 74, 78, 80, 81, 82, 84, 85, 86, 87, 92, 93, 94, 95, 96]"
12080.259973,-28816.000000,"[0, 57, 66, 52, 62, 26, 61, 94, 11, 70, 32, 20, 73, 2, 14, 28, 89, 51, 99, 96, 53, 5, 55, 24, 35, 54, 38, 31, 92, 68, 46, 49, 39, 72, 95, 19, 34, 7, 91, 59, 76, 40, 84, 25, 29, 6, 75, 90, 16, 88, 17, 36, 3, 10, 98, 65, 93, 63, 69, 41, 13, 86, 64, 23, 30, 48, 60, 50, 27, 83, 9, 12, 56, 58, 80, 97, 85, 79, 82, 18, 44, 22, 21, 37, 77, 43, 74, 8, 47, 33, 67, 71, 42, 1, 15, 45, 87, 81, 4, 78];[3, 4, 6, 8, 9, 10, 12, 13, 16, 17, 18, 22, 28, 31, 34, 35, 37, 42, 43, 44, 47, 49, 50, 57, 58, 60, 64, 65, 66, 67, 68, 69, 70, 71, 72, 74, 76, 78, 80, 81, 82, 84, 85, 86, 87, 92, 93, 94, 95, 96]"
11354.504580,-26880.000000,"[0, 57, 66, 52, 62, 26, 61, 94, 11, 70, 32, 20, 73, 2, 14, 28, 89, 51, 99, 96, 53, 5, 55, 24, 35, 54, 38, 31, 92, 68, 46, 49, 39, 72, 95, 19, 34, 7, 91, 59, 76, 40, 84, 25, 29, 6, 75, 90, 16, 88, 17, 36, 3, 10, 98, 65, 93, 63, 69, 41, 13, 86, 64, 23, 30, 48, 60, 50, 27, 83, 9, 12, 56, 58, 80, 97, 85, 79, 82, 18, 44, 22, 21, 37, 77, 43, 74, 8, 47, 33, 67, 71, 42, 1, 15, 45, 87, 81, 4, 78];[64, 65, 66, 3, 67, 4, 68, 69, 6, 70, 71, 8, 72, 9, 10, 74, 12, 76, 13, 78, 16, 80, 81, 82, 84, 85, 86, 87, 28, 92, 93, 94, 31, 95, 96, 34, 37, 42, 43, 44, 47, 49, 50, 57, 58, 60]"
12301.168111,-29468.000000,"[0, 57, 66, 52, 62, 26, 61, 94, 11, 70, 32, 20, 73, 2, 14, 28, 89, 51, 99, 96, 53, 5, 55, 24, 35, 54, 38, 31, 92, 68, 46, 49, 39, 72, 95, 19, 34, 7, 91, 59, 76, 40, 84, 25, 29, 6, 75, 90, 16, 88, 17, 36, 3, 10, 98, 65, 93, 63, 69, 41, 13, 86, 64, 23, 30, 48, 60, 50, 27, 83, 9, 12, 56, 58, 80, 97, 85, 79, 82, 18, 44, 22, 21, 37, 77, 43, 74, 8, 47, 33, 67, 71, 42, 1, 15, 45, 87, 81, 4, 78];[0, 1, 2, 3, 4, 8, 9, 10, 12, 13, 16, 18, 22, 28, 31, 34, 37, 42, 44, 45, 47, 49, 50, 56, 57, 58, 60, 64, 65, 66, 67, 68, 69, 70, 71, 72, 74, 76, 78, 80, 81, 82, 84, 85, 86, 87, 92, 93, 94, 95, 96]"
12267.091883,-29399.000000,"[0, 57, 66, 52, 62, 26, 61, 94, 11, 70, 32, 20, 73, 2, 14, 28, 89, 51, 99, 96, 53, 5, 55, 24, 35, 54, 38, 31, 92, 68, 46, 49, 39, 72, 95, 19, 34, 7, 91, 59, 76, 40, 84, 25, 29, 6, 75, 90, 16, 88, 17, 36, 3, 10, 98, 65, 93, 63, 69, 41, 13, 86, 64, 23, 30, 48, 60, 50, 27, 83, 9, 12, 56, 58, 80, 97, 85, 79, 82, 18, 44, 22, 21, 37, 77, 43, 74, 8, 47, 33, 67, 71, 42, 1, 15, 45, 87, 81, 4, 78];[0, 1, 2, 3, 4, 8, 9, 10, 12, 13, 16, 18, 22, 28, 31, 34, 37, 42, 44, 45, 47, 49, 50, 56, 57, 58, 60, 64, 65, 66, 67, 68, 69, 70, 71, 72, 74, 76, 78, 80, 81, 82, 84, 85, 86, 87, 92, 93, 94, 96]"
11335.346284,-26737.000000,"[0, 57, 66, 52, 62, 26, 61, 94, 11, 70, 32, 20, 73, 2, 14, 28, 89, 51, 99, 96, 53, 5, 55, 24, 35, 54, 38, 31, 92, 68, 46, 49, 39, 72, 95, 19, 34, 7, 91, 59, 76, 40, 84, 25, 29, 6, 75, 90, 16, 88, 17, 36, 3, 10, 98, 65, 93, 63, 69, 41, 13, 86, 64, 23, 30, 48, 60, 50, 27, 83, 9, 12, 56, 58, 80, 97, 85, 79, 82, 18, 44, 22, 21, 37, 77, 43, 74, 8, 47, 33, 67, 71, 42, 1, 15, 45, 87, 81, 4, 78];[64, 1, 65, 2, 66, 67, 4, 68, 69, 70, 71, 8, 72, 74, 76, 78, 16, 80, 17, 81, 18, 82, 84, 85, 22, 86, 87, 28, 92, 94, 31, 95, 96, 97, 34, 37, 42, 44, 45, 47, 49, 50, 57, 58, 60]"
11617.774120,-27943.000000,"[0, 57, 66, 52, 62, 26, 61, 94, 11, 70, 32, 20, 73, 2, 14, 28, 89, 51, 99, 96, 53, 5, 55, 24, 35, 54, 38, 31, 92, 68, 46, 49, 39, 72, 95, 19, 34, 7, 91, 59, 76, 40, 84, 25, 29, 6, 75, 90, 16, 88, 17, 36, 3, 10, 98, 65, 93, 63, 69, 41, 13, 86, 64, 23, 30, 48, 60, 50, 27, 83, 9, 12, 56, 58, 80, 97, 85, 79, 82, 18, 44, 22, 21, 37, 77, 43, 74, 8, 47, 33, 67, 71, 42, 1, 15, 45, 87, 81, 4, 78];[0, 64, 1, 65, 66, 3, 67, 4, 68, 69, 70, 71, 8, 72, 74, 12, 76, 13, 78, 16, 80, 17, 81, 18, 82, 84, 85, 22, 86, 87, 28, 92, 93, 94, 31, 96, 34, 37, 42, 43, 44, 47, 49, 50, 57, 58, 60]"
11382.217691,-27007.000000,"[0, 57, 66, 52, 62, 26, 61, 94, 11, 70, 32, 20, 73, 2, 14, 28, 89, 51, 99, 96, 53, 5, 55, 24, 35, 54, 38, 31, 92, 68, 46, 49, 39, 72, 95, 19, 34, 7, 91, 59, 76, 40, 84, 25, 29, 6, 75, 90, 16, 88, 17, 36, 3, 10, 98, 65, 93, 63, 69, 41, 13, 86, 64, 23, 30, 48, 60, 50, 27, 83, 9, 12, 56, 58, 80, 97, 85, 79, 82, 18, 44, 22, 21, 37, 77, 43, 74, 8, 47, 33, 67, 71, 42, 1, 15, 45, 87, 81, 4, 78];[0, 64, 1, 65, 66, 3, 67, 4, 68, 69, 70, 71, 8, 72, 74, 76, 78, 16, 80, 17, 81, 18, 82, 84, 85, 22, 86, 87, 28, 92, 93, 94, 31, 96, 34, 37, 42, 44, 45, 47, 49, 50, 56, 57, 58, 60]"
11418.834586,-27115.000000,"[0, 57, 66, 52, 62, 26, 61, 94, 11, 70, 32, 20, 73, 2, 14, 28, 89, 51, 99, 96, 53, 5, 55, 24, 35, 54, 38, 31, 92, 68, 46, 49, 39, 72, 95, 19, 34, 7, 91, 59, 76, 40, 84, 25, 29, 6, 75, 90, 16, 88, 17, 36, 3, 10, 98, 65, 93, 63, 69, 41, 13, 86, 64, 23, 30, 48, 60, 50, 27, 83, 9, 12, 56, 58, 80, 97, 85, 79, 82, 18, 44, 22, 21, 37, 77, 43, 74, 8, 47, 33, 67, 71, 42, 1, 15, 45, 87, 81, 4, 78];[0, 64, 1, 65, 66, 3, 67, 4, 68, 69, 70, 71, 8, 72, 74, 12, 76, 13, 78, 16, 80, 17, 81, 18, 82, 84, 85, 22, 86, 87, 28, 92, 93, 94, 31, 96, 34, 37, 42, 43, 44, 49, 50, 57, 58, 60]"
11635.787658,-28058.000000,"[0, 57, 66, 52, 62, 26, 61, 94, 11, 70, 32, 20, 73, 2, 14, 28, 89, 51, 99, 96, 53, 5, 55, 24, 35, 54, 38, 31, 92, 68, 46, 49, 39, 72, 95, 19, 34, 7, 91, 59, 76, 40, 84, 25, 29, 6, 75, 90, 16, 88, 17, 36, 3, 10, 98, 65, 93, 63, 69, 41, 13, 86, 64, 23, 30, 48, 60, 50, 27, 83, 9, 12, 56, 58, 80, 97, 85, 79, 82, 18, 44, 22, 21, 37, 77, 43, 74, 8, 47, 33, 67, 71, 42, 1, 15, 45, 87, 81, 4, 78];[0, 64, 1, 65, 66, 3, 67, 4, 68, 69, 70, 71, 8, 72, 74, 11, 12, 76, 13, 78, 15, 16, 80, 81, 82, 84, 85, 22, 86, 87, 28, 92, 93, 94, 31, 96, 34, 37, 42, 44, 45, 47, 49, 50, 56, 57, 58, 60]"
12169.828762,-28852.000000,"[0, 57, 66, 52, 62, 26, 61, 94, 11, 70, 32, 20, 73, 2, 14, 28, 89, 51, 99, 96, 53, 5, 55, 24, 35, 54, 38, 31, 92, 68, 46, 49, 39, 72, 95, 19, 34, 7, 91, 59, 76, 40, 84, 25, 29, 6, 75, 90, 16, 88, 17, 36, 3, 10, 98, 65, 93, 63, 69, 41, 13, 86, 64, 23, 30, 48, 60, 50, 27, 83, 9, 12, 56, 58, 80, 97, 85, 79, 82, 18, 44, 22, 21, 37, 77, 43, 74, 8, 47, 33, 67, 71, 42, 1, 15, 45, 87, 81, 4, 78];[0, 1, 2, 3, 4, 8, 9, 10, 12, 13, 16, 18, 22, 28, 31, 34, 37, 42, 44, 47, 49, 50, 57, 58, 60, 64, 65, 66, 67, 68, 69, 70, 71, 72, 74, 76, 78, 80, 81, 82, 84, 85, 86, 87, 92, 93, 94, 95, 96]"
12046.847786,-28747.000000,"[0, 57, 66, 52, 62, 26, 61, 94, 11, 70, 32, 20, 73, 2, 14, 28, 89, 51, 99, 96, 53, 5, 55, 24, 35, 54, 38, 31, 92, 68, 46, 49, 39, 72, 95, 19, 34, 7, 91, 59, 76, 40, 84, 25, 29, 6, 75, 90, 16, 88, 17, 36, 3, 10, 98, 65, 93, 63, 69, 41, 13, 86, 64, 23, 30, 48, 60, 50, 27, 83, 9, 12, 56, 58, 80, 97, 85, 79, 82, 18, 44, 22, 21, 37, 77, 43, 74, 8, 47, 33, 67, 71, 42, 1, 15, 45, 87, 81, 4, 78];[3, 4, 6, 8, 9, 10, 12, 13, 16, 17, 18, 22, 28, 31, 34, 35, 37, 42, 43, 44, 47, 49, 50, 57, 58, 60, 64, 65, 66, 67, 68, 69, 70, 71, 72, 74, 76, 78, 80, 81, 82, 84, 85, 86, 87, 92, 93, 94, 96]"
11408.934156,-27076.000000,"[0, 57, 66, 52, 62, 26, 61, 94, 11, 70, 32, 20, 73, 2, 14, 28, 89, 51, 99, 96, 53, 5, 55, 24, 35, 54, 38, 31, 92, 68, 46, 49, 39, 72, 95, 19, 34, 7, 91, 59, 76, 40, 84, 25, 29, 6, 75, 90, 16, 88, 17, 36, 3, 10, 98, 65, 93, 63, 69, 41, 13, 86, 64, 23, 30, 48, 60, 50, 27, 83, 9, 12, 56, 58, 80, 97, 85, 79, 82, 18, 44, 22, 21, 37, 77, 43, 74, 8, 47, 33, 67, 71, 42, 1, 15, 45, 87, 81, 4, 78];[0, 64, 1, 65, 66, 3, 67, 4, 68, 69, 70, 71, 8, 72, 74, 76, 78, 16, 80, 17, 81, 18, 82, 84, 85, 22, 86, 87, 28, 92, 93, 94, 31, 95, 96, 34, 37, 42, 44, 45, 47, 49, 50, 56, 57, 58, 60]"
