8156.000000,-0.000000,"[0, 57, 66, 52, 62, 26, 61, 94, 11, 70, 32, 20, 73, 2, 14, 28, 89, 51, 99, 96, 53, 5, 55, 24, 35, 54, 38, 31, 92, 68, 46, 49, 39, 72, 95, 19, 34, 7, 91, 59, 76, 40, 84, 25, 29, 6, 75, 90, 16, 88, 17, 36, 3, 10, 98, 65, 93, 63, 69, 41, 13, 86, 64, 23, 30, 48, 60, 50, 27, 83, 9, 12, 56, 58, 80, 97, 85, 79, 82, 18, 44, 22, 21, 37, 77, 43, 74, 8, 47, 33, 67, 71, 42, 1, 15, 45, 87, 81, 4, 78];[]"
19836.133340,-36339.000000,"[0, 57, 66, 52, 62, 26, 61, 94, 11, 70, 32, 20, 73, 2, 14, 28, 89, 51, 99, 96, 53, 5, 55, 24, 35, 54, 38, 31, 92, 68, 46, 49, 39, 72, 95, 19, 34, 7, 91, 59, 76, 40, 84, 25, 29, 6, 75, 90, 16, 88, 17, 36, 3, 10, 45, 15, 1, 42, 71, 67, 33, 47, 8, 74, 43, 77, 37, 21, 22, 44, 18, 82, 79, 85, 97, 80, 58, 56, 12, 9, 83, 27, 50, 60, 48, 30, 23, 64, 86, 13, 41, 69, 93, 63, 65, 98, 87, 81, 4, 78];[0, 1, 2, 3, 4, 8, 9, 10, 11, 12, 13, 15, 16, 17, 18, 23, 24, 28, 31, 34, 35, 36, 37, 47, 49, 50, 51, 54, 56, 57, 58, 59, 60, 62, 64, 65, 66, 68, 69, 70, 71, 72, 73, 74, 76, 81, 82, 84, 85, 86, 91, 92, 93, 94, 96, 97, 98, 99]"
8156.000000,-0.000000,"[0, 57, 66, 52, 62, 26, 61, 94, 11, 70, 32, 20, 73, 2, 14, 28, 89, 51, 99, 96, 53, 5, 55, 24, 35, 54, 38, 31, 92, 68, 46, 49, 39, 72, 95, 19, 34, 7, 91, 59, 76, 40, 84, 25, 29, 6, 75, 90, 16, 88, 17, 36, 3, 10, 98, 65, 63, 93, 69, 41, 13, 86, 64, 23, 30, 48, 60, 50, 27, 83, 9, 12, 56, 58, 80, 97, 85, 79, 82, 18, 44, 22, 21, 37, 77, 43, 74, 8, 47, 33, 67, 71, 42, 1, 15, 45, 87, 81, 4, 78];[]"
19652.122816,-36283.000000,"[0, 57, 66, 52, 62, 26, 61, 94, 11, 70, 32, 20, 73, 2, 14, 28, 89, 51, 99, 96, 53, 5, 55, 24, 35, 54, 38, 31, 92, 68, 46, 49, 39, 72, 95, 19, 34, 7, 91, 59, 76, 40, 84, 25, 29, 6, 75, 90, 16, 88, 17, 36, 3, 10, 45, 15, 1, 42, 71, 67, 33, 47, 8, 74, 43, 77, 37, 21, 22, 44, 18, 82, 79, 85, 97, 80, 58, 56, 12, 9, 83, 27, 50, 60, 48, 30, 23, 64, 86, 13, 41, 69, 93, 63, 65, 98, 87, 81, 4, 78];[0, 1, 2, 3, 4, 8, 9, 10, 11, 12, 13, 15, 16, 17, 18, 22, 23, 24, 28, 31, 34, 35, 36, 37, 47, 49, 50, 51, 54, 56, 57, 58, 59, 60, 62, 64, 65, 66, 68, 69, 70, 71, 72, 73, 74, 76, 81, 82, 84, 85, 86, 91, 92, 93, 94, 95, 97, 98, 99]"
18446.815981,-36214.000000,"[0, 57, 66, 52, 62, 26, 61, 94, 11, 70, 32, 20, 73, 2, 14, 28, 89, 51, 99, 96, 53, 5, 55, 24, 35, 54, 38, 31, 92, 68, 46, 49, 39, 72, 95, 19, 34, 7, 91, 59, 76, 40, 84, 25, 29, 6, 75, 90, 16, 88, 17, 36, 3, 10, 45, 15, 1, 42, 71, 67, 33, 47, 8, 74, 43, 77, 37, 21, 22, 44, 18, 82, 79, 85, 97, 80, 58, 56, 12, 9, 83, 27, 50, 60, 48, 30, 23, 64, 86, 13, 41, 69, 93, 63, 65, 98, 87, 81, 4, 78];[0, 1, 2, 3, 4, 8, 9, 10, 11, 12, 13, 15, 16, 17, 18, 23, 24, 28, 29, 31, 34, 35, 36, 37, 47, 49, 50, 51, 54, 56, 57, 58, 59, 60, 62, 64, 65, 66, 68, 69, 70, 71, 72, 74, 81, 82, 84, 85, 86, 87, 91, 92, 93, 94, 95, 96, 97, 98, 99]"
8197.233775,-4303.000000,"[0, 57, 66, 52, 62, 26, 61, 94, 11, 70, 32, 20, 73, 2, 14, 28, 89, 51, 99, 96, 53, 5, 55, 24, 35, 54, 38, 31, 92, 68, 46, 49, 39, 72, 95, 19, 34, 7, 91, 59, 76, 40, 84, 25, 29, 6, 75, 90, 16, 88, 17, 36, 3, 10, 98, 65, 93, 63, 69, 41, 13, 86, 64, 23, 30, 48, 60, 50, 27, 83, 9, 12, 56, 58, 80, 97, 85, 79, 82, 18, 44, 22, 21, 37, 77, 43, 74, 8, 47, 33, 67, 71, 42, 1, 15, 45, 87, 81, 4, 78];[16, 1, 81, 4, 8, 12, 15]"
16167.572735,-35463.000000,"[0, 57, 66, 52, 62, 26, 61, 94, 11, 70, 32, 20, 73, 2, 14, 28, 89, 51, 99, 96, 53, 5, 55, 24, 35, 54, 38, 31, 92, 68, 46, 49, 39, 72, 95, 19, 34, 7, 91, 59, 76, 40, 84, 25, 29, 6, 75, 90, 16, 88, 17, 36, 3, 10, 98, 65, 63, 93, 69, 41, 13, 86, 64, 23, 30, 48, 60, 50, 27, 83, 9, 12, 56, 58, 80, 97, 85, 79, 82, 18, 44, 22, 21, 37, 77, 43, 74, 8, 47, 33, 67, 71, 42, 1, 15, 45, 87, 81, 4, 78];[0, 1, 2, 3, 4, 8, 9, 10, 12, 13, 15, 16, 17, 18, 23, 28, 31, 34, 35, 36, 37, 42, 47, 49, 50, 51, 54, 56, 57, 58, 59, 60, 62, 64, 65, 66, 67, 68, 69, 70, 71, 72, 74, 78, 81, 82, 84, 85, 87, 91, 92, 93, 94, 95, 97, 98, 99]"
16646.695333,-35510.000000,"[0, 57, 66, 52, 62, 26, 61, 94, 11, 70, 32, 20, 73, 2, 14, 28, 89, 51, 99, 96, 53, 5, 55, 24, 35, 54, 38, 31, 92, 68, 46, 49, 39, 72, 95, 19, 34, 7, 91, 59, 76, 40, 84, 25, 29, 6, 75, 90, 16, 88, 17, 36, 3, 10, 98, 65, 63, 93, 69, 41, 13, 86, 64, 23, 30, 48, 60, 50, 27, 83, 9, 12, 56, 58, 80, 97, 85, 79, 82, 18, 44, 22, 21, 37, 77, 43, 74, 8, 47, 33, 67, 71, 42, 1, 15, 45, 87, 81, 4, 78];[0, 1, 2, 4, 8, 9, 10, 12, 13, 15, 16, 17, 18, 22, 23, 28, 31, 34, 35, 36, 37, 42, 47, 49, 50, 51, 54, 56, 57, 58, 59, 60, 62, 64, 65, 66, 67, 68, 69, 70, 71, 72, 74, 81, 82, 84, 85, 87, 91, 92, 93, 94, 95, 96, 97, 98, 99]"
10949.647481,-29140.000000,"[0, 57, 66, 52, 62, 26, 61, 94, 11, 70, 32, 20, 73, 2, 14, 28, 89, 51, 99, 96, 53, 5, 55, 24, 35, 54, 38, 31, 92, 68, 46, 49, 39, 72, 95, 19, 34, 7, 91, 59, 76, 40, 84, 25, 29, 6, 75, 90, 16, 88, 17, 36, 3, 10, 98, 65, 63, 93, 69, 41, 13, 86, 64, 23, 30, 48, 60, 50, 27, 83, 9, 12, 56, 58, 80, 97, 85, 79, 82, 18, 44, 22, 21, 37, 77, 43, 74, 8, 47, 33, 67, 71, 42, 1, 15, 45, 87, 81, 4, 78];[64, 1, 65, 66, 67, 4, 68, 69, 70, 71, 8, 72, 9, 10, 74, 12, 13, 77, 78, 15, 16, 17, 81, 18, 82, 84, 85, 22, 23, 87, 28, 92, 93, 94, 31, 97, 34, 99, 36, 37, 42, 47, 49, 56, 57, 58]"
12610.859621,-32452.000000,"[0, 57, 66, 52, 62, 26, 61, 94, 11, 70, 32, 20, 73, 2, 14, 28, 89, 51, 99, 96, 53, 5, 55, 24, 35, 54, 38, 31, 92, 68, 46, 49, 39, 72, 95, 19, 34, 7, 91, 59, 76, 40, 84, 25, 29, 6, 75, 90, 16, 88, 17, 36, 3, 10, 98, 65, 63, 93, 69, 41, 13, 86, 64, 23, 30, 48, 60, 50, 27, 83, 9, 12, 56, 58, 80, 97, 85, 79, 82, 18, 44, 22, 21, 37, 77, 43, 74, 8, 47, 33, 67, 71, 42, 1, 15, 45, 87, 81, 4, 78];[0, 1, 4, 8, 9, 10, 12, 13, 15, 16, 17, 18, 23, 28, 31, 34, 35, 36, 37, 42, 47, 49, 50, 51, 56, 57, 58, 59, 64, 65, 66, 67, 68, 69, 70, 71, 72, 74, 77, 78, 81, 82, 84, 85, 87, 92, 93, 94, 95, 97, 98, 99]"
12897.410763,-32798.000000,"[0, 57, 66, 52, 62, 26, 61, 94, 11, 70, 32, 20, 73, 2, 14, 28, 89, 51, 99, 96, 53, 5, 55, 24, 35, 54, 38, 31, 92, 68, 46, 49, 39, 72, 95, 19, 34, 7, 91, 59, 76, 40, 84, 25, 29, 6, 75, 90, 16, 88, 17, 36, 3, 10, 98, 65, 63, 93, 69, 41, 13, 86, 64, 23, 30, 48, 60, 50, 27, 83, 9, 12, 56, 58, 80, 97, 85, 79, 82, 18, 44, 22, 21, 37, 77, 43, 74, 8, 47, 33, 67, 71, 42, 1, 15, 45, 87, 81, 4, 78];[1, 4, 8, 9, 10, 12, 13, 15, 16, 17, 18, 23, 28, 31, 34, 35, 36, 37, 41, 42, 47, 49, 50, 51, 56, 57, 58, 64, 65, 66, 67, 68, 69, 70, 71, 72, 74, 77, 78, 81, 82, 84, 85, 87, 91, 92, 93, 94, 95, 97, 98, 99]"
10332.709253,-27014.000000,"[0, 57, 66, 52, 62, 26, 61, 94, 11, 70, 32, 20, 73, 2, 14, 28, 89, 51, 99, 96, 53, 5, 55, 24, 35, 54, 38, 31, 92, 68, 46, 49, 39, 72, 95, 19, 34, 7, 91, 59, 76, 40, 84, 25, 29, 6, 75, 90, 16, 88, 17, 36, 3, 10, 98, 65, 63, 93, 69, 41, 13, 86, 64, 23, 30, 48, 60, 50, 27, 83, 9, 12, 56, 58, 80, 97, 85, 79, 82, 18, 44, 22, 21, 37, 77, 43, 74, 8, 47, 33, 67, 71, 42, 1, 15, 45, 87, 81, 4, 78];[64, 1, 65, 66, 67, 4, 68, 69, 70, 71, 8, 72, 9, 74, 12, 13, 77, 78, 15, 16, 81, 18, 82, 84, 85, 87, 28, 92, 93, 94, 31, 97, 34, 99, 36, 37, 42, 47, 49, 56, 57, 58]"
10192.736696,-26326.000000,"[0, 57, 66, 52, 62, 26, 61, 94, 11, 70, 32, 20, 73, 2, 14, 28, 89, 51, 99, 96, 53, 5, 55, 24, 35, 54, 38, 31, 92, 68, 46, 49, 39, 72, 95, 19, 34, 7, 91, 59, 76, 40, 84, 25, 29, 6, 75, 90, 16, 88, 17, 36, 3, 10, 98, 65, 63, 93, 69, 41, 13, 86, 64, 23, 30, 48, 60, 50, 27, 83, 9, 12, 56, 58, 80, 97, 85, 79, 82, 18, 44, 22, 21, 37, 77, 43, 74, 8, 47, 33, 67, 71, 42, 1, 15, 45, 87, 81, 4, 78];[1, 65, 67, 4, 68, 69, 70, 71, 8, 72, 9, 10, 74, 12, 13, 78, 15, 16, 17, 81, 18, 82, 84, 85, 23, 87, 28, 92, 31, 97, 34, 35, 36, 37, 42, 47, 49, 56, 57, 58]"
8169.602192,-2724.000000,"[0, 57, 66, 52, 62, 26, 61, 94, 11, 70, 32, 20, 73, 2, 14, 28, 89, 51, 99, 96, 53, 5, 55, 24, 35, 54, 38, 31, 92, 68, 46, 49, 39, 72, 95, 19, 34, 7, 91, 59, 76, 40, 84, 25, 29, 6, 75, 90, 16, 88, 17, 36, 3, 10, 98, 65, 63, 93, 69, 41, 13, 86, 64, 23, 30, 48, 60, 50, 27, 83, 9, 12, 56, 58, 80, 97, 85, 79, 82, 18, 44, 22, 21, 37, 77, 43, 74, 8, 47, 33, 67, 71, 42, 1, 15, 45, 87, 81, 4, 78];[1, 4, 8, 12]"
8554.438176,-14317.000000,"[0, 57, 66, 52, 62, 26, 61, 94, 11, 70, 32, 20, 73, 2, 14, 28, 89, 51, 99, 96, 53, 5, 55, 24, 35, 54, 38, 31, 92, 68, 46, 49, 39, 72, 95, 19, 34, 7, 91, 59, 76, 40, 84, 25, 29, 6, 75, 90, 16, 88, 17, 36, 3, 10, 98, 65, 93, 63, 69, 41, 13, 86, 64, 23, 30, 48, 60, 50, 27, 83, 9, 12, 56, 58, 80, 97, 85, 79, 82, 18, 44, 22, 21, 37, 77, 43, 74, 8, 47, 33, 67, 71, 42, 1, 15, 45, 87, 81, 4, 78];[1, 97, 4, 70, 71, 8, 72, 42, 74, 12, 78, 15, 47, 81, 82, 84, 85, 87, 56, 58, 28, 92]"
8602.339719,-15293.000000,"[0, 57, 66, 52, 62, 26, 61, 94, 11, 70, 32, 20, 73, 2, 14, 28, 89, 51, 99, 96, 53, 5, 55, 24, 35, 54, 38, 31, 92, 68, 46, 49, 39, 72, 95, 19, 34, 7, 91, 59, 76, 40, 84, 25, 29, 6, 75, 90, 16, 88, 17, 36, 3, 10, 98, 65, 63, 93, 69, 41, 13, 86, 64, 23, 30, 48, 60, 50, 27, 83, 9, 12, 56, 58, 80, 97, 85, 79, 82, 18, 44, 22, 21, 37, 77, 43, 74, 8, 47, 33, 67, 71, 42, 1, 15, 45, 87, 81, 4, 78];[1, 67, 4, 69, 70, 71, 8, 72, 42, 74, 12, 78, 15, 47, 16, 81, 82, 84, 85, 87, 56, 58, 28, 92]"
9669.145833,-23962.000000,"[0, 57, 66, 52, 62, 26, 61, 94, 11, 70, 32, 20, 73, 2, 14, 28, 89, 51, 99, 96, 53, 5, 55, 24, 35, 54, 38, 31, 92, 68, 46, 49, 39, 72, 95, 19, 34, 7, 91, 59, 76, 40, 84, 25, 29, 6, 75, 90, 16, 88, 17, 36, 3, 10, 98, 65, 93, 63, 69, 41, 13, 86, 64, 23, 30, 48, 60, 50, 27, 83, 9, 12, 56, 58, 80, 97, 85, 79, 82, 18, 44, 22, 21, 37, 77, 43, 74, 8, 47, 33, 67, 71, 42, 1, 15, 45, 87, 81, 4, 78];[1, 65, 67, 4, 68, 69, 70, 71, 8, 72, 9, 10, 74, 12, 13, 78, 15, 16, 17, 81, 18, 82, 84, 85, 23, 87, 28, 92, 97, 99, 36, 37, 42, 47, 56, 57, 58]"
8304.064296,-8768.000000,"[0, 57, 66, 52, 62, 26, 61, 94, 11, 70, 32, 20, 73, 2, 14, 28, 89, 51, 99, 96, 53, 5, 55, 24, 35, 54, 38, 31, 92, 68, 46, 49, 39, 72, 95, 19, 34, 7, 91, 59, 76, 40, 84, 25, 29, 6, 75, 90, 16, 88, 17, 36, 3, 10, 98, 65, 63, 93, 69, 41, 13, 86, 64, 23, 30, 48, 60, 50, 27, 83, 9, 12, 56, 58, 80, 97, 85, 79, 82, 18, 44, 22, 21, 37, 77, 43, 74, 8, 47, 33, 67, 71, 42, 1, 15, 45, 87, 81, 4, 78];[1, 97, 4, 71, 8, 12, 78, 15, 16, 81, 82, 87, 56, 58]"
8215.143866,-5264.000000,"[0, 57, 66, 52, 62, 26, 61, 94, 11, 70, 32, 20, 73, 2, 14, 28, 89, 51, 99, 96, 53, 5, 55, 24, 35, 54, 38, 31, 92, 68, 46, 49, 39, 72, 95, 19, 34, 7, 91, 59, 76, 40, 84, 25, 29, 6, 75, 90, 16, 88, 17, 36, 3, 10, 98, 65, 63, 93, 69, 41, 13, 86, 64, 23, 30, 48, 60, 50, 27, 83, 9, 12, 56, 58, 80, 97, 85, 79, 82, 18, 44, 22, 21, 37, 77, 43, 74, 8, 47, 33, 67, 71, 42, 1, 15, 45, 87, 81, 4, 78];[1, 81, 82, 4, 71, 87, 58, 78]"
8879.277426,-18467.000000,"[0, 57, 66, 52, 62, 26, 61, 94, 11, 70, 32, 20, 73, 2, 14, 28, 89, 51, 99, 96, 53, 5, 55, 24, 35, 54, 38, 31, 92, 68, 46, 49, 39, 72, 95, 19, 34, 7, 91, 59, 76, 40, 84, 25, 29, 6, 75, 90, 16, 88, 17, 36, 3, 10, 98, 65, 63, 93, 69, 41, 13, 86, 64, 23, 30, 48, 60, 50, 27, 83, 9, 12, 56, 58, 80, 97, 85, 79, 82, 18, 44, 22, 21, 37, 77, 43, 74, 8, 47, 33, 67, 71, 42, 1, 15, 45, 87, 81, 4, 78];[1, 65, 67, 4, 68, 69, 70, 71, 8, 72, 74, 12, 78, 15, 16, 81, 82, 84, 85, 87, 28, 92, 97, 42, 47, 56, 57, 58]"
8350.046602,-10511.000000,"[0, 57, 66, 52, 62, 26, 61, 94, 11, 70, 32, 20, 73, 2, 14, 28, 89, 51, 99, 96, 53, 5, 55, 24, 35, 54, 38, 31, 92, 68, 46, 49, 39, 72, 95, 19, 34, 7, 91, 59, 76, 40, 84, 25, 29, 6, 75, 90, 16, 88, 17, 36, 3, 10, 98, 65, 63, 93, 69, 41, 13, 86, 64, 23, 30, 48, 60, 50, 27, 83, 9, 12, 56, 58, 80, 97, 85, 79, 82, 18, 44, 22, 21, 37, 77, 43, 74, 8, 47, 33, 67, 71, 42, 1, 15, 45, 87, 81, 4, 78];[1, 4, 70, 71, 8, 72, 74, 12, 78, 15, 16, 81, 82, 84, 87, 56, 58]"
15255.354266,-35049.000000,"[0, 57, 66, 52, 62, 26, 61, 94, 11, 70, 32, 20, 73, 2, 14, 28, 89, 51, 99, 96, 53, 5, 55, 24, 35, 54, 38, 31, 92, 68, 46, 49, 39, 72, 95, 19, 34, 7, 91, 59, 76, 40, 84, 25, 29, 6, 75, 90, 16, 88, 17, 36, 3, 10, 98, 65, 63, 93, 69, 41, 13, 86, 64, 23, 30, 48, 60, 50, 27, 83, 9, 12, 56, 58, 80, 97, 85, 79, 82, 18, 44, 22, 21, 37, 77, 43, 74, 8, 47, 33, 67, 71, 42, 1, 15, 45, 87, 81, 4, 78];[0, 1, 2, 4, 8, 9, 10, 12, 13, 15, 16, 17, 18, 23, 28, 31, 34, 35, 36, 37, 42, 47, 49, 50, 51, 56, 57, 58, 59, 60, 62, 64, 65, 66, 67, 68, 69, 70, 71, 72, 74, 77, 78, 81, 82, 84, 85, 87, 91, 92, 93, 94, 95, 97, 98, 99]"
15008.428576,-34948.000000,"[0, 57, 66, 52, 62, 26, 61, 94, 11, 70, 32, 20, 73, 2, 14, 28, 89, 51, 99, 96, 53, 5, 55, 24, 35, 54, 38, 31, 92, 68, 46, 49, 39, 72, 95, 19, 34, 7, 91, 59, 76, 40, 84, 25, 29, 6, 75, 90, 16, 88, 17, 36, 3, 10, 98, 65, 63, 93, 69, 41, 13, 86, 64, 23, 30, 48, 60, 50, 27, 83, 9, 12, 56, 58, 80, 97, 85, 79, 82, 18, 44, 22, 21, 37, 77, 43, 74, 8, 47, 33, 67, 71, 42, 1, 15, 45, 87, 81, 4, 78];[0, 1, 4, 8, 9, 10, 12, 13, 15, 16, 17, 18, 23, 28, 31, 34, 35, 36, 37, 42, 47, 49, 50, 51, 56, 57, 58, 59, 60, 62, 64, 65, 66, 67, 68, 69, 70, 71, 72, 74, 77, 78, 81, 82, 84, 85, 86, 87, 91, 92, 93, 94, 95, 97, 98, 99]"
9525.408439,-23536.000000,"[0, 57, 66, 52, 62, 26, 61, 94, 11, 70, 32, 20, 73, 2, 14, 28, 89, 51, 99, 96, 53, 5, 55, 24, 35, 54, 38, 31, 92, 68, 46, 49, 39, 72, 95, 19, 34, 7, 91, 59, 76, 40, 84, 25, 29, 6, 75, 90, 16, 88, 17, 36, 3, 10, 98, 65, 93, 63, 69, 41, 13, 86, 64, 23, 30, 48, 60, 50, 27, 83, 9, 12, 56, 58, 80, 97, 85, 79, 82, 18, 44, 22, 21, 37, 77, 43, 74, 8, 47, 33, 67, 71, 42, 1, 15, 45, 87, 81, 4, 78];[1, 65, 67, 4, 68, 69, 70, 71, 8, 72, 9, 74, 12, 13, 77, 78, 15, 16, 17, 81, 18, 82, 84, 85, 23, 87, 28, 92, 97, 36, 37, 42, 47, 56, 57, 58]"
14801.755670,-34757.000000,"[0, 57, 66, 52, 62, 26, 61, 94, 11, 70, 32, 20, 73, 2, 14, 28, 89, 51, 99, 96, 53, 5, 55, 24, 35, 54, 38, 31, 92, 68, 46, 49, 39, 72, 95, 19, 34, 7, 91, 59, 76, 40, 84, 25, 29, 6, 75, 90, 16, 88, 17, 36, 3, 10, 98, 65, 63, 93, 69, 41, 13, 86, 64, 23, 30, 48, 60, 50, 27, 83, 9, 12, 56, 58, 80, 97, 85, 79, 82, 18, 44, 22, 21, 37, 77, 43, 74, 8, 47, 33, 67, 71, 42, 1, 15, 45, 87, 81, 4, 78];[0, 1, 3, 4, 8, 9, 10, 12, 13, 15, 16, 17, 18, 23, 28, 31, 34, 35, 36, 37, 42, 47, 49, 50, 51, 56, 57, 58, 59, 60, 62, 64, 65, 66, 67, 68, 69, 70, 71, 72, 74, 77, 78, 81, 82, 84, 85, 87, 91, 92, 93, 94, 95, 97, 98, 99]"
8282.279664,-7965.000000,"[0, 57, 66, 52, 62, 26, 61, 94, 11, 70, 32, 20, 73, 2, 14, 28, 89, 51, 99, 96, 53, 5, 55, 24, 35, 54, 38, 31, 92, 68, 46, 49, 39, 72, 95, 19, 34, 7, 91, 59, 76, 40, 84, 25, 29, 6, 75, 90, 16, 88, 17, 36, 3, 10, 98, 65, 63, 93, 69, 41, 13, 86, 64, 23, 30, 48, 60, 50, 27, 83, 9, 12, 56, 58, 80, 97, 85, 79, 82, 18, 44, 22, 21, 37, 77, 43, 74, 8, 47, 33, 67, 71, 42, 1, 15, 45, 87, 81, 4, 78];[1, 81, 97, 82, 4, 71, 87, 8, 56, 58, 12, 78]"
8247.005310,-7377.000000,"[0, 57, 66, 52, 62, 26, 61, 94, 11, 70, 32, 20, 73, 2, 14, 28, 89, 51, 99, 96, 53, 5, 55, 24, 35, 54, 38, 31, 92, 68, 46, 49, 39, 72, 95, 19, 34, 7, 91, 59, 76, 40, 84, 25, 29, 6, 75, 90, 16, 88, 17, 36, 3, 10, 98, 65, 63, 93, 69, 41, 13, 86, 64, 23, 30, 48, 60, 50, 27, 83, 9, 12, 56, 58, 80, 97, 85, 79, 82, 18, 44, 22, 21, 37, 77, 43, 74, 8, 47, 33, 67, 71, 42, 1, 15, 45, 87, 81, 4, 78];[16, 1, 81, 82, 4, 71, 87, 8, 58, 12, 78, 15]"
11395.859626,-30240.000000,"[0, 57, 66, 52, 62, 26, 61, 94, 11, 70, 32, 20, 73, 2, 14, 28, 89, 51, 99, 96, 53, 5, 55, 24, 35, 54, 38, 31, 92, 68, 46, 49, 39, 72, 95, 19, 34, 7, 91, 59, 76, 40, 84, 25, 29, 6, 75, 90, 16, 88, 17, 36, 3, 10, 98, 65, 63, 93, 69, 41, 13, 86, 64, 23, 30, 48, 60, 50, 27, 83, 9, 12, 56, 58, 80, 97, 85, 79, 82, 18, 44, 22, 21, 37, 77, 43, 74, 8, 47, 33, 67, 71, 42, 1, 15, 45, 87, 81, 4, 78];[64, 1, 65, 66, 67, 4, 68, 69, 70, 71, 8, 72, 9, 10, 74, 12, 13, 77, 78, 15, 16, 17, 81, 18, 82, 84, 85, 22, 23, 87, 28, 92, 93, 94, 31, 97, 34, 99, 36, 37, 42, 47, 49, 50, 51, 56, 57, 58]"
9440.658531,-23034.000000,"[0, 57, 66, 52, 62, 26, 61, 94, 11, 70, 32, 20, 73, 2, 14, 28, 89, 51, 99, 96, 53, 5, 55, 24, 35, 54, 38, 31, 92, 68, 46, 49, 39, 72, 95, 19, 34, 7, 91, 59, 76, 40, 84, 25, 29, 6, 75, 90, 16, 88, 17, 36, 3, 10, 98, 65, 93, 63, 69, 41, 13, 86, 64, 23, 30, 48, 60, 50, 27, 83, 9, 12, 56, 58, 80, 97, 85, 79, 82, 18, 44, 22, 21, 37, 77, 43, 74, 8, 47, 33, 67, 71, 42, 1, 15, 45, 87, 81, 4, 78];[1, 65, 67, 4, 68, 69, 70, 71, 8, 72, 9, 74, 12, 13, 78, 15, 16, 17, 81, 18, 82, 84, 85, 23, 87, 28, 92, 97, 36, 37, 42, 47, 56, 57, 58]"
16886.158558,-35658.000000,"[0, 57, 66, 52, 62, 26, 61, 94, 11, 70, 32, 20, 73, 2, 14, 28, 89, 51, 99, 96, 53, 5, 55, 24, 35, 54, 38, 31, 92, 68, 46, 49, 39, 72, 95, 19, 34, 7, 91, 59, 76, 40, 84, 25, 29, 6, 75, 90, 16, 88, 17, 36, 3, 10, 98, 65, 63, 93, 69, 41, 13, 86, 64, 23, 30, 48, 60, 50, 27, 83, 9, 12, 56, 58, 80, 97, 85, 79, 82, 18, 44, 22, 21, 37, 77, 43, 74, 8, 47, 33, 67, 71, 42, 1, 15, 45, 87, 81, 4, 78];[0, 1, 2, 3, 4, 8, 9, 10, 12, 13, 15, 16, 17, 18, 23, 28, 31, 34, 35, 36, 37, 42, 47, 49, 50, 51, 54, 56, 57, 58, 59, 60, 62, 64, 65, 66, 67, 68, 69, 70, 71, 72, 74, 81, 82, 84, 85, 86, 87, 91, 92, 93, 94, 95, 97, 98, 99]"
8783.029227,-17740.000000,"[0, 57, 66, 52, 62, 26, 61, 94, 11, 70, 32, 20, 73, 2, 14, 28, 89, 51, 99, 96, 53, 5, 55, 24, 35, 54, 38, 31, 92, 68, 46, 49, 39, 72, 95, 19, 34, 7, 91, 59, 76, 40, 84, 25, 29, 6, 75, 90, 16, 88, 17, 36, 3, 10, 98, 65, 93, 63, 69, 41, 13, 86, 64, 23, 30, 48, 60, 50, 27, 83, 9, 12, 56, 58, 80, 97, 85, 79, 82, 18, 44, 22, 21, 37, 77, 43, 74, 8, 47, 33, 67, 71, 42, 1, 15, 45, 87, 81, 4, 78];[1, 67, 4, 68, 69, 70, 71, 8, 72, 9, 74, 12, 13, 78, 15, 16, 81, 18, 82, 84, 85, 87, 28, 92, 42, 47, 56, 58]"
13406.622881,-33435.000000,"[0, 57, 66, 52, 62, 26, 61, 94, 11, 70, 32, 20, 73, 2, 14, 28, 89, 51, 99, 96, 53, 5, 55, 24, 35, 54, 38, 31, 92, 68, 46, 49, 39, 72, 95, 19, 34, 7, 91, 59, 76, 40, 84, 25, 29, 6, 75, 90, 16, 88, 17, 36, 3, 10, 98, 65, 63, 93, 69, 41, 13, 86, 64, 23, 30, 48, 60, 50, 27, 83, 9, 12, 56, 58, 80, 97, 85, 79, 82, 18, 44, 22, 21, 37, 77, 43, 74, 8, 47, 33, 67, 71, 42, 1, 15, 45, 87, 81, 4, 78];[0, 1, 4, 8, 9, 10, 12, 13, 15, 16, 17, 18, 23, 28, 31, 34, 35, 36, 37, 42, 47, 49, 50, 51, 56, 57, 58, 64, 65, 66, 67, 68, 69, 70, 71, 72, 74, 77, 78, 81, 82, 84, 85, 87, 91, 92, 93, 94, 95, 96, 97, 98, 99]"
8402.649517,-11228.000000,"[0, 57, 66, 52, 62, 26, 61, 94, 11, 70, 32, 20, 73, 2, 14, 28, 89, 51, 99, 96, 53, 5, 55, 24, 35, 54, 38, 31, 92, 68, 46, 49, 39, 72, 95, 19, 34, 7, 91, 59, 76, 40, 84, 25, 29, 6, 75, 90, 16, 88, 17, 36, 3, 10, 98, 65, 63, 93, 69, 41, 13, 86, 64, 23, 30, 48, 60, 50, 27, 83, 9, 12, 56, 58, 80, 97, 85, 79, 82, 18, 44, 22, 21, 37, 77, 43, 74, 8, 47, 33, 67, 71, 42, 1, 15, 45, 87, 81, 4, 78];[1, 4, 70, 71, 8, 72, 9, 74, 12, 78, 15, 16, 81, 82, 84, 87, 56, 58]"
11190.623363,-29717.000000,"[0, 57, 66, 52, 62, 26, 61, 94, 11, 70, 32, 20, 73, 2, 14, 28, 89, 51, 99, 96, 53, 5, 55, 24, 35, 54, 38, 31, 92, 68, 46, 49, 39, 72, 95, 19, 34, 7, 91, 59, 76, 40, 84, 25, 29, 6, 75, 90, 16, 88, 17, 36, 3, 10, 98, 65, 63, 93, 69, 41, 13, 86, 64, 23, 30, 48, 60, 50, 27, 83, 9, 12, 56, 58, 80, 97, 85, 79, 82, 18, 44, 22, 21, 37, 77, 43, 74, 8, 47, 33, 67, 71, 42, 1, 15, 45, 87, 81, 4, 78];[64, 1, 65, 66, 3, 67, 4, 68, 69, 70, 71, 8, 72, 9, 10, 74, 12, 13, 77, 78, 15, 16, 17, 81, 18, 82, 84, 85, 23, 87, 28, 92, 93, 94, 31, 97, 34, 35, 99, 36, 37, 42, 47, 49, 56, 57, 58]"
15883.626598,-35424.000000,"[0, 57, 66, 52, 62, 26, 61, 94, 11, 70, 32, 20, 73, 2, 14, 28, 89, 51, 99, 96, 53, 5, 55, 24, 35, 54, 38, 31, 92, 68, 46, 49, 39, 72, 95, 19, 34, 7, 91, 59, 76, 40, 84, 25, 29, 6, 75, 90, 16, 88, 17, 36, 3, 10, 98, 65, 63, 93, 69, 41, 13, 86, 64, 23, 30, 48, 60, 50, 27, 83, 9, 12, 56, 58, 80, 97, 85, 79, 82, 18, 44, 22, 21, 37, 77, 43, 74, 8, 47, 33, 67, 71, 42, 1, 15, 45, 87, 81, 4, 78];[0, 1, 2, 4, 8, 9, 10, 12, 13, 15, 16, 17, 18, 23, 28, 31, 34, 35, 36, 37, 42, 47, 49, 50, 51, 56, 57, 58, 59, 60, 62, 64, 65, 66, 67, 68, 69, 70, 71, 72, 74, 77, 78, 81, 82, 84, 85, 87, 91, 92, 93, 94, 95, 96, 97, 98, 99]"
17635.796107,-35964.000000,"[0, 57, 66, 52, 62, 26, 61, 94, 11, 70, 32, 20, 73, 2, 14, 28, 89, 51, 99, 96, 53, 5, 55, 24, 35, 54, 38, 31, 92, 68, 46, 49, 39, 72, 95, 19, 34, 7, 91, 59, 76, 40, 84, 25, 29, 6, 75, 90, 16, 88, 17, 36, 3, 10, 98, 65, 63, 93, 69, 41, 13, 86, 64, 23, 30, 48, 60, 50, 27, 83, 9, 12, 56, 58, 80, 97, 85, 79, 82, 18, 44, 22, 21, 37, 77, 43, 74, 8, 47, 33, 67, 71, 42, 1, 15, 45, 87, 81, 4, 78];[0, 1, 2, 3, 4, 8, 9, 10, 12, 13, 15, 16, 17, 18, 23, 28, 31, 34, 35, 36, 37, 42, 47, 49, 50, 51, 54, 56, 57, 58, 59, 60, 62, 64, 65, 66, 67, 68, 69, 70, 71, 72, 74, 81, 82, 84, 85, 86, 87, 91, 92, 93, 94, 96, 97, 98, 99]"
8226.004218,-6574.000000,"[0, 57, 66, 52, 62, 26, 61, 94, 11, 70, 32, 20, 73, 2, 14, 28, 89, 51, 99, 96, 53, 5, 55, 24, 35, 54, 38, 31, 92, 68, 46, 49, 39, 72, 95, 19, 34, 7, 91, 59, 76, 40, 84, 25, 29, 6, 75, 90, 16, 88, 17, 36, 3, 10, 98, 65, 63, 93, 69, 41, 13, 86, 64, 23, 30, 48, 60, 50, 27, 83, 9, 12, 56, 58, 80, 97, 85, 79, 82, 18, 44, 22, 21, 37, 77, 43, 74, 8, 47, 33, 67, 71, 42, 1, 15, 45, 87, 81, 4, 78];[1, 81, 82, 4, 71, 87, 8, 58, 12, 78]"
11975.004536,-31506.000000,"[0, 57, 66, 52, 62, 26, 61, 94, 11, 70, 32, 20, 73, 2, 14, 28, 89, 51, 99, 96, 53, 5, 55, 24, 35, 54, 38, 31, 92, 68, 46, 49, 39, 72, 95, 19, 34, 7, 91, 59, 76, 40, 84, 25, 29, 6, 75, 90, 16, 88, 17, 36, 3, 10, 98, 65, 63, 93, 69, 41, 13, 86, 64, 23, 30, 48, 60, 50, 27, 83, 9, 12, 56, 58, 80, 97, 85, 79, 82, 18, 44, 22, 21, 37, 77, 43, 74, 8, 47, 33, 67, 71, 42, 1, 15, 45, 87, 81, 4, 78];[1, 4, 8, 9, 10, 12, 13, 15, 16, 17, 18, 23, 28, 31, 34, 35, 36, 37, 42, 47, 49, 50, 51, 56, 57, 58, 64, 65, 66, 67, 68, 69, 70, 71, 72, 74, 77, 78, 81, 82, 84, 85, 87, 92, 93, 94, 95, 97, 98, 99]"
14235.211783,-34274.000000,"[0, 57, 66, 52, 62, 26, 61, 94, 11, 70, 32, 20, 73, 2, 14, 28, 89, 51, 99, 96, 53, 5, 55, 24, 35, 54, 38, 31, 92, 68, 46, 49, 39, 72, 95, 19, 34, 7, 91, 59, 76, 40, 84, 25, 29, 6, 75, 90, 16, 88, 17, 36, 3, 10, 98, 65, 63, 93, 69, 41, 13, 86, 64, 23, 30, 48, 60, 50, 27, 83, 9, 12, 56, 58, 80, 97, 85, 79, 82, 18, 44, 22, 21, 37, 77, 43, 74, 8, 47, 33, 67, 71, 42, 1, 15, 45, 87, 81, 4, 78];[1, 4, 8, 9, 10, 12, 13, 15, 16, 17, 18, 23, 28, 31, 34, 35, 36, 37, 42, 47, 49, 50, 51, 56, 57, 58, 59, 60, 62, 64, 65, 66, 67, 68, 69, 70, 71, 72, 74, 77, 78, 81, 82, 84, 85, 86, 87, 91, 92, 93, 94, 95, 97, 98, 99]"
11634.373321,-30855.000000,"[0, 57, 66, 52, 62, 26, 61, 94, 11, 70, 32, 20, 73, 2, 14, 28, 89, 51, 99, 96, 53, 5, 55, 24, 35, 54, 38, 31, 92, 68, 46, 49, 39, 72, 95, 19, 34, 7, 91, 59, 76, 40, 84, 25, 29, 6, 75, 90, 16, 88, 17, 36, 3, 10, 98, 65, 63, 93, 69, 41, 13, 86, 64, 23, 30, 48, 60, 50, 27, 83, 9, 12, 56, 58, 80, 97, 85, 79, 82, 18, 44, 22, 21, 37, 77, 43, 74, 8, 47, 33, 67, 71, 42, 1, 15, 45, 87, 81, 4, 78];[1, 4, 8, 9, 12, 13, 15, 16, 17, 18, 23, 28, 31, 34, 35, 36, 37, 42, 47, 49, 50, 51, 56, 57, 58, 64, 65, 66, 67, 68, 69, 70, 71, 72, 74, 77, 78, 81, 82, 84, 85, 87, 92, 93, 94, 95, 97, 98, 99]"
14614.177611,-34565.000000,"[0, 57, 66, 52, 62, 26, 61, 94, 11, 70, 32, 20, 73, 2, 14, 28, 89, 51, 99, 96, 53, 5, 55, 24, 35, 54, 38, 31, 92, 68, 46, 49, 39, 72, 95, 19, 34, 7, 91, 59, 76, 40, 84, 25, 29, 6, 75, 90, 16, 88, 17, 36, 3, 10, 98, 65, 63, 93, 69, 41, 13, 86, 64, 23, 30, 48, 60, 50, 27, 83, 9, 12, 56, 58, 80, 97, 85, 79, 82, 18, 44, 22, 21, 37, 77, 43, 74, 8, 47, 33, 67, 71, 42, 1, 15, 45, 87, 81, 4, 78];[1, 3, 4, 8, 9, 10, 12, 13, 15, 16, 17, 18, 23, 28, 31, 34, 35, 36, 37, 42, 47, 49, 50, 51, 56, 57, 58, 59, 60, 62, 64, 65, 66, 67, 68, 69, 70, 71, 72, 74, 77, 78, 81, 82, 84, 85, 86, 87, 91, 92, 93, 94, 95, 97, 98, 99]"
14419.125203,-34466.000000,"[0, 57, 66, 52, 62, 26, 61, 94, 11, 70, 32, 20, 73, 2, 14, 28, 89, 51, 99, 96, 53, 5, 55, 24, 35, 54, 38, 31, 92, 68, 46, 49, 39, 72, 95, 19, 34, 7, 91, 59, 76, 40, 84, 25, 29, 6, 75, 90, 16, 88, 17, 36, 3, 10, 98, 65, 63, 93, 69, 41, 13, 86, 64, 23, 30, 48, 60, 50, 27, 83, 9, 12, 56, 58, 80, 97, 85, 79, 82, 18, 44, 22, 21, 37, 77, 43, 74, 8, 47, 33, 67, 71, 42, 1, 15, 45, 87, 81, 4, 78];[0, 1, 4, 8, 9, 10, 12, 13, 15, 16, 17, 18, 23, 28, 31, 34, 35, 36, 37, 42, 47, 49, 50, 51, 56, 57, 58, 59, 60, 62, 64, 65, 66, 67, 68, 69, 70, 71, 72, 74, 77, 78, 81, 82, 84, 85, 87, 91, 92, 93, 94, 95, 97, 98, 99]"
9090.261174,-20432.000000,"[0, 57, 66, 52, 62, 26, 61, 94, 11, 70, 32, 20, 73, 2, 14, 28, 89, 51, 99, 96, 53, 5, 55, 24, 35, 54, 38, 31, 92, 68, 46, 49, 39, 72, 95, 19, 34, 7, 91, 59, 76, 40, 84, 25, 29, 6, 75, 90, 16, 88, 17, 36, 3, 10, 98, 65, 63, 93, 69, 41, 13, 86, 64, 23, 30, 48, 60, 50, 27, 83, 9, 12, 56, 58, 80, 97, 85, 79, 82, 18, 44, 22, 21, 37, 77, 43, 74, 8, 47, 33, 67, 71, 42, 1, 15, 45, 87, 81, 4, 78];[1, 65, 67, 4, 68, 69, 70, 71, 8, 72, 9, 74, 12, 13, 78, 15, 16, 81, 18, 82, 84, 85, 87, 28, 92, 93, 37, 42, 47, 56, 57, 58]"
14063.601578,-34083.000000,"[0, 57, 66, 52, 62, 26, 61, 94, 11, 70, 32, 20, 73, 2, 14, 28, 89, 51, 99, 96, 53, 5, 55, 24, 35, 54, 38, 31, 92, 68, 46, 49, 39, 72, 95, 19, 34, 7, 91, 59, 76, 40, 84, 25, 29, 6, 75, 90, 16, 88, 17, 36, 3, 10, 98, 65, 63, 93, 69, 41, 13, 86, 64, 23, 30, 48, 60, 50, 27, 83, 9, 12, 56, 58, 80, 97, 85, 79, 82, 18, 44, 22, 21, 37, 77, 43, 74, 8, 47, 33, 67, 71, 42, 1, 15, 45, 87, 81, 4, 78];[1, 3, 4, 8, 9, 10, 12, 13, 15, 16, 17, 18, 23, 28, 31, 34, 35, 36, 37, 42, 47, 49, 50, 51, 56, 57, 58, 59, 60, 62, 64, 65, 66, 67, 68, 69, 70, 71, 72, 74, 77, 78, 81, 82, 84, 85, 87, 91, 92, 93, 94, 95, 97, 98, 99]"
17071.260678,-35742.000000,"[0, 57, 66, 52, 62, 26, 61, 94, 11, 70, 32, 20, 73, 2, 14, 28, 89, 51, 99, 96, 53, 5, 55, 24, 35, 54, 38, 31, 92, 68, 46, 49, 39, 72, 95, 19, 34, 7, 91, 59, 76, 40, 84, 25, 29, 6, 75, 90, 16, 88, 17, 36, 3, 10, 98, 65, 63, 93, 69, 41, 13, 86, 64, 23, 30, 48, 60, 50, 27, 83, 9, 12, 56, 58, 80, 97, 85, 79, 82, 18, 44, 22, 21, 37, 77, 43, 74, 8, 47, 33, 67, 71, 42, 1, 15, 45, 87, 81, 4, 78];[0, 1, 2, 4, 8, 9, 10, 12, 13, 15, 16, 17, 18, 23, 28, 31, 34, 35, 36, 37, 42, 47, 49, 50, 51, 54, 56, 57, 58, 59, 60, 62, 64, 65, 66, 67, 68, 69, 70, 71, 72, 74, 81, 82, 84, 85, 86, 87, 91, 92, 93, 94, 95, 96, 97, 98, 99]"
8156.981469,-848.000000,"[0, 57, 66, 52, 62, 26, 61, 94, 11, 70, 32, 20, 73, 2, 14, 28, 89, 51, 99, 96, 53, 5, 55, 24, 35, 54, 38, 31, 92, 68, 46, 49, 39, 72, 95, 19, 34, 7, 91, 59, 76, 40, 84, 25, 29, 6, 75, 90, 16, 88, 17, 36, 3, 10, 98, 65, 93, 63, 69, 41, 13, 86, 64, 23, 30, 48, 60, 50, 27, 83, 9, 12, 56, 58, 80, 97, 85, 79, 82, 18, 44, 22, 21, 37, 77, 43, 74, 8, 47, 33, 67, 71, 42, 1, 15, 45, 87, 81, 4, 78];[1, 12]"
10791.766354,-28775.000000,"[0, 57, 66, 52, 62, 26, 61, 94, 11, 70, 32, 20, 73, 2, 14, 28, 89, 51, 99, 96, 53, 5, 55, 24, 35, 54, 38, 31, 92, 68, 46, 49, 39, 72, 95, 19, 34, 7, 91, 59, 76, 40, 84, 25, 29, 6, 75, 90, 16, 88, 17, 36, 3, 10, 98, 65, 63, 93, 69, 41, 13, 86, 64, 23, 30, 48, 60, 50, 27, 83, 9, 12, 56, 58, 80, 97, 85, 79, 82, 18, 44, 22, 21, 37, 77, 43, 74, 8, 47, 33, 67, 71, 42, 1, 15, 45, 87, 81, 4, 78];[64, 1, 65, 66, 67, 4, 68, 69, 70, 71, 8, 72, 9, 74, 12, 13, 77, 78, 15, 16, 17, 81, 18, 82, 84, 85, 23, 87, 28, 92, 93, 94, 31, 97, 34, 35, 99, 36, 37, 42, 47, 49, 56, 57, 58]"
9900.948663,-25339.000000,"[0, 57, 66, 52, 62, 26, 61, 94, 11, 70, 32, 20, 73, 2, 14, 28, 89, 51, 99, 96, 53, 5, 55, 24, 35, 54, 38, 31, 92, 68, 46, 49, 39, 72, 95, 19, 34, 7, 91, 59, 76, 40, 84, 25, 29, 6, 75, 90, 16, 88, 17, 36, 3, 10, 98, 65, 63, 93, 69, 41, 13, 86, 64, 23, 30, 48, 60, 50, 27, 83, 9, 12, 56, 58, 80, 97, 85, 79, 82, 18, 44, 22, 21, 37, 77, 43, 74, 8, 47, 33, 67, 71, 42, 1, 15, 45, 87, 81, 4, 78];[64, 1, 65, 67, 4, 68, 69, 70, 71, 8, 72, 9, 74, 12, 13, 77, 78, 15, 16, 17, 81, 18, 82, 84, 85, 23, 87, 28, 92, 97, 99, 36, 37, 42, 47, 49, 56, 57, 58]"
12279.267748,-31524.000000,"[0, 57, 66, 52, 62, 26, 61, 94, 11, 70, 32, 20, 73, 2, 14, 28, 89, 51, 99, 96, 53, 5, 55, 24, 35, 54, 38, 31, 92, 68, 46, 49, 39, 72, 95, 19, 34, 7, 91, 59, 76, 40, 84, 25, 29, 6, 75, 90, 16, 88, 17, 36, 3, 10, 98, 65, 63, 93, 69, 41, 13, 86, 64, 23, 30, 48, 60, 50, 27, 83, 9, 12, 56, 58, 80, 97, 85, 79, 82, 18, 44, 22, 21, 37, 77, 43, 74, 8, 47, 33, 67, 71, 42, 1, 15, 45, 87, 81, 4, 78];[1, 4, 8, 9, 12, 13, 15, 16, 17, 18, 23, 28, 31, 34, 35, 36, 37, 42, 47, 49, 50, 51, 56, 57, 58, 64, 65, 66, 67, 68, 69, 70, 71, 72, 74, 77, 78, 81, 82, 84, 85, 86, 91, 92, 93, 94, 95, 97, 98, 99]"
10485.873844,-27476.000000,"[0, 57, 66, 52, 62, 26, 61, 94, 11, 70, 32, 20, 73, 2, 14, 28, 89, 51, 99, 96, 53, 5, 55, 24, 35, 54, 38, 31, 92, 68, 46, 49, 39, 72, 95, 19, 34, 7, 91, 59, 76, 40, 84, 25, 29, 6, 75, 90, 16, 88, 17, 36, 3, 10, 98, 65, 63, 93, 69, 41, 13, 86, 64, 23, 30, 48, 60, 50, 27, 83, 9, 12, 56, 58, 80, 97, 85, 79, 82, 18, 44, 22, 21, 37, 77, 43, 74, 8, 47, 33, 67, 71, 42, 1, 15, 45, 87, 81, 4, 78];[64, 1, 65, 67, 4, 68, 69, 70, 71, 8, 72, 9, 10, 74, 12, 13, 77, 78, 15, 16, 17, 81, 18, 82, 84, 85, 22, 23, 87, 28, 92, 31, 97, 34, 99, 36, 37, 42, 47, 49, 56, 57, 58]"
15462.967428,-35239.000000,"[0, 57, 66, 52, 62, 26, 61, 94, 11, 70, 32, 20, 73, 2, 14, 28, 89, 51, 99, 96, 53, 5, 55, 24, 35, 54, 38, 31, 92, 68, 46, 49, 39, 72, 95, 19, 34, 7, 91, 59, 76, 40, 84, 25, 29, 6, 75, 90, 16, 88, 17, 36, 3, 10, 98, 65, 63, 93, 69, 41, 13, 86, 64, 23, 30, 48, 60, 50, 27, 83, 9, 12, 56, 58, 80, 97, 85, 79, 82, 18, 44, 22, 21, 37, 77, 43, 74, 8, 47, 33, 67, 71, 42, 1, 15, 45, 87, 81, 4, 78];[0, 1, 3, 4, 8, 9, 10, 12, 13, 15, 16, 17, 18, 23, 28, 31, 34, 35, 36, 37, 42, 47, 49, 50, 51, 56, 57, 58, 59, 60, 62, 64, 65, 66, 67, 68, 69, 70, 71, 72, 74, 77, 78, 81, 82, 84, 85, 86, 87, 91, 92, 93, 94, 95, 97, 98, 99]"
13623.223249,-33623.000000,"[0, 57, 66, 52, 62, 26, 61, 94, 11, 70, 32, 20, 73, 2, 14, 28, 89, 51, 99, 96, 53, 5, 55, 24, 35, 54, 38, 31, 92, 68, 46, 49, 39, 72, 95, 19, 34, 7, 91, 59, 76, 40, 84, 25, 29, 6, 75, 90, 16, 88, 17, 36, 3, 10, 98, 65, 63, 93, 69, 41, 13, 86, 64, 23, 30, 48, 60, 50, 27, 83, 9, 12, 56, 58, 80, 97, 85, 79, 82, 18, 44, 22, 21, 37, 77, 43, 74, 8, 47, 33, 67, 71, 42, 1, 15, 45, 87, 81, 4, 78];[1, 4, 8, 9, 12, 13, 15, 16, 17, 18, 23, 28, 31, 34, 35, 36, 37, 42, 47, 49, 50, 51, 56, 57, 58, 59, 60, 62, 64, 65, 66, 67, 68, 69, 70, 71, 72, 74, 77, 78, 81, 82, 84, 85, 86, 87, 91, 92, 93, 94, 95, 97, 98, 99]"
9120.667999,-20978.000000,"[0, 57, 66, 52, 62, 26, 61, 94, 11, 70, 32, 20, 73, 2, 14, 28, 89, 51, 99, 96, 53, 5, 55, 24, 35, 54, 38, 31, 92, 68, 46, 49, 39, 72, 95, 19, 34, 7, 91, 59, 76, 40, 84, 25, 29, 6, 75, 90, 16, 88, 17, 36, 3, 10, 98, 65, 63, 93, 69, 41, 13, 86, 64, 23, 30, 48, 60, 50, 27, 83, 9, 12, 56, 58, 80, 97, 85, 79, 82, 18, 44, 22, 21, 37, 77, 43, 74, 8, 47, 33, 67, 71, 42, 1, 15, 45, 87, 81, 4, 78];[1, 65, 67, 4, 68, 69, 70, 71, 8, 72, 9, 74, 12, 13, 78, 15, 16, 81, 18, 82, 84, 85, 87, 28, 92, 97, 37, 42, 47, 56, 57, 58]"
11496.047087,-30526.000000,"[0, 57, 66, 52, 62, 26, 61, 94, 11, 70, 32, 20, 73, 2, 14, 28, 89, 51, 99, 96, 53, 5, 55, 24, 35, 54, 38, 31, 92, 68, 46, 49, 39, 72, 95, 19, 34, 7, 91, 59, 76, 40, 84, 25, 29, 6, 75, 90, 16, 88, 17, 36, 3, 10, 98, 65, 63, 93, 69, 41, 13, 86, 64, 23, 30, 48, 60, 50, 27, 83, 9, 12, 56, 58, 80, 97, 85, 79, 82, 18, 44, 22, 21, 37, 77, 43, 74, 8, 47, 33, 67, 71, 42, 1, 15, 45, 87, 81, 4, 78];[64, 1, 65, 66, 67, 4, 68, 69, 70, 71, 8, 72, 9, 10, 74, 12, 13, 77, 78, 15, 16, 17, 81, 18, 82, 84, 85, 23, 87, 28, 92, 93, 94, 31, 97, 34, 35, 99, 36, 37, 42, 47, 49, 50, 51, 56, 57, 58]"
8222.973514,-5950.000000,"[0, 57, 66, 52, 62, 26, 61, 94, 11, 70, 32, 20, 73, 2, 14, 28, 89, 51, 99, 96, 53, 5, 55, 24, 35, 54, 38, 31, 92, 68, 46, 49, 39, 72, 95, 19, 34, 7, 91, 59, 76, 40, 84, 25, 29, 6, 75, 90, 16, 88, 17, 36, 3, 10, 98, 65, 93, 63, 69, 41, 13, 86, 64, 23, 30, 48, 60, 50, 27, 83, 9, 12, 56, 58, 80, 97, 85, 79, 82, 18, 44, 22, 21, 37, 77, 43, 74, 8, 47, 33, 67, 71, 42, 1, 15, 45, 87, 81, 4, 78];[1, 81, 82, 4, 71, 8, 58, 12, 78, 95]"
8464.056731,-12984.000000,"[0, 57, 66, 52, 62, 26, 61, 94, 11, 70, 32, 20, 73, 2, 14, 28, 89, 51, 99, 96, 53, 5, 55, 24, 35, 54, 38, 31, 92, 68, 46, 49, 39, 72, 95, 19, 34, 7, 91, 59, 76, 40, 84, 25, 29, 6, 75, 90, 16, 88, 17, 36, 3, 10, 98, 65, 93, 63, 69, 41, 13, 86, 64, 23, 30, 48, 60, 50, 27, 83, 9, 12, 56, 58, 80, 97, 85, 79, 82, 18, 44, 22, 21, 37, 77, 43, 74, 8, 47, 33, 67, 71, 42, 1, 15, 45, 87, 81, 4, 78];[1, 4, 70, 71, 8, 72, 42, 74, 12, 78, 15, 47, 81, 82, 84, 87, 56, 58, 28, 92]"
17863.064257,-36038.000000,"[0, 57, 66, 52, 62, 26, 61, 94, 11, 70, 32, 20, 73, 2, 14, 28, 89, 51, 99, 96, 53, 5, 55, 24, 35, 54, 38, 31, 92, 68, 46, 49, 39, 72, 95, 19, 34, 7, 91, 59, 76, 40, 84, 25, 29, 6, 75, 90, 16, 88, 17, 36, 3, 10, 45, 15, 1, 42, 71, 67, 33, 47, 8, 74, 43, 77, 37, 21, 22, 44, 18, 82, 79, 85, 97, 80, 58, 56, 12, 9, 83, 27, 50, 60, 48, 30, 23, 64, 86, 13, 41, 69, 93, 63, 65, 98, 87, 81, 4, 78];[0, 1, 2, 3, 4, 8, 9, 10, 11, 12, 13, 15, 16, 17, 18, 22, 23, 24, 28, 31, 34, 35, 36, 37, 47, 49, 50, 51, 54, 56, 57, 58, 59, 60, 62, 64, 65, 66, 68, 69, 70, 71, 72, 74, 81, 82, 84, 85, 86, 87, 91, 92, 93, 94, 95, 97, 98, 99]"
9018.575471,-19834.000000,"[0, 57, 66, 52, 62, 26, 61, 94, 11, 70, 32, 20, 73, 2, 14, 28, 89, 51, 99, 96, 53, 5, 55, 24, 35, 54, 38, 31, 92, 68, 46, 49, 39, 72, 95, 19, 34, 7, 91, 59, 76, 40, 84, 25, 29, 6, 75, 90, 16, 88, 17, 36, 3, 10, 98, 65, 63, 93, 69, 41, 13, 86, 64, 23, 30, 48, 60, 50, 27, 83, 9, 12, 56, 58, 80, 97, 85, 79, 82, 18, 44, 22, 21, 37, 77, 43, 74, 8, 47, 33, 67, 71, 42, 1, 15, 45, 87, 81, 4, 78];[1, 65, 67, 4, 68, 69, 70, 71, 8, 72, 9, 74, 12, 13, 78, 15, 16, 81, 18, 82, 84, 85, 87, 28, 92, 93, 42, 47, 56, 57, 58]"
13868.666149,-33957.000000,"[0, 57, 66, 52, 62, 26, 61, 94, 11, 70, 32, 20, 73, 2, 14, 28, 89, 51, 99, 96, 53, 5, 55, 24, 35, 54, 38, 31, 92, 68, 46, 49, 39, 72, 95, 19, 34, 7, 91, 59, 76, 40, 84, 25, 29, 6, 75, 90, 16, 88, 17, 36, 3, 10, 98, 65, 63, 93, 69, 41, 13, 86, 64, 23, 30, 48, 60, 50, 27, 83, 9, 12, 56, 58, 80, 97, 85, 79, 82, 18, 44, 22, 21, 37, 77, 43, 74, 8, 47, 33, 67, 71, 42, 1, 15, 45, 87, 81, 4, 78];[0, 1, 4, 8, 9, 10, 12, 13, 15, 16, 17, 18, 22, 23, 28, 31, 34, 35, 36, 37, 42, 47, 49, 50, 51, 56, 57, 58, 59, 64, 65, 66, 67, 68, 69, 70, 71, 72, 74, 77, 78, 81, 82, 84, 85, 87, 91, 92, 93, 94, 95, 96, 97, 98, 99]"
8430.563527,-12280.000000,"[0, 57, 66, 52, 62, 26, 61, 94, 11, 70, 32, 20, 73, 2, 14, 28, 89, 51, 99, 96, 53, 5, 55, 24, 35, 54, 38, 31, 92, 68, 46, 49, 39, 72, 95, 19, 34, 7, 91, 59, 76, 40, 84, 25, 29, 6, 75, 90, 16, 88, 17, 36, 3, 10, 98, 65, 93, 63, 69, 41, 13, 86, 64, 23, 30, 48, 60, 50, 27, 83, 9, 12, 56, 58, 80, 97, 85, 79, 82, 18, 44, 22, 21, 37, 77, 43, 74, 8, 47, 33, 67, 71, 42, 1, 15, 45, 87, 81, 4, 78];[1, 4, 70, 71, 8, 72, 42, 74, 12, 78, 15, 47, 81, 82, 84, 87, 56, 58, 28]"
13149.200481,-32897.000000,"[0, 57, 66, 52, 62, 26, 61, 94, 11, 70, 32, 20, 73, 2, 14, 28, 89, 51, 99, 96, 53, 5, 55, 24, 35, 54, 38, 31, 92, 68, 46, 49, 39, 72, 95, 19, 34, 7, 91, 59, 76, 40, 84, 25, 29, 6, 75, 90, 16, 88, 17, 36, 3, 10, 98, 65, 63, 93, 69, 41, 13, 86, 64, 23, 30, 48, 60, 50, 27, 83, 9, 12, 56, 58, 80, 97, 85, 79, 82, 18, 44, 22, 21, 37, 77, 43, 74, 8, 47, 33, 67, 71, 42, 1, 15, 45, 87, 81, 4, 78];[0, 1, 3, 4, 8, 9, 10, 12, 13, 15, 16, 17, 18, 23, 28, 31, 34, 35, 36, 37, 42, 47, 49, 50, 51, 56, 57, 58, 59, 60, 62, 64, 65, 66, 67, 68, 69, 70, 71, 72, 74, 77, 78, 81, 82, 84, 85, 87, 92, 93, 94, 97, 99]"
8936.832113,-18969.000000,"[0, 57, 66, 52, 62, 26, 61, 94, 11, 70, 32, 20, 73, 2, 14, 28, 89, 51, 99, 96, 53, 5, 55, 24, 35, 54, 38, 31, 92, 68, 46, 49, 39, 72, 95, 19, 34, 7, 91, 59, 76, 40, 84, 25, 29, 6, 75, 90, 16, 88, 17, 36, 3, 10, 98, 65, 63, 93, 69, 41, 13, 86, 64, 23, 30, 48, 60, 50, 27, 83, 9, 12, 56, 58, 80, 97, 85, 79, 82, 18, 44, 22, 21, 37, 77, 43, 74, 8, 47, 33, 67, 71, 42, 1, 15, 45, 87, 81, 4, 78];[1, 65, 67, 4, 68, 69, 70, 71, 8, 72, 74, 12, 77, 78, 15, 16, 81, 82, 84, 85, 87, 28, 92, 97, 42, 47, 56, 57, 58]"
9378.752933,-22439.000000,"[0, 57, 66, 52, 62, 26, 61, 94, 11, 70, 32, 20, 73, 2, 14, 28, 89, 51, 99, 96, 53, 5, 55, 24, 35, 54, 38, 31, 92, 68, 46, 49, 39, 72, 95, 19, 34, 7, 91, 59, 76, 40, 84, 25, 29, 6, 75, 90, 16, 88, 17, 36, 3, 10, 98, 65, 63, 93, 69, 41, 13, 86, 64, 23, 30, 48, 60, 50, 27, 83, 9, 12, 56, 58, 80, 97, 85, 79, 82, 18, 44, 22, 21, 37, 77, 43, 74, 8, 47, 33, 67, 71, 42, 1, 15, 45, 87, 81, 4, 78];[1, 65, 67, 4, 68, 69, 70, 71, 8, 72, 9, 74, 12, 13, 77, 78, 15, 16, 81, 18, 82, 84, 85, 87, 28, 92, 93, 94, 97, 99, 37, 42, 47, 56, 57, 58]"
10059.245882,-26021.000000,"[0, 57, 66, 52, 62, 26, 61, 94, 11, 70, 32, 20, 73, 2, 14, 28, 89, 51, 99, 96, 53, 5, 55, 24, 35, 54, 38, 31, 92, 68, 46, 49, 39, 72, 95, 19, 34, 7, 91, 59, 76, 40, 84, 25, 29, 6, 75, 90, 16, 88, 17, 36, 3, 10, 98, 65, 63, 93, 69, 41, 13, 86, 64, 23, 30, 48, 60, 50, 27, 83, 9, 12, 56, 58, 80, 97, 85, 79, 82, 18, 44, 22, 21, 37, 77, 43, 74, 8, 47, 33, 67, 71, 42, 1, 15, 45, 87, 81, 4, 78];[64, 1, 65, 67, 4, 68, 69, 70, 71, 8, 72, 9, 74, 12, 13, 77, 78, 15, 16, 17, 81, 18, 82, 84, 85, 23, 87, 28, 92, 93, 94, 97, 99, 36, 37, 42, 47, 49, 56, 57, 58]"
9191.617308,-21480.000000,"[0, 57, 66, 52, 62, 26, 61, 94, 11, 70, 32, 20, 73, 2, 14, 28, 89, 51, 99, 96, 53, 5, 55, 24, 35, 54, 38, 31, 92, 68, 46, 49, 39, 72, 95, 19, 34, 7, 91, 59, 76, 40, 84, 25, 29, 6, 75, 90, 16, 88, 17, 36, 3, 10, 98, 65, 63, 93, 69, 41, 13, 86, 64, 23, 30, 48, 60, 50, 27, 83, 9, 12, 56, 58, 80, 97, 85, 79, 82, 18, 44, 22, 21, 37, 77, 43, 74, 8, 47, 33, 67, 71, 42, 1, 15, 45, 87, 81, 4, 78];[1, 65, 67, 4, 68, 69, 70, 71, 8, 72, 9, 74, 12, 13, 77, 78, 15, 16, 81, 18, 82, 84, 85, 87, 28, 92, 97, 37, 42, 47, 56, 57, 58]"
17307.111057,-35788.000000,"[0, 57, 66, 52, 62, 26, 61, 94, 11, 70, 32, 20, 73, 2, 14, 28, 89, 51, 99, 96, 53, 5, 55, 24, 35, 54, 38, 31, 92, 68, 46, 49, 39, 72, 95, 19, 34, 7, 91, 59, 76, 40, 84, 25, 29, 6, 75, 90, 16, 88, 17, 36, 3, 10, 45, 15, 1, 42, 71, 67, 33, 47, 8, 74, 43, 77, 37, 21, 22, 44, 18, 82, 79, 85, 97, 80, 58, 56, 12, 9, 83, 27, 50, 60, 48, 30, 23, 64, 86, 13, 41, 69, 93, 63, 65, 98, 87, 81, 4, 78];[0, 1, 2, 3, 4, 8, 9, 10, 11, 12, 13, 15, 16, 17, 18, 23, 24, 28, 31, 34, 35, 36, 37, 47, 49, 50, 51, 54, 56, 57, 58, 59, 60, 62, 64, 65, 66, 68, 69, 70, 71, 72, 74, 81, 82, 84, 85, 86, 87, 91, 92, 93, 94, 95, 97, 98, 99]"
10700.906204,-28489.000000,"[0, 57, 66, 52, 62, 26, 61, 94, 11, 70, 32, 20, 73, 2, 14, 28, 89, 51, 99, 96, 53, 5, 55, 24, 35, 54, 38, 31, 92, 68, 46, 49, 39, 72, 95, 19, 34, 7, 91, 59, 76, 40, 84, 25, 29, 6, 75, 90, 16, 88, 17, 36, 3, 10, 98, 65, 63, 93, 69, 41, 13, 86, 64, 23, 30, 48, 60, 50, 27, 83, 9, 12, 56, 58, 80, 97, 85, 79, 82, 18, 44, 22, 21, 37, 77, 43, 74, 8, 47, 33, 67, 71, 42, 1, 15, 45, 87, 81, 4, 78];[64, 1, 65, 66, 67, 4, 68, 69, 70, 71, 8, 72, 9, 74, 12, 13, 77, 78, 15, 16, 17, 81, 18, 82, 84, 85, 22, 23, 87, 28, 92, 93, 94, 31, 97, 34, 99, 36, 37, 42, 47, 49, 56, 57, 58]"
10645.502506,-27994.000000,"[0, 57, 66, 52, 62, 26, 61, 94, 11, 70, 32, 20, 73, 2, 14, 28, 89, 51, 99, 96, 53, 5, 55, 24, 35, 54, 38, 31, 92, 68, 46, 49, 39, 72, 95, 19, 34, 7, 91, 59, 76, 40, 84, 25, 29, 6, 75, 90, 16, 88, 17, 36, 3, 10, 98, 65, 63, 93, 69, 41, 13, 86, 64, 23, 30, 48, 60, 50, 27, 83, 9, 12, 56, 58, 80, 97, 85, 79, 82, 18, 44, 22, 21, 37, 77, 43, 74, 8, 47, 33, 67, 71, 42, 1, 15, 45, 87, 81, 4, 78];[64, 1, 65, 66, 67, 4, 68, 69, 70, 71, 8, 72, 9, 74, 12, 13, 77, 78, 15, 16, 81, 18, 82, 84, 85, 87, 28, 92, 93, 94, 31, 95, 97, 34, 98, 99, 36, 37, 42, 47, 49, 56, 57, 58]"
17417.964770,-35908.000000,"[0, 57, 66, 52, 62, 26, 61, 94, 11, 70, 32, 20, 73, 2, 14, 28, 89, 51, 99, 96, 53, 5, 55, 24, 35, 54, 38, 31, 92, 68, 46, 49, 39, 72, 95, 19, 34, 7, 91, 59, 76, 40, 84, 25, 29, 6, 75, 90, 16, 88, 17, 36, 3, 10, 98, 65, 63, 93, 69, 41, 13, 86, 64, 23, 30, 48, 60, 50, 27, 83, 9, 12, 56, 58, 80, 97, 85, 79, 82, 18, 44, 22, 21, 37, 77, 43, 74, 8, 47, 33, 67, 71, 42, 1, 15, 45, 87, 81, 4, 78];[0, 1, 2, 3, 4, 8, 9, 10, 12, 13, 15, 16, 17, 18, 22, 23, 28, 31, 34, 35, 36, 37, 42, 47, 49, 50, 51, 54, 56, 57, 58, 59, 60, 62, 64, 65, 66, 67, 68, 69, 70, 71, 72, 74, 81, 82, 84, 85, 86, 87, 91, 92, 93, 94, 95, 97, 98, 99]"
8159.805230,-1809.000000,"[0, 57, 66, 52, 62, 26, 61, 94, 11, 70, 32, 20, 73, 2, 14, 28, 89, 51, 99, 96, 53, 5, 55, 24, 35, 54, 38, 31, 92, 68, 46, 49, 39, 72, 95, 19, 34, 7, 91, 59, 76, 40, 84, 25, 29, 6, 75, 90, 16, 88, 17, 36, 3, 10, 98, 65, 63, 93, 69, 41, 13, 86, 64, 23, 30, 48, 60, 50, 27, 83, 9, 12, 56, 58, 80, 97, 85, 79, 82, 18, 44, 22, 21, 37, 77, 43, 74, 8, 47, 33, 67, 71, 42, 1, 15, 45, 87, 81, 4, 78];[1, 4, 12]"
11779.682877,-31127.000000,"[0, 57, 66, 52, 62, 26, 61, 94, 11, 70, 32, 20, 73, 2, 14, 28, 89, 51, 99, 96, 53, 5, 55, 24, 35, 54, 38, 31, 92, 68, 46, 49, 39, 72, 95, 19, 34, 7, 91, 59, 76, 40, 84, 25, 29, 6, 75, 90, 16, 88, 17, 36, 3, 10, 98, 65, 63, 93, 69, 41, 13, 86, 64, 23, 30, 48, 60, 50, 27, 83, 9, 12, 56, 58, 80, 97, 85, 79, 82, 18, 44, 22, 21, 37, 77, 43, 74, 8, 47, 33, 67, 71, 42, 1, 15, 45, 87, 81, 4, 78];[1, 4, 8, 9, 12, 13, 15, 16, 17, 18, 23, 28, 31, 34, 35, 36, 37, 42, 47, 49, 50, 51, 56, 57, 58, 59, 64, 65, 66, 67, 68, 69, 70, 71, 72, 74, 77, 78, 81, 82, 84, 85, 87, 92, 93, 94, 95, 97, 98, 99]"
10000.796471,-25675.000000,"[0, 57, 66, 52, 62, 26, 61, 94, 11, 70, 32, 20, 73, 2, 14, 28, 89, 51, 99, 96, 53, 5, 55, 24, 35, 54, 38, 31, 92, 68, 46, 49, 39, 72, 95, 19, 34, 7, 91, 59, 76, 40, 84, 25, 29, 6, 75, 90, 16, 88, 17, 36, 3, 10, 98, 65, 93, 63, 69, 41, 13, 86, 64, 23, 30, 48, 60, 50, 27, 83, 9, 12, 56, 58, 80, 97, 85, 79, 82, 18, 44, 22, 21, 37, 77, 43, 74, 8, 47, 33, 67, 71, 42, 1, 15, 45, 87, 81, 4, 78];[1, 65, 67, 4, 68, 69, 70, 71, 8, 72, 9, 74, 12, 13, 78, 15, 16, 17, 81, 18, 82, 84, 85, 23, 87, 28, 92, 31, 97, 34, 35, 36, 37, 42, 47, 49, 56, 57, 58]"
11204.359417,-29875.000000,"[0, 57, 66, 52, 62, 26, 61, 94, 11, 70, 32, 20, 73, 2, 14, 28, 89, 51, 99, 96, 53, 5, 55, 24, 35, 54, 38, 31, 92, 68, 46, 49, 39, 72, 95, 19, 34, 7, 91, 59, 76, 40, 84, 25, 29, 6, 75, 90, 16, 88, 17, 36, 3, 10, 98, 65, 63, 93, 69, 41, 13, 86, 64, 23, 30, 48, 60, 50, 27, 83, 9, 12, 56, 58, 80, 97, 85, 79, 82, 18, 44, 22, 21, 37, 77, 43, 74, 8, 47, 33, 67, 71, 42, 1, 15, 45, 87, 81, 4, 78];[64, 1, 65, 66, 67, 4, 68, 69, 70, 71, 8, 72, 9, 74, 12, 13, 77, 78, 15, 16, 17, 81, 18, 82, 84, 85, 23, 87, 28, 92, 93, 94, 31, 97, 34, 35, 99, 36, 37, 42, 47, 49, 50, 51, 56, 57, 58]"
8408.186747,-11861.000000,"[0, 57, 66, 52, 62, 26, 61, 94, 11, 70, 32, 20, 73, 2, 14, 28, 89, 51, 99, 96, 53, 5, 55, 24, 35, 54, 38, 31, 92, 68, 46, 49, 39, 72, 95, 19, 34, 7, 91, 59, 76, 40, 84, 25, 29, 6, 75, 90, 16, 88, 17, 36, 3, 10, 98, 65, 63, 93, 69, 41, 13, 86, 64, 23, 30, 48, 60, 50, 27, 83, 9, 12, 56, 58, 80, 97, 85, 79, 82, 18, 44, 22, 21, 37, 77, 43, 74, 8, 47, 33, 67, 71, 42, 1, 15, 45, 87, 81, 4, 78];[1, 4, 70, 71, 8, 72, 42, 74, 12, 78, 15, 16, 81, 82, 84, 87, 56, 58, 92]"
9751.023590,-24576.000000,"[0, 57, 66, 52, 62, 26, 61, 94, 11, 70, 32, 20, 73, 2, 14, 28, 89, 51, 99, 96, 53, 5, 55, 24, 35, 54, 38, 31, 92, 68, 46, 49, 39, 72, 95, 19, 34, 7, 91, 59, 76, 40, 84, 25, 29, 6, 75, 90, 16, 88, 17, 36, 3, 10, 98, 65, 63, 93, 69, 41, 13, 86, 64, 23, 30, 48, 60, 50, 27, 83, 9, 12, 56, 58, 80, 97, 85, 79, 82, 18, 44, 22, 21, 37, 77, 43, 74, 8, 47, 33, 67, 71, 42, 1, 15, 45, 87, 81, 4, 78];[64, 1, 65, 67, 4, 68, 69, 70, 71, 8, 72, 9, 74, 12, 13, 77, 78, 15, 16, 81, 18, 82, 84, 85, 23, 87, 28, 92, 97, 99, 36, 37, 42, 47, 49, 56, 57, 58]"
8963.297171,-19492.000000,"[0, 57, 66, 52, 62, 26, 61, 94, 11, 70, 32, 20, 73, 2, 14, 28, 89, 51, 99, 96, 53, 5, 55, 24, 35, 54, 38, 31, 92, 68, 46, 49, 39, 72, 95, 19, 34, 7, 91, 59, 76, 40, 84, 25, 29, 6, 75, 90, 16, 88, 17, 36, 3, 10, 98, 65, 63, 93, 69, 41, 13, 86, 64, 23, 30, 48, 60, 50, 27, 83, 9, 12, 56, 58, 80, 97, 85, 79, 82, 18, 44, 22, 21, 37, 77, 43, 74, 8, 47, 33, 67, 71, 42, 1, 15, 45, 87, 81, 4, 78];[1, 65, 67, 4, 68, 69, 70, 71, 8, 72, 9, 74, 12, 13, 78, 15, 16, 81, 18, 82, 84, 85, 87, 28, 92, 42, 47, 56, 57, 58]"
12419.690876,-32110.000000,"[0, 57, 66, 52, 62, 26, 61, 94, 11, 70, 32, 20, 73, 2, 14, 28, 89, 51, 99, 96, 53, 5, 55, 24, 35, 54, 38, 31, 92, 68, 46, 49, 39, 72, 95, 19, 34, 7, 91, 59, 76, 40, 84, 25, 29, 6, 75, 90, 16, 88, 17, 36, 3, 10, 98, 65, 63, 93, 69, 41, 13, 86, 64, 23, 30, 48, 60, 50, 27, 83, 9, 12, 56, 58, 80, 97, 85, 79, 82, 18, 44, 22, 21, 37, 77, 43, 74, 8, 47, 33, 67, 71, 42, 1, 15, 45, 87, 81, 4, 78];[1, 4, 8, 9, 12, 13, 15, 16, 17, 18, 23, 28, 31, 34, 35, 36, 37, 42, 47, 49, 50, 51, 56, 57, 58, 64, 65, 66, 67, 68, 69, 70, 71, 72, 74, 77, 78, 81, 82, 84, 85, 87, 91, 92, 93, 94, 95, 96, 97, 98, 99]"
8636.591073,-15827.000000,"[0, 57, 66, 52, 62, 26, 61, 94, 11, 70, 32, 20, 73, 2, 14, 28, 89, 51, 99, 96, 53, 5, 55, 24, 35, 54, 38, 31, 92, 68, 46, 49, 39, 72, 95, 19, 34, 7, 91, 59, 76, 40, 84, 25, 29, 6, 75, 90, 16, 88, 17, 36, 3, 10, 98, 65, 63, 93, 69, 41, 13, 86, 64, 23, 30, 48, 60, 50, 27, 83, 9, 12, 56, 58, 80, 97, 85, 79, 82, 18, 44, 22, 21, 37, 77, 43, 74, 8, 47, 33, 67, 71, 42, 1, 15, 45, 87, 81, 4, 78];[1, 67, 4, 68, 69, 70, 71, 8, 72, 74, 12, 78, 15, 16, 81, 82, 84, 85, 87, 28, 92, 42, 47, 56, 58]"
8661.853227,-16214.000000,"[0, 57, 66, 52, 62, 26, 61, 94, 11, 70, 32, 20, 73, 2, 14, 28, 89, 51, 99, 96, 53, 5, 55, 24, 35, 54, 38, 31, 92, 68, 46, 49, 39, 72, 95, 19, 34, 7, 91, 59, 76, 40, 84, 25, 29, 6, 75, 90, 16, 88, 17, 36, 3, 10, 98, 65, 63, 93, 69, 41, 13, 86, 64, 23, 30, 48, 60, 50, 27, 83, 9, 12, 56, 58, 80, 97, 85, 79, 82, 18, 44, 22, 21, 37, 77, 43, 74, 8, 47, 33, 67, 71, 42, 1, 15, 45, 87, 81, 4, 78];[1, 67, 4, 68, 69, 70, 71, 8, 72, 74, 12, 78, 15, 16, 81, 18, 82, 84, 85, 87, 28, 92, 42, 47, 56, 58]"
13737.327920,-33792.000000,"[0, 57, 66, 52, 62, 26, 61, 94, 11, 70, 32, 20, 73, 2, 14, 28, 89, 51, 99, 96, 53, 5, 55, 24, 35, 54, 38, 31, 92, 68, 46, 49, 39, 72, 95, 19, 34, 7, 91, 59, 76, 40, 84, 25, 29, 6, 75, 90, 16, 88, 17, 36, 3, 10, 98, 65, 63, 93, 69, 41, 13, 86, 64, 23, 30, 48, 60, 50, 27, 83, 9, 12, 56, 58, 80, 97, 85, 79, 82, 18, 44, 22, 21, 37, 77, 43, 74, 8, 47, 33, 67, 71, 42, 1, 15, 45, 87, 81, 4, 78];[1, 4, 8, 9, 10, 12, 13, 15, 16, 17, 18, 23, 28, 31, 34, 35, 36, 37, 42, 47, 49, 50, 51, 56, 57, 58, 59, 60, 62, 64, 65, 66, 67, 68, 69, 70, 71, 72, 74, 77, 78, 81, 82, 84, 85, 87, 91, 92, 93, 94, 95, 97, 98, 99]"
8510.802020,-13811.000000,"[0, 57, 66, 52, 62, 26, 61, 94, 11, 70, 32, 20, 73, 2, 14, 28, 89, 51, 99, 96, 53, 5, 55, 24, 35, 54, 38, 31, 92, 68, 46, 49, 39, 72, 95, 19, 34, 7, 91, 59, 76, 40, 84, 25, 29, 6, 75, 90, 16, 88, 17, 36, 3, 10, 98, 65, 93, 63, 69, 41, 13, 86, 64, 23, 30, 48, 60, 50, 27, 83, 9, 12, 56, 58, 80, 97, 85, 79, 82, 18, 44, 22, 21, 37, 77, 43, 74, 8, 47, 33, 67, 71, 42, 1, 15, 45, 87, 81, 4, 78];[1, 4, 70, 71, 8, 72, 42, 74, 12, 78, 15, 47, 16, 81, 82, 84, 85, 87, 56, 58, 28, 92]"
9297.461693,-21676.000000,"[0, 57, 66, 52, 62, 26, 61, 94, 11, 70, 32, 20, 73, 2, 14, 28, 89, 51, 99, 96, 53, 5, 55, 24, 35, 54, 38, 31, 92, 68, 46, 49, 39, 72, 95, 19, 34, 7, 91, 59, 76, 40, 84, 25, 29, 6, 75, 90, 16, 88, 17, 36, 3, 10, 98, 65, 63, 93, 69, 41, 13, 86, 64, 23, 30, 48, 60, 50, 27, 83, 9, 12, 56, 58, 80, 97, 85, 79, 82, 18, 44, 22, 21, 37, 77, 43, 74, 8, 47, 33, 67, 71, 42, 1, 15, 45, 87, 81, 4, 78];[1, 65, 67, 4, 69, 70, 71, 8, 72, 9, 74, 12, 13, 78, 15, 16, 17, 81, 18, 82, 84, 85, 23, 87, 25, 28, 92, 97, 37, 42, 47, 56, 57, 58]"
8319.415191,-9577.000000,"[0, 57, 66, 52, 62, 26, 61, 94, 11, 70, 32, 20, 73, 2, 14, 28, 89, 51, 99, 96, 53, 5, 55, 24, 35, 54, 38, 31, 92, 68, 46, 49, 39, 72, 95, 19, 34, 7, 91, 59, 76, 40, 84, 25, 29, 6, 75, 90, 16, 88, 17, 36, 3, 10, 98, 65, 63, 93, 69, 41, 13, 86, 64, 23, 30, 48, 60, 50, 27, 83, 9, 12, 56, 58, 80, 97, 85, 79, 82, 18, 44, 22, 21, 37, 77, 43, 74, 8, 47, 33, 67, 71, 42, 1, 15, 45, 87, 81, 4, 78];[1, 4, 71, 8, 74, 12, 78, 15, 16, 81, 82, 84, 87, 56, 58]"
18301.935242,-36190.000000,"[0, 57, 66, 52, 62, 26, 61, 94, 11, 70, 32, 20, 73, 2, 14, 28, 89, 51, 99, 96, 53, 5, 55, 24, 35, 54, 38, 31, 92, 68, 46, 49, 39, 72, 95, 19, 34, 7, 91, 59, 76, 40, 84, 25, 29, 6, 75, 90, 16, 88, 17, 36, 3, 10, 45, 15, 1, 42, 71, 67, 33, 47, 8, 74, 43, 77, 37, 21, 22, 44, 18, 82, 79, 85, 97, 80, 58, 56, 12, 9, 83, 27, 50, 60, 48, 30, 23, 64, 86, 13, 41, 69, 93, 63, 65, 98, 87, 81, 4, 78];[0, 1, 2, 3, 4, 6, 8, 9, 10, 11, 12, 13, 15, 16, 17, 18, 23, 24, 28, 31, 34, 35, 36, 37, 47, 49, 50, 51, 54, 56, 57, 58, 59, 60, 62, 64, 65, 66, 68, 69, 70, 71, 72, 74, 81, 82, 84, 85, 86, 87, 91, 92, 93, 94, 95, 96, 97, 98, 99]"
8342.717779,-9709.000000,"[0, 57, 66, 52, 62, 26, 61, 94, 11, 70, 32, 20, 73, 2, 14, 28, 89, 51, 99, 96, 53, 5, 55, 24, 35, 54, 38, 31, 92, 68, 46, 49, 39, 72, 95, 19, 34, 7, 91, 59, 76, 40, 84, 25, 29, 6, 75, 90, 16, 88, 17, 36, 3, 10, 98, 65, 93, 63, 69, 41, 13, 86, 64, 23, 30, 48, 60, 50, 27, 83, 9, 12, 56, 58, 80, 97, 85, 79, 82, 18, 44, 22, 21, 37, 77, 43, 74, 8, 47, 33, 67, 71, 42, 1, 15, 45, 87, 81, 4, 78];[1, 97, 4, 71, 8, 42, 12, 78, 15, 81, 82, 87, 56, 58, 28]"
9303.648523,-22203.000000,"[0, 57, 66, 52, 62, 26, 61, 94, 11, 70, 32, 20, 73, 2, 14, 28, 89, 51, 99, 96, 53, 5, 55, 24, 35, 54, 38, 31, 92, 68, 46, 49, 39, 72, 95, 19, 34, 7, 91, 59, 76, 40, 84, 25, 29, 6, 75, 90, 16, 88, 17, 36, 3, 10, 98, 65, 63, 93, 69, 41, 13, 86, 64, 23, 30, 48, 60, 50, 27, 83, 9, 12, 56, 58, 80, 97, 85, 79, 82, 18, 44, 22, 21, 37, 77, 43, 74, 8, 47, 33, 67, 71, 42, 1, 15, 45, 87, 81, 4, 78];[1, 65, 67, 4, 68, 69, 70, 71, 8, 72, 9, 74, 12, 13, 78, 15, 16, 17, 81, 18, 82, 84, 85, 23, 87, 28, 92, 97, 37, 42, 47, 56, 57, 58]"
10531.780772,-27793.000000,"[0, 57, 66, 52, 62, 26, 61, 94, 11, 70, 32, 20, 73, 2, 14, 28, 89, 51, 99, 96, 53, 5, 55, 24, 35, 54, 38, 31, 92, 68, 46, 49, 39, 72, 95, 19, 34, 7, 91, 59, 76, 40, 84, 25, 29, 6, 75, 90, 16, 88, 17, 36, 3, 10, 98, 65, 63, 93, 69, 41, 13, 86, 64, 23, 30, 48, 60, 50, 27, 83, 9, 12, 56, 58, 80, 97, 85, 79, 82, 18, 44, 22, 21, 37, 77, 43, 74, 8, 47, 33, 67, 71, 42, 1, 15, 45, 87, 81, 4, 78];[64, 1, 65, 67, 4, 68, 69, 70, 71, 8, 72, 9, 74, 12, 13, 77, 78, 15, 16, 17, 81, 18, 82, 84, 85, 23, 87, 28, 92, 93, 94, 31, 97, 34, 35, 99, 36, 37, 42, 47, 49, 56, 57, 58]"
11901.161974,-31200.000000,"[0, 57, 66, 52, 62, 26, 61, 94, 11, 70, 32, 20, 73, 2, 14, 28, 89, 51, 99, 96, 53, 5, 55, 24, 35, 54, 38, 31, 92, 68, 46, 49, 39, 72, 95, 19, 34, 7, 91, 59, 76, 40, 84, 25, 29, 6, 75, 90, 16, 88, 17, 36, 3, 10, 98, 65, 63, 93, 69, 41, 13, 86, 64, 23, 30, 48, 60, 50, 27, 83, 9, 12, 56, 58, 80, 97, 85, 79, 82, 18, 44, 22, 21, 37, 77, 43, 74, 8, 47, 33, 67, 71, 42, 1, 15, 45, 87, 81, 4, 78];[0, 1, 4, 8, 9, 10, 12, 13, 15, 16, 17, 18, 23, 28, 31, 34, 35, 36, 37, 42, 47, 49, 50, 51, 56, 57, 58, 64, 65, 66, 67, 68, 69, 70, 71, 72, 74, 77, 78, 81, 82, 84, 85, 87, 92, 93, 94, 97, 99]"
8492.267096,-13429.000000,"[0, 57, 66, 52, 62, 26, 61, 94, 11, 70, 32, 20, 73, 2, 14, 28, 89, 51, 99, 96, 53, 5, 55, 24, 35, 54, 38, 31, 92, 68, 46, 49, 39, 72, 95, 19, 34, 7, 91, 59, 76, 40, 84, 25, 29, 6, 75, 90, 16, 88, 17, 36, 3, 10, 98, 65, 93, 63, 69, 41, 13, 86, 64, 23, 30, 48, 60, 50, 27, 83, 9, 12, 56, 58, 80, 97, 85, 79, 82, 18, 44, 22, 21, 37, 77, 43, 74, 8, 47, 33, 67, 71, 42, 1, 15, 45, 87, 81, 4, 78];[1, 4, 70, 71, 8, 72, 42, 74, 12, 78, 15, 47, 81, 82, 84, 85, 87, 56, 58, 28, 92]"
8159.581826,-1414.000000,"[0, 57, 66, 52, 62, 26, 61, 94, 11, 70, 32, 20, 73, 2, 14, 28, 89, 51, 99, 96, 53, 5, 55, 24, 35, 54, 38, 31, 92, 68, 46, 49, 39, 72, 95, 19, 34, 7, 91, 59, 76, 40, 84, 25, 29, 6, 75, 90, 16, 88, 17, 36, 3, 10, 98, 65, 63, 93, 69, 41, 13, 86, 64, 23, 30, 48, 60, 50, 27, 83, 9, 12, 56, 58, 80, 97, 85, 79, 82, 18, 44, 22, 21, 37, 77, 43, 74, 8, 47, 33, 67, 71, 42, 1, 15, 45, 87, 81, 4, 78];[1, 4]"
9825.747612,-24806.000000,"[0, 57, 66, 52, 62, 26, 61, 94, 11, 70, 32, 20, 73, 2, 14, 28, 89, 51, 99, 96, 53, 5, 55, 24, 35, 54, 38, 31, 92, 68, 46, 49, 39, 72, 95, 19, 34, 7, 91, 59, 76, 40, 84, 25, 29, 6, 75, 90, 16, 88, 17, 36, 3, 10, 98, 65, 63, 93, 69, 41, 13, 86, 64, 23, 30, 48, 60, 50, 27, 83, 9, 12, 56, 58, 80, 97, 85, 79, 82, 18, 44, 22, 21, 37, 77, 43, 74, 8, 47, 33, 67, 71, 42, 1, 15, 45, 87, 81, 4, 78];[1, 65, 67, 4, 68, 69, 70, 71, 8, 72, 9, 74, 12, 13, 78, 15, 16, 17, 81, 18, 82, 84, 85, 23, 87, 28, 92, 31, 97, 34, 35, 36, 37, 42, 47, 56, 57, 58]"
18129.474674,-36163.000000,"[0, 57, 66, 52, 62, 26, 61, 94, 11, 70, 32, 20, 73, 2, 14, 28, 89, 51, 99, 96, 53, 5, 55, 24, 35, 54, 38, 31, 92, 68, 46, 49, 39, 72, 95, 19, 34, 7, 91, 59, 76, 40, 84, 25, 29, 6, 75, 90, 16, 88, 17, 36, 3, 10, 45, 15, 1, 42, 71, 67, 33, 47, 8, 74, 43, 77, 37, 21, 22, 44, 18, 82, 79, 85, 97, 80, 58, 56, 12, 9, 83, 27, 50, 60, 48, 30, 23, 64, 86, 13, 41, 69, 93, 63, 65, 98, 87, 81, 4, 78];[0, 1, 2, 3, 4, 8, 9, 10, 11, 12, 13, 15, 16, 17, 18, 23, 24, 28, 31, 34, 35, 36, 37, 47, 49, 50, 51, 54, 56, 57, 58, 59, 60, 62, 64, 65, 66, 68, 69, 70, 71, 72, 74, 81, 82, 84, 85, 86, 87, 91, 92, 93, 94, 95, 96, 97, 98, 99]"
18024.077671,-36094.000000,"[0, 57, 66, 52, 62, 26, 61, 94, 11, 70, 32, 20, 73, 2, 14, 28, 89, 51, 99, 96, 53, 5, 55, 24, 35, 54, 38, 31, 92, 68, 46, 49, 39, 72, 95, 19, 34, 7, 91, 59, 76, 40, 84, 25, 29, 6, 75, 90, 16, 88, 17, 36, 3, 10, 45, 15, 1, 42, 71, 67, 33, 47, 8, 74, 43, 77, 37, 21, 22, 44, 18, 82, 79, 85, 97, 80, 58, 56, 12, 9, 83, 27, 50, 60, 48, 30, 23, 64, 86, 13, 41, 69, 93, 63, 65, 98, 87, 81, 4, 78];[0, 1, 2, 3, 4, 8, 9, 10, 11, 12, 13, 15, 16, 17, 18, 23, 24, 28, 31, 34, 35, 36, 37, 47, 49, 50, 51, 54, 56, 57, 58, 59, 60, 62, 64, 65, 66, 68, 69, 70, 71, 72, 74, 81, 82, 84, 85, 86, 87, 91, 92, 93, 94, 96, 97, 98, 99]"
8167.170977,-2585.000000,"[0, 57, 66, 52, 62, 26, 61, 94, 11, 70, 32, 20, 73, 2, 14, 28, 89, 51, 99, 96, 53, 5, 55, 24, 35, 54, 38, 31, 92, 68, 46, 49, 39, 72, 95, 19, 34, 7, 91, 59, 76, 40, 84, 25, 29, 6, 75, 90, 16, 88, 17, 36, 3, 10, 98, 65, 63, 93, 69, 41, 13, 86, 64, 23, 30, 48, 60, 50, 27, 83, 9, 12, 56, 58, 80, 97, 85, 79, 82, 18, 44, 22, 21, 37, 77, 43, 74, 8, 47, 33, 67, 71, 42, 1, 15, 45, 87, 81, 4, 78];[1, 81, 4, 12]"
15722.441546,-35333.000000,"[0, 57, 66, 52, 62, 26, 61, 94, 11, 70, 32, 20, 73, 2, 14, 28, 89, 51, 99, 96, 53, 5, 55, 24, 35, 54, 38, 31, 92, 68, 46, 49, 39, 72, 95, 19, 34, 7, 91, 59, 76, 40, 84, 25, 29, 6, 75, 90, 16, 88, 17, 36, 3, 10, 98, 65, 63, 93, 69, 41, 13, 86, 64, 23, 30, 48, 60, 50, 27, 83, 9, 12, 56, 58, 80, 97, 85, 79, 82, 18, 44, 22, 21, 37, 77, 43, 74, 8, 47, 33, 67, 71, 42, 1, 15, 45, 87, 81, 4, 78];[0, 1, 3, 4, 8, 9, 10, 11, 12, 13, 15, 16, 17, 18, 23, 28, 31, 34, 35, 36, 37, 42, 47, 49, 50, 51, 56, 57, 58, 59, 60, 62, 64, 65, 66, 67, 68, 69, 70, 71, 72, 74, 77, 78, 81, 82, 84, 85, 87, 91, 92, 93, 94, 95, 97, 98, 99]"
13274.159890,-33173.000000,"[0, 57, 66, 52, 62, 26, 61, 94, 11, 70, 32, 20, 73, 2, 14, 28, 89, 51, 99, 96, 53, 5, 55, 24, 35, 54, 38, 31, 92, 68, 46, 49, 39, 72, 95, 19, 34, 7, 91, 59, 76, 40, 84, 25, 29, 6, 75, 90, 16, 88, 17, 36, 3, 10, 98, 65, 63, 93, 69, 41, 13, 86, 64, 23, 30, 48, 60, 50, 27, 83, 9, 12, 56, 58, 80, 97, 85, 79, 82, 18, 44, 22, 21, 37, 77, 43, 74, 8, 47, 33, 67, 71, 42, 1, 15, 45, 87, 81, 4, 78];[1, 4, 8, 9, 10, 12, 13, 15, 16, 17, 18, 23, 28, 31, 34, 35, 36, 37, 41, 42, 47, 49, 50, 51, 56, 57, 58, 64, 65, 66, 67, 68, 69, 70, 71, 72, 74, 77, 78, 81, 82, 84, 85, 87, 91, 92, 93, 94, 95, 96, 97, 98, 99]"
15623.546654,-35299.000000,"[0, 57, 66, 52, 62, 26, 61, 94, 11, 70, 32, 20, 73, 2, 14, 28, 89, 51, 99, 96, 53, 5, 55, 24, 35, 54, 38, 31, 92, 68, 46, 49, 39, 72, 95, 19, 34, 7, 91, 59, 76, 40, 84, 25, 29, 6, 75, 90, 16, 88, 17, 36, 3, 10, 98, 65, 63, 93, 69, 41, 13, 86, 64, 23, 30, 48, 60, 50, 27, 83, 9, 12, 56, 58, 80, 97, 85, 79, 82, 18, 44, 22, 21, 37, 77, 43, 74, 8, 47, 33, 67, 71, 42, 1, 15, 45, 87, 81, 4, 78];[0, 1, 2, 4, 8, 9, 10, 12, 13, 15, 16, 17, 18, 22, 23, 28, 31, 34, 35, 36, 37, 42, 47, 49, 50, 51, 56, 57, 58, 59, 60, 62, 64, 65, 66, 67, 68, 69, 70, 71, 72, 74, 77, 78, 81, 82, 84, 85, 87, 91, 92, 93, 94, 95, 97, 98, 99]"
12280.151400,-31957.000000,"[0, 57, 66, 52, 62, 26, 61, 94, 11, 70, 32, 20, 73, 2, 14, 28, 89, 51, 99, 96, 53, 5, 55, 24, 35, 54, 38, 31, 92, 68, 46, 49, 39, 72, 95, 19, 34, 7, 91, 59, 76, 40, 84, 25, 29, 6, 75, 90, 16, 88, 17, 36, 3, 10, 98, 65, 63, 93, 69, 41, 13, 86, 64, 23, 30, 48, 60, 50, 27, 83, 9, 12, 56, 58, 80, 97, 85, 79, 82, 18, 44, 22, 21, 37, 77, 43, 74, 8, 47, 33, 67, 71, 42, 1, 15, 45, 87, 81, 4, 78];[1, 4, 8, 9, 10, 12, 13, 15, 16, 17, 18, 23, 28, 31, 34, 35, 36, 37, 42, 47, 49, 50, 51, 56, 57, 58, 64, 65, 66, 67, 68, 69, 70, 71, 72, 74, 77, 78, 81, 82, 84, 85, 86, 87, 91, 92, 93, 94, 95, 97, 99]"
8704.921206,-16715.000000,"[0, 57, 66, 52, 62, 26, 61, 94, 11, 70, 32, 20, 73, 2, 14, 28, 89, 51, 99, 96, 53, 5, 55, 24, 35, 54, 38, 31, 92, 68, 46, 49, 39, 72, 95, 19, 34, 7, 91, 59, 76, 40, 84, 25, 29, 6, 75, 90, 16, 88, 17, 36, 3, 10, 98, 65, 63, 93, 69, 41, 13, 86, 64, 23, 30, 48, 60, 50, 27, 83, 9, 12, 56, 58, 80, 97, 85, 79, 82, 18, 44, 22, 21, 37, 77, 43, 74, 8, 47, 33, 67, 71, 42, 1, 15, 45, 87, 81, 4, 78];[1, 67, 4, 68, 69, 70, 71, 8, 72, 74, 12, 78, 15, 16, 81, 82, 84, 85, 87, 28, 92, 97, 42, 47, 56, 58]"
13202.856762,-33141.000000,"[0, 57, 66, 52, 62, 26, 61, 94, 11, 70, 32, 20, 73, 2, 14, 28, 89, 51, 99, 96, 53, 5, 55, 24, 35, 54, 38, 31, 92, 68, 46, 49, 39, 72, 95, 19, 34, 7, 91, 59, 76, 40, 84, 25, 29, 6, 75, 90, 16, 88, 17, 36, 3, 10, 98, 65, 63, 93, 69, 41, 13, 86, 64, 23, 30, 48, 60, 50, 27, 83, 9, 12, 56, 58, 80, 97, 85, 79, 82, 18, 44, 22, 21, 37, 77, 43, 74, 8, 47, 33, 67, 71, 42, 1, 15, 45, 87, 81, 4, 78];[1, 4, 8, 9, 12, 13, 15, 16, 17, 18, 23, 28, 31, 34, 35, 36, 37, 42, 47, 49, 50, 51, 56, 57, 58, 59, 60, 62, 64, 65, 66, 67, 68, 69, 70, 71, 72, 74, 77, 78, 81, 82, 84, 85, 87, 91, 92, 93, 94, 95, 97, 98, 99]"
