8993.265940,-4148.000000,"[0, 78, 87, 45, 15, 93, 41, 69, 63, 65, 98, 10, 3, 36, 17, 88, 16, 90, 75, 6, 29, 25, 84, 7, 19, 34, 40, 76, 59, 91, 60, 50, 83, 95, 72, 39, 49, 46, 68, 92, 31, 38, 35, 97, 85, 80, 58, 56, 12, 54, 9, 27, 48, 30, 23, 64, 86, 74, 43, 77, 21, 22, 18, 44, 82, 79, 55, 24, 5, 53, 96, 99, 51, 37, 89, 14, 28, 2, 26, 61, 52, 62, 66, 57, 94, 11, 70, 32, 20, 73, 33, 47, 8, 67, 13, 71, 42, 1, 4, 81];[1, 81, 4, 70, 8, 12]"
20608.350657,-21998.000000,"[0, 78, 87, 45, 15, 93, 41, 69, 67, 8, 47, 33, 73, 20, 32, 70, 11, 94, 57, 66, 62, 52, 61, 26, 2, 28, 14, 89, 37, 51, 99, 96, 53, 5, 24, 55, 79, 82, 44, 18, 22, 21, 77, 43, 74, 86, 64, 23, 30, 48, 27, 9, 54, 12, 56, 58, 80, 85, 97, 35, 38, 31, 92, 68, 46, 49, 39, 72, 95, 83, 50, 60, 91, 59, 76, 40, 34, 19, 7, 84, 25, 29, 6, 75, 90, 16, 88, 17, 36, 3, 10, 98, 65, 63, 13, 71, 42, 1, 4, 81];[1, 65, 66, 4, 68, 69, 70, 71, 8, 72, 9, 74, 12, 13, 15, 16, 17, 18, 82, 84, 23, 28, 92, 94, 31, 34, 35, 99, 36, 49, 51, 56, 57, 58]"
19789.898222,-21790.000000,"[0, 78, 87, 45, 15, 93, 41, 69, 67, 8, 47, 33, 73, 20, 32, 70, 11, 94, 57, 66, 62, 52, 61, 26, 2, 28, 14, 89, 37, 51, 99, 96, 53, 5, 24, 55, 79, 82, 44, 18, 22, 21, 77, 43, 74, 86, 64, 23, 30, 48, 27, 9, 54, 12, 56, 58, 80, 85, 97, 35, 38, 31, 92, 68, 46, 49, 39, 72, 95, 83, 50, 60, 91, 59, 76, 40, 34, 19, 7, 84, 25, 29, 6, 75, 90, 16, 88, 17, 36, 3, 10, 98, 65, 63, 13, 71, 42, 1, 4, 81];[1, 65, 66, 4, 68, 69, 70, 71, 8, 72, 9, 74, 12, 13, 15, 16, 17, 18, 82, 84, 23, 28, 92, 94, 31, 95, 34, 35, 36, 49, 51, 56, 57, 58]"
17362.800915,-21519.000000,"[0, 33, 47, 89, 37, 43, 77, 74, 85, 79, 44, 82, 18, 22, 21, 8, 67, 86, 64, 13, 42, 71, 20, 2, 73, 14, 28, 51, 99, 96, 5, 53, 55, 24, 35, 97, 54, 12, 9, 56, 80, 58, 30, 23, 48, 60, 50, 27, 83, 38, 31, 68, 92, 46, 49, 39, 72, 95, 19, 7, 34, 91, 59, 76, 40, 84, 25, 29, 6, 75, 90, 16, 88, 17, 36, 3, 10, 98, 65, 63, 69, 41, 93, 1, 15, 45, 87, 4, 57, 94, 11, 70, 32, 61, 26, 52, 62, 66, 78, 81];[1, 65, 66, 4, 68, 69, 70, 71, 8, 72, 9, 12, 13, 15, 16, 17, 81, 18, 82, 84, 28, 92, 93, 94, 31, 95, 34, 35, 36, 49, 51, 56, 57, 58]"
15853.031460,-21454.000000,"[0, 33, 47, 89, 37, 43, 77, 74, 85, 79, 44, 82, 18, 22, 21, 8, 67, 86, 64, 13, 42, 71, 20, 2, 73, 14, 28, 51, 99, 96, 5, 53, 55, 24, 35, 97, 54, 12, 9, 56, 80, 58, 30, 23, 48, 60, 50, 27, 83, 38, 31, 68, 92, 46, 49, 39, 72, 95, 19, 7, 34, 91, 59, 76, 40, 84, 25, 29, 6, 75, 90, 16, 88, 17, 36, 3, 10, 98, 65, 63, 69, 41, 93, 1, 15, 45, 87, 4, 57, 94, 11, 70, 32, 61, 26, 52, 62, 66, 78, 81];[1, 65, 66, 4, 68, 69, 70, 71, 8, 72, 12, 13, 15, 16, 17, 81, 82, 84, 28, 92, 93, 94, 31, 34, 35, 99, 36, 49, 51, 56, 57, 58, 62]"
18492.342103,-21737.000000,"[0, 33, 47, 89, 37, 43, 77, 74, 85, 79, 44, 82, 18, 22, 21, 8, 67, 86, 64, 13, 42, 71, 20, 2, 73, 14, 28, 51, 99, 96, 5, 53, 55, 24, 35, 97, 54, 12, 9, 56, 80, 58, 30, 23, 48, 60, 50, 27, 83, 38, 31, 68, 92, 46, 49, 39, 72, 95, 19, 7, 34, 91, 59, 76, 40, 84, 25, 29, 6, 75, 90, 16, 88, 17, 36, 3, 10, 98, 65, 63, 41, 69, 93, 1, 15, 45, 87, 4, 81, 78, 66, 62, 52, 26, 61, 32, 70, 11, 94, 57];[1, 65, 66, 4, 68, 69, 70, 71, 8, 72, 74, 11, 12, 13, 15, 16, 17, 18, 82, 84, 28, 92, 93, 94, 31, 34, 35, 99, 36, 49, 51, 56, 57, 58]"
17897.473599,-21639.000000,"[0, 33, 47, 89, 37, 43, 77, 74, 85, 79, 44, 82, 18, 22, 21, 8, 67, 86, 64, 13, 42, 71, 20, 2, 73, 14, 28, 51, 99, 96, 5, 53, 55, 24, 35, 97, 54, 12, 9, 56, 80, 58, 30, 23, 48, 60, 50, 27, 83, 38, 31, 68, 92, 46, 49, 39, 72, 95, 19, 7, 34, 91, 59, 76, 40, 84, 25, 29, 6, 75, 90, 16, 88, 17, 36, 3, 10, 98, 65, 63, 41, 69, 93, 1, 15, 45, 87, 4, 57, 94, 11, 70, 32, 61, 26, 52, 62, 66, 78, 81];[1, 65, 66, 4, 68, 69, 70, 71, 8, 72, 9, 12, 13, 15, 16, 17, 81, 18, 82, 84, 23, 28, 92, 94, 31, 95, 34, 35, 36, 49, 51, 56, 57, 58]"
18452.356333,-21649.000000,"[0, 33, 47, 89, 37, 43, 77, 74, 85, 79, 44, 82, 18, 22, 21, 8, 67, 86, 64, 13, 42, 71, 20, 2, 73, 14, 28, 51, 99, 96, 5, 53, 55, 24, 35, 97, 54, 12, 9, 56, 80, 58, 30, 23, 48, 60, 50, 27, 83, 38, 31, 68, 92, 46, 49, 39, 72, 95, 19, 7, 34, 91, 59, 76, 40, 84, 25, 29, 6, 75, 90, 16, 88, 17, 36, 3, 10, 98, 65, 63, 41, 69, 93, 1, 15, 45, 87, 4, 81, 78, 66, 62, 52, 26, 61, 32, 70, 11, 94, 57];[1, 65, 66, 4, 68, 69, 70, 71, 8, 72, 74, 11, 12, 13, 15, 16, 17, 18, 82, 84, 23, 28, 92, 94, 31, 95, 34, 35, 36, 49, 51, 56, 57, 58]"
17712.867546,-21570.000000,"[0, 33, 47, 89, 37, 43, 77, 74, 85, 79, 44, 82, 18, 22, 21, 8, 67, 86, 64, 13, 42, 71, 20, 2, 73, 14, 28, 51, 99, 96, 5, 53, 55, 24, 35, 97, 54, 12, 9, 56, 80, 58, 30, 23, 48, 60, 50, 27, 83, 38, 31, 68, 92, 46, 49, 39, 72, 95, 19, 7, 34, 91, 59, 76, 40, 84, 25, 29, 6, 75, 90, 16, 88, 17, 36, 3, 10, 98, 65, 63, 41, 69, 93, 1, 15, 45, 87, 4, 57, 94, 11, 70, 32, 61, 26, 52, 62, 66, 78, 81];[1, 65, 66, 4, 68, 69, 70, 71, 8, 72, 9, 12, 13, 15, 16, 17, 81, 18, 82, 84, 23, 28, 92, 94, 31, 34, 35, 36, 49, 51, 56, 57, 58]"
9366.844432,-10078.000000,"[0, 78, 87, 45, 15, 93, 41, 69, 63, 65, 98, 10, 3, 36, 17, 88, 16, 90, 75, 6, 29, 25, 84, 7, 19, 34, 40, 76, 59, 91, 60, 50, 83, 95, 72, 39, 49, 46, 68, 92, 31, 38, 35, 97, 85, 80, 58, 56, 12, 54, 9, 27, 48, 30, 23, 64, 86, 74, 43, 77, 21, 22, 18, 44, 82, 79, 55, 24, 5, 53, 96, 99, 51, 37, 89, 14, 28, 2, 26, 61, 52, 62, 66, 57, 94, 11, 70, 32, 20, 73, 33, 47, 8, 67, 13, 71, 42, 1, 4, 81];[1, 66, 4, 70, 71, 8, 42, 12, 13, 81, 56, 57, 58, 28, 94]"
15635.509430,-21273.000000,"[0, 33, 47, 89, 37, 43, 77, 74, 85, 79, 44, 82, 18, 22, 21, 8, 67, 86, 64, 13, 42, 71, 20, 2, 73, 14, 28, 51, 99, 96, 5, 53, 55, 24, 35, 97, 54, 12, 9, 56, 80, 58, 30, 23, 48, 60, 50, 27, 83, 38, 31, 68, 92, 46, 49, 39, 72, 95, 19, 7, 34, 91, 59, 76, 40, 84, 25, 29, 6, 75, 90, 16, 88, 17, 36, 3, 10, 98, 65, 63, 69, 41, 93, 1, 15, 45, 87, 4, 57, 94, 11, 70, 32, 61, 26, 52, 62, 66, 78, 81];[1, 65, 66, 4, 68, 69, 70, 6, 71, 8, 72, 12, 13, 15, 16, 17, 81, 82, 84, 28, 92, 93, 94, 31, 95, 34, 35, 36, 49, 51, 56, 57, 58, 62]"
9424.307730,-10466.000000,"[0, 78, 87, 45, 15, 93, 41, 69, 63, 65, 98, 10, 3, 36, 17, 88, 16, 90, 75, 6, 29, 25, 84, 7, 19, 34, 40, 76, 59, 91, 60, 50, 83, 95, 72, 39, 49, 46, 68, 92, 31, 38, 35, 97, 85, 80, 58, 56, 12, 54, 9, 27, 48, 30, 23, 64, 86, 74, 43, 77, 21, 22, 18, 44, 82, 79, 55, 24, 5, 53, 96, 99, 51, 37, 89, 14, 28, 2, 26, 61, 52, 62, 66, 57, 94, 11, 70, 32, 20, 73, 33, 47, 8, 67, 13, 71, 42, 1, 4, 81];[1, 66, 4, 70, 71, 8, 72, 42, 12, 13, 81, 82, 56, 57, 28, 94]"
9462.213023,-10782.000000,"[0, 78, 87, 45, 15, 93, 41, 69, 63, 65, 98, 10, 3, 36, 17, 88, 16, 90, 75, 6, 29, 25, 84, 7, 19, 34, 40, 76, 59, 91, 60, 50, 83, 95, 72, 39, 49, 46, 68, 92, 31, 38, 35, 97, 85, 80, 58, 56, 12, 54, 9, 27, 48, 30, 23, 64, 86, 74, 43, 77, 21, 22, 18, 44, 82, 79, 55, 24, 5, 53, 96, 99, 51, 37, 89, 14, 28, 2, 26, 61, 52, 62, 66, 57, 94, 11, 70, 32, 20, 73, 33, 47, 8, 67, 13, 71, 42, 1, 4, 81];[1, 66, 4, 70, 71, 8, 42, 12, 13, 81, 56, 57, 58, 28, 92, 94]"
14959.178094,-21064.000000,"[0, 33, 47, 89, 37, 43, 77, 74, 85, 79, 44, 82, 18, 22, 21, 8, 67, 86, 64, 13, 42, 71, 20, 2, 73, 14, 28, 51, 99, 96, 5, 53, 55, 24, 35, 97, 54, 12, 9, 56, 80, 58, 30, 23, 48, 60, 50, 27, 83, 38, 31, 68, 92, 46, 49, 39, 72, 95, 19, 7, 34, 91, 59, 76, 40, 84, 25, 29, 6, 75, 90, 16, 88, 17, 36, 3, 10, 98, 65, 63, 69, 41, 93, 1, 15, 45, 87, 4, 57, 94, 11, 70, 32, 61, 26, 52, 62, 66, 78, 81];[1, 65, 66, 4, 68, 69, 70, 71, 8, 72, 11, 12, 13, 15, 16, 17, 81, 82, 84, 28, 92, 93, 94, 31, 34, 99, 36, 49, 56, 57, 58, 62]"
11800.623981,-17747.000000,"[0, 78, 87, 45, 15, 93, 41, 69, 63, 65, 98, 10, 3, 36, 17, 88, 16, 90, 75, 6, 29, 25, 84, 7, 19, 34, 40, 76, 59, 91, 60, 50, 83, 95, 72, 39, 49, 46, 68, 92, 31, 38, 35, 97, 85, 80, 58, 56, 12, 54, 9, 27, 48, 30, 23, 64, 86, 74, 43, 77, 21, 22, 18, 44, 82, 79, 55, 24, 5, 53, 96, 99, 51, 37, 89, 14, 28, 2, 26, 61, 52, 62, 66, 57, 94, 11, 70, 32, 20, 73, 33, 47, 8, 67, 13, 71, 42, 1, 4, 81];[1, 66, 67, 4, 68, 69, 70, 71, 8, 72, 11, 12, 13, 16, 81, 82, 84, 21, 28, 92, 94, 99, 42, 47, 56, 57, 58, 62]"
9168.668423,-8222.000000,"[0, 78, 87, 45, 15, 93, 41, 69, 63, 65, 98, 10, 3, 36, 17, 88, 16, 90, 75, 6, 29, 25, 84, 7, 19, 34, 40, 76, 59, 91, 60, 50, 83, 95, 72, 39, 49, 46, 68, 92, 31, 38, 35, 97, 85, 80, 58, 56, 12, 54, 9, 27, 48, 30, 23, 64, 86, 74, 43, 77, 21, 22, 18, 44, 82, 79, 55, 24, 5, 53, 96, 99, 51, 37, 89, 14, 28, 2, 26, 61, 52, 62, 66, 57, 94, 11, 70, 32, 20, 73, 33, 47, 8, 67, 13, 71, 42, 1, 4, 81];[1, 4, 70, 71, 8, 42, 12, 13, 81, 56, 57, 28, 94]"
10567.298238,-15552.000000,"[0, 78, 87, 45, 15, 93, 41, 69, 63, 65, 98, 10, 3, 36, 17, 88, 16, 90, 75, 6, 29, 25, 84, 7, 19, 34, 40, 76, 59, 91, 60, 50, 83, 95, 72, 39, 49, 46, 68, 92, 31, 38, 35, 97, 85, 80, 58, 56, 12, 54, 9, 27, 48, 30, 23, 64, 86, 74, 43, 77, 21, 22, 18, 44, 82, 79, 55, 24, 5, 53, 96, 99, 51, 37, 89, 14, 28, 2, 26, 61, 52, 62, 66, 57, 94, 11, 70, 32, 20, 73, 33, 47, 8, 67, 13, 71, 42, 1, 4, 81];[1, 66, 67, 4, 68, 70, 71, 8, 72, 42, 12, 13, 47, 81, 82, 84, 56, 57, 58, 28, 92, 62, 94]"
9076.678740,-6559.000000,"[0, 78, 87, 45, 15, 93, 41, 69, 63, 65, 98, 10, 3, 36, 17, 88, 16, 90, 75, 6, 29, 25, 84, 7, 19, 34, 40, 76, 59, 91, 60, 50, 83, 95, 72, 39, 49, 46, 68, 92, 31, 38, 35, 97, 85, 80, 58, 56, 12, 54, 9, 27, 48, 30, 23, 64, 86, 74, 43, 77, 21, 22, 18, 44, 82, 79, 55, 24, 5, 53, 96, 99, 51, 37, 89, 14, 28, 2, 26, 61, 52, 62, 66, 57, 94, 11, 70, 32, 20, 73, 33, 47, 8, 67, 13, 71, 42, 1, 4, 81];[1, 81, 4, 70, 71, 8, 56, 57, 12, 13]"
9255.951957,-9204.000000,"[0, 78, 87, 45, 15, 93, 41, 69, 63, 65, 98, 10, 3, 36, 17, 88, 16, 90, 75, 6, 29, 25, 84, 7, 19, 34, 40, 76, 59, 91, 60, 50, 83, 95, 72, 39, 49, 46, 68, 92, 31, 38, 35, 97, 85, 80, 58, 56, 12, 54, 9, 27, 48, 30, 23, 64, 86, 74, 43, 77, 21, 22, 18, 44, 82, 79, 55, 24, 5, 53, 96, 99, 51, 37, 89, 14, 28, 2, 26, 61, 52, 62, 66, 57, 94, 11, 70, 32, 20, 73, 33, 47, 8, 67, 13, 71, 42, 1, 4, 81];[1, 66, 4, 70, 71, 8, 42, 12, 13, 81, 56, 57, 28, 94]"
9207.570558,-8558.000000,"[0, 78, 87, 45, 15, 93, 41, 69, 63, 65, 98, 10, 3, 36, 17, 88, 16, 90, 75, 6, 29, 25, 84, 7, 19, 34, 40, 76, 59, 91, 60, 50, 83, 95, 72, 39, 49, 46, 68, 92, 31, 38, 35, 97, 85, 80, 58, 56, 12, 54, 9, 27, 48, 30, 23, 64, 86, 74, 43, 77, 21, 22, 18, 44, 82, 79, 55, 24, 5, 53, 96, 99, 51, 37, 89, 14, 28, 2, 26, 61, 52, 62, 66, 57, 94, 11, 70, 32, 20, 73, 33, 47, 8, 67, 13, 71, 42, 1, 4, 81];[1, 66, 4, 70, 71, 8, 12, 13, 81, 56, 57, 28, 94]"
9553.638844,-11100.000000,"[0, 78, 87, 45, 15, 93, 41, 69, 63, 65, 98, 10, 3, 36, 17, 88, 16, 90, 75, 6, 29, 25, 84, 7, 19, 34, 40, 76, 59, 91, 60, 50, 83, 95, 72, 39, 49, 46, 68, 92, 31, 38, 35, 97, 85, 80, 58, 56, 12, 54, 9, 27, 48, 30, 23, 64, 86, 74, 43, 77, 21, 22, 18, 44, 82, 79, 55, 24, 5, 53, 96, 99, 51, 37, 89, 14, 28, 2, 26, 61, 52, 62, 66, 57, 94, 11, 70, 32, 20, 73, 33, 47, 8, 67, 13, 71, 42, 1, 4, 81];[1, 66, 4, 68, 70, 71, 8, 42, 12, 13, 47, 81, 56, 57, 58, 28]"
9228.455197,-8864.000000,"[0, 78, 87, 45, 15, 93, 41, 69, 63, 65, 98, 10, 3, 36, 17, 88, 16, 90, 75, 6, 29, 25, 84, 7, 19, 34, 40, 76, 59, 91, 60, 50, 83, 95, 72, 39, 49, 46, 68, 92, 31, 38, 35, 97, 85, 80, 58, 56, 12, 54, 9, 27, 48, 30, 23, 64, 86, 74, 43, 77, 21, 22, 18, 44, 82, 79, 55, 24, 5, 53, 96, 99, 51, 37, 89, 14, 28, 2, 26, 61, 52, 62, 66, 57, 94, 11, 70, 32, 20, 73, 33, 47, 8, 67, 13, 71, 42, 1, 4, 81];[1, 66, 4, 70, 71, 8, 42, 12, 13, 81, 56, 57, 28]"
10157.191896,-14453.000000,"[0, 78, 87, 45, 15, 93, 41, 69, 63, 65, 98, 10, 3, 36, 17, 88, 16, 90, 75, 6, 29, 25, 84, 7, 19, 34, 40, 76, 59, 91, 60, 50, 83, 95, 72, 39, 49, 46, 68, 92, 31, 38, 35, 97, 85, 80, 58, 56, 12, 54, 9, 27, 48, 30, 23, 64, 86, 74, 43, 77, 21, 22, 18, 44, 82, 79, 55, 24, 5, 53, 96, 99, 51, 37, 89, 14, 28, 2, 26, 61, 52, 62, 66, 57, 94, 11, 70, 32, 20, 73, 33, 47, 8, 67, 13, 71, 42, 1, 4, 81];[1, 66, 99, 4, 68, 70, 71, 8, 72, 42, 12, 13, 47, 81, 82, 84, 56, 57, 58, 28, 92, 94]"
9102.059533,-7236.000000,"[0, 78, 87, 45, 15, 93, 41, 69, 63, 65, 98, 10, 3, 36, 17, 88, 16, 90, 75, 6, 29, 25, 84, 7, 19, 34, 40, 76, 59, 91, 60, 50, 83, 95, 72, 39, 49, 46, 68, 92, 31, 38, 35, 97, 85, 80, 58, 56, 12, 54, 9, 27, 48, 30, 23, 64, 86, 74, 43, 77, 21, 22, 18, 44, 82, 79, 55, 24, 5, 53, 96, 99, 51, 37, 89, 14, 28, 2, 26, 61, 52, 62, 66, 57, 94, 11, 70, 32, 20, 73, 33, 47, 8, 67, 13, 71, 42, 1, 4, 81];[1, 81, 4, 70, 71, 8, 56, 57, 12, 28, 13]"
9099.441078,-6899.000000,"[0, 78, 87, 45, 15, 93, 41, 69, 63, 65, 98, 10, 3, 36, 17, 88, 16, 90, 75, 6, 29, 25, 84, 7, 19, 34, 40, 76, 59, 91, 60, 50, 83, 95, 72, 39, 49, 46, 68, 92, 31, 38, 35, 97, 85, 80, 58, 56, 12, 54, 9, 27, 48, 30, 23, 64, 86, 74, 43, 77, 21, 22, 18, 44, 82, 79, 55, 24, 5, 53, 96, 99, 51, 37, 89, 14, 28, 2, 26, 61, 52, 62, 66, 57, 94, 11, 70, 32, 20, 73, 33, 47, 8, 67, 13, 71, 42, 1, 4, 81];[1, 81, 4, 70, 71, 8, 56, 57, 12, 13, 94]"
9143.849010,-7882.000000,"[0, 78, 87, 45, 15, 93, 41, 69, 63, 65, 98, 10, 3, 36, 17, 88, 16, 90, 75, 6, 29, 25, 84, 7, 19, 34, 40, 76, 59, 91, 60, 50, 83, 95, 72, 39, 49, 46, 68, 92, 31, 38, 35, 97, 85, 80, 58, 56, 12, 54, 9, 27, 48, 30, 23, 64, 86, 74, 43, 77, 21, 22, 18, 44, 82, 79, 55, 24, 5, 53, 96, 99, 51, 37, 89, 14, 28, 2, 26, 61, 52, 62, 66, 57, 94, 11, 70, 32, 20, 73, 33, 47, 8, 67, 13, 71, 42, 1, 4, 81];[1, 81, 4, 70, 71, 8, 56, 57, 42, 12, 28, 13]"
10435.837916,-15319.000000,"[0, 78, 87, 45, 15, 93, 41, 69, 63, 65, 98, 10, 3, 36, 17, 88, 16, 90, 75, 6, 29, 25, 84, 7, 19, 34, 40, 76, 59, 91, 60, 50, 83, 95, 72, 39, 49, 46, 68, 92, 31, 38, 35, 97, 85, 80, 58, 56, 12, 54, 9, 27, 48, 30, 23, 64, 86, 74, 43, 77, 21, 22, 18, 44, 82, 79, 55, 24, 5, 53, 96, 99, 51, 37, 89, 14, 28, 2, 26, 61, 52, 62, 66, 57, 94, 11, 70, 32, 20, 73, 33, 47, 8, 67, 13, 71, 42, 1, 4, 81];[1, 66, 99, 4, 68, 70, 71, 8, 72, 73, 42, 12, 13, 47, 16, 81, 82, 84, 56, 57, 58, 28, 92, 94]"
9125.356833,-7576.000000,"[0, 78, 87, 45, 15, 93, 41, 69, 63, 65, 98, 10, 3, 36, 17, 88, 16, 90, 75, 6, 29, 25, 84, 7, 19, 34, 40, 76, 59, 91, 60, 50, 83, 95, 72, 39, 49, 46, 68, 92, 31, 38, 35, 97, 85, 80, 58, 56, 12, 54, 9, 27, 48, 30, 23, 64, 86, 74, 43, 77, 21, 22, 18, 44, 82, 79, 55, 24, 5, 53, 96, 99, 51, 37, 89, 14, 28, 2, 26, 61, 52, 62, 66, 57, 94, 11, 70, 32, 20, 73, 33, 47, 8, 67, 13, 71, 42, 1, 4, 81];[1, 81, 4, 70, 71, 8, 56, 57, 12, 28, 13, 94]"
10076.936418,-14176.000000,"[0, 78, 87, 45, 15, 93, 41, 69, 63, 65, 98, 10, 3, 36, 17, 88, 16, 90, 75, 6, 29, 25, 84, 7, 19, 34, 40, 76, 59, 91, 60, 50, 83, 95, 72, 39, 49, 46, 68, 92, 31, 38, 35, 97, 85, 80, 58, 56, 12, 54, 9, 27, 48, 30, 23, 64, 86, 74, 43, 77, 21, 22, 18, 44, 82, 79, 55, 24, 5, 53, 96, 99, 51, 37, 89, 14, 28, 2, 26, 61, 52, 62, 66, 57, 94, 11, 70, 32, 20, 73, 33, 47, 8, 67, 13, 71, 42, 1, 4, 81];[1, 66, 4, 68, 70, 71, 8, 72, 42, 12, 13, 47, 81, 82, 84, 56, 57, 58, 28, 92, 94]"
14267.465756,-20596.000000,"[0, 33, 47, 89, 37, 43, 77, 74, 85, 79, 44, 82, 18, 22, 21, 8, 67, 86, 64, 13, 42, 71, 20, 2, 73, 14, 28, 51, 99, 96, 5, 53, 55, 24, 35, 97, 54, 12, 9, 56, 80, 58, 30, 23, 48, 60, 50, 27, 83, 38, 31, 68, 92, 46, 49, 39, 72, 95, 19, 7, 34, 91, 59, 76, 40, 84, 25, 29, 6, 75, 90, 16, 88, 17, 36, 3, 10, 98, 65, 63, 69, 41, 93, 1, 15, 45, 87, 4, 57, 94, 11, 70, 32, 61, 26, 52, 62, 66, 78, 81];[1, 65, 66, 4, 68, 69, 70, 71, 8, 72, 11, 12, 13, 15, 16, 17, 81, 82, 84, 28, 92, 93, 94, 31, 99, 36, 49, 56, 57, 58, 62]"
9338.025485,-9738.000000,"[0, 78, 87, 45, 15, 93, 41, 69, 63, 65, 98, 10, 3, 36, 17, 88, 16, 90, 75, 6, 29, 25, 84, 7, 19, 34, 40, 76, 59, 91, 60, 50, 83, 95, 72, 39, 49, 46, 68, 92, 31, 38, 35, 97, 85, 80, 58, 56, 12, 54, 9, 27, 48, 30, 23, 64, 86, 74, 43, 77, 21, 22, 18, 44, 82, 79, 55, 24, 5, 53, 96, 99, 51, 37, 89, 14, 28, 2, 26, 61, 52, 62, 66, 57, 94, 11, 70, 32, 20, 73, 33, 47, 8, 67, 13, 71, 42, 1, 4, 81];[1, 66, 4, 70, 71, 8, 42, 12, 13, 81, 56, 57, 58, 28]"
9629.463174,-11882.000000,"[0, 78, 87, 45, 15, 93, 41, 69, 63, 65, 98, 10, 3, 36, 17, 88, 16, 90, 75, 6, 29, 25, 84, 7, 19, 34, 40, 76, 59, 91, 60, 50, 83, 95, 72, 39, 49, 46, 68, 92, 31, 38, 35, 97, 85, 80, 58, 56, 12, 54, 9, 27, 48, 30, 23, 64, 86, 74, 43, 77, 21, 22, 18, 44, 82, 79, 55, 24, 5, 53, 96, 99, 51, 37, 89, 14, 28, 2, 26, 61, 52, 62, 66, 57, 94, 11, 70, 32, 20, 73, 33, 47, 8, 67, 13, 71, 42, 1, 4, 81];[1, 66, 4, 70, 71, 8, 42, 12, 13, 47, 81, 82, 56, 57, 58, 28, 94]"
14097.640515,-20514.000000,"[0, 33, 47, 89, 37, 43, 77, 74, 85, 79, 44, 82, 18, 22, 21, 8, 67, 86, 64, 13, 42, 71, 20, 2, 73, 14, 28, 51, 99, 96, 5, 53, 55, 24, 35, 97, 54, 12, 9, 56, 80, 58, 30, 23, 48, 60, 50, 27, 83, 38, 31, 68, 92, 46, 49, 39, 72, 95, 19, 7, 34, 91, 59, 76, 40, 84, 25, 29, 6, 75, 90, 16, 88, 17, 36, 3, 10, 98, 65, 63, 69, 41, 93, 1, 15, 45, 87, 4, 57, 94, 11, 70, 32, 61, 26, 52, 62, 66, 78, 81];[1, 65, 66, 4, 68, 69, 70, 71, 8, 72, 11, 12, 13, 15, 16, 17, 81, 82, 84, 28, 92, 94, 31, 95, 34, 36, 49, 56, 57, 58, 62]"
9726.942216,-12264.000000,"[0, 78, 87, 45, 15, 93, 41, 69, 63, 65, 98, 10, 3, 36, 17, 88, 16, 90, 75, 6, 29, 25, 84, 7, 19, 34, 40, 76, 59, 91, 60, 50, 83, 95, 72, 39, 49, 46, 68, 92, 31, 38, 35, 97, 85, 80, 58, 56, 12, 54, 9, 27, 48, 30, 23, 64, 86, 74, 43, 77, 21, 22, 18, 44, 82, 79, 55, 24, 5, 53, 96, 99, 51, 37, 89, 14, 28, 2, 26, 61, 52, 62, 66, 57, 94, 11, 70, 32, 20, 73, 33, 47, 8, 67, 13, 71, 42, 1, 4, 81];[1, 66, 4, 70, 71, 8, 42, 12, 13, 47, 16, 81, 82, 56, 57, 58, 28, 94]"
12990.036322,-19331.000000,"[0, 33, 47, 89, 37, 43, 77, 74, 85, 79, 44, 82, 18, 22, 21, 8, 67, 86, 64, 13, 42, 71, 20, 2, 73, 14, 28, 51, 99, 96, 5, 53, 55, 24, 35, 97, 54, 12, 9, 56, 80, 58, 30, 23, 48, 60, 50, 27, 83, 38, 31, 68, 92, 46, 49, 39, 72, 95, 19, 7, 34, 91, 59, 76, 40, 84, 25, 29, 6, 75, 90, 16, 88, 17, 36, 3, 10, 98, 65, 63, 69, 41, 93, 1, 15, 45, 87, 4, 57, 94, 11, 70, 32, 61, 26, 52, 62, 66, 78, 81];[1, 65, 66, 4, 68, 69, 70, 71, 8, 72, 12, 13, 78, 15, 16, 17, 81, 82, 84, 28, 92, 93, 94, 95, 36, 49, 56, 57, 58, 62]"
10812.415559,-16211.000000,"[0, 78, 87, 45, 15, 93, 41, 69, 63, 65, 98, 10, 3, 36, 17, 88, 16, 90, 75, 6, 29, 25, 84, 7, 19, 34, 40, 76, 59, 91, 60, 50, 83, 95, 72, 39, 49, 46, 68, 92, 31, 38, 35, 97, 85, 80, 58, 56, 12, 54, 9, 27, 48, 30, 23, 64, 86, 74, 43, 77, 21, 22, 18, 44, 82, 79, 55, 24, 5, 53, 96, 99, 51, 37, 89, 14, 28, 2, 26, 61, 52, 62, 66, 57, 94, 11, 70, 32, 20, 73, 33, 47, 8, 67, 13, 71, 42, 1, 4, 81];[1, 66, 67, 4, 68, 70, 71, 8, 72, 12, 13, 16, 81, 82, 84, 28, 92, 94, 99, 42, 47, 56, 57, 58, 62]"
9300.567041,-9490.000000,"[0, 78, 87, 45, 15, 93, 41, 69, 63, 65, 98, 10, 3, 36, 17, 88, 16, 90, 75, 6, 29, 25, 84, 7, 19, 34, 40, 76, 59, 91, 60, 50, 83, 95, 72, 39, 49, 46, 68, 92, 31, 38, 35, 97, 85, 80, 58, 56, 12, 54, 9, 27, 48, 30, 23, 64, 86, 74, 43, 77, 21, 22, 18, 44, 82, 79, 55, 24, 5, 53, 96, 99, 51, 37, 89, 14, 28, 2, 26, 61, 52, 62, 66, 57, 94, 11, 70, 32, 20, 73, 33, 47, 8, 67, 13, 71, 42, 1, 4, 81];[1, 66, 4, 70, 71, 8, 72, 42, 12, 13, 81, 56, 57, 28, 94]"
9893.373523,-13406.000000,"[0, 78, 87, 45, 15, 93, 41, 69, 63, 65, 98, 10, 3, 36, 17, 88, 16, 90, 75, 6, 29, 25, 84, 7, 19, 34, 40, 76, 59, 91, 60, 50, 83, 95, 72, 39, 49, 46, 68, 92, 31, 38, 35, 97, 85, 80, 58, 56, 12, 54, 9, 27, 48, 30, 23, 64, 86, 74, 43, 77, 21, 22, 18, 44, 82, 79, 55, 24, 5, 53, 96, 99, 51, 37, 89, 14, 28, 2, 26, 61, 52, 62, 66, 57, 94, 11, 70, 32, 20, 73, 33, 47, 8, 67, 13, 71, 42, 1, 4, 81];[1, 66, 4, 68, 70, 71, 8, 72, 42, 12, 13, 47, 81, 82, 56, 57, 58, 28, 92, 94]"
15193.096205,-21152.000000,"[0, 33, 47, 89, 37, 43, 77, 74, 85, 79, 44, 82, 18, 22, 21, 8, 67, 86, 64, 13, 42, 71, 20, 2, 73, 14, 28, 51, 99, 96, 5, 53, 55, 24, 35, 97, 54, 12, 9, 56, 80, 58, 30, 23, 48, 60, 50, 27, 83, 38, 31, 68, 92, 46, 49, 39, 72, 95, 19, 7, 34, 91, 59, 76, 40, 84, 25, 29, 6, 75, 90, 16, 88, 17, 36, 3, 10, 98, 65, 63, 69, 41, 93, 1, 15, 45, 87, 4, 57, 94, 11, 70, 32, 61, 26, 52, 62, 66, 78, 81];[1, 65, 66, 4, 68, 69, 70, 71, 8, 72, 11, 12, 13, 15, 16, 17, 81, 82, 84, 28, 92, 94, 31, 34, 99, 36, 49, 51, 56, 57, 58, 62]"
13958.231655,-20388.000000,"[0, 33, 47, 89, 37, 43, 77, 74, 85, 79, 44, 82, 18, 22, 21, 8, 67, 86, 64, 13, 42, 71, 20, 2, 73, 14, 28, 51, 99, 96, 5, 53, 55, 24, 35, 97, 54, 12, 9, 56, 80, 58, 30, 23, 48, 60, 50, 27, 83, 38, 31, 68, 92, 46, 49, 39, 72, 95, 19, 7, 34, 91, 59, 76, 40, 84, 25, 29, 6, 75, 90, 16, 88, 17, 36, 3, 10, 98, 65, 63, 69, 41, 93, 1, 15, 45, 87, 4, 57, 94, 11, 70, 32, 61, 26, 52, 62, 66, 78, 81];[1, 65, 66, 4, 68, 69, 70, 71, 8, 72, 11, 12, 13, 15, 16, 17, 81, 82, 84, 28, 92, 93, 94, 31, 95, 36, 49, 56, 57, 58, 62]"
11662.771336,-17558.000000,"[0, 78, 87, 45, 15, 93, 41, 69, 63, 65, 98, 10, 3, 36, 17, 88, 16, 90, 75, 6, 29, 25, 84, 7, 19, 34, 40, 76, 59, 91, 60, 50, 83, 95, 72, 39, 49, 46, 68, 92, 31, 38, 35, 97, 85, 80, 58, 56, 12, 54, 9, 27, 48, 30, 23, 64, 86, 74, 43, 77, 21, 22, 18, 44, 82, 79, 55, 24, 5, 53, 96, 99, 51, 37, 89, 14, 28, 2, 26, 61, 52, 62, 66, 57, 94, 11, 70, 32, 20, 73, 33, 47, 8, 67, 13, 71, 42, 1, 4, 81];[1, 66, 67, 4, 68, 69, 70, 71, 8, 72, 12, 13, 16, 81, 18, 82, 84, 21, 28, 92, 94, 99, 42, 47, 56, 57, 58, 62]"
12111.743482,-18111.000000,"[0, 33, 47, 89, 37, 43, 77, 74, 85, 79, 44, 82, 18, 22, 21, 8, 67, 86, 64, 13, 42, 71, 20, 2, 73, 14, 28, 51, 99, 96, 5, 53, 55, 24, 35, 97, 54, 12, 9, 56, 80, 58, 30, 23, 48, 60, 50, 27, 83, 38, 31, 68, 92, 46, 49, 39, 72, 95, 19, 7, 34, 91, 59, 76, 40, 84, 25, 29, 6, 75, 90, 16, 88, 17, 36, 3, 10, 98, 65, 63, 69, 41, 93, 1, 15, 45, 87, 4, 57, 94, 11, 70, 32, 61, 26, 52, 62, 66, 78, 81];[1, 65, 66, 4, 68, 69, 70, 71, 8, 72, 12, 78, 15, 16, 17, 81, 82, 84, 28, 92, 94, 36, 49, 56, 57, 58, 62]"
13745.028576,-20107.000000,"[0, 33, 47, 89, 37, 43, 77, 74, 85, 79, 44, 82, 18, 22, 21, 8, 67, 86, 64, 13, 42, 71, 20, 2, 73, 14, 28, 51, 99, 96, 5, 53, 55, 24, 35, 97, 54, 12, 9, 56, 80, 58, 30, 23, 48, 60, 50, 27, 83, 38, 31, 68, 92, 46, 49, 39, 72, 95, 19, 7, 34, 91, 59, 76, 40, 84, 25, 29, 6, 75, 90, 16, 88, 17, 36, 3, 10, 98, 65, 63, 69, 41, 93, 1, 15, 45, 87, 4, 57, 94, 11, 70, 32, 61, 26, 52, 62, 66, 78, 81];[1, 65, 66, 4, 68, 69, 70, 71, 8, 72, 11, 12, 13, 15, 16, 17, 81, 82, 84, 26, 28, 92, 93, 94, 36, 49, 56, 57, 58, 62]"
9584.448571,-11447.000000,"[0, 78, 87, 45, 15, 93, 41, 69, 63, 65, 98, 10, 3, 36, 17, 88, 16, 90, 75, 6, 29, 25, 84, 7, 19, 34, 40, 76, 59, 91, 60, 50, 83, 95, 72, 39, 49, 46, 68, 92, 31, 38, 35, 97, 85, 80, 58, 56, 12, 54, 9, 27, 48, 30, 23, 64, 86, 74, 43, 77, 21, 22, 18, 44, 82, 79, 55, 24, 5, 53, 96, 99, 51, 37, 89, 14, 28, 2, 26, 61, 52, 62, 66, 57, 94, 11, 70, 32, 20, 73, 33, 47, 8, 67, 13, 71, 42, 1, 4, 81];[1, 66, 99, 4, 70, 71, 8, 72, 42, 12, 13, 81, 82, 56, 57, 28, 92, 94]"
9036.789969,-5297.000000,"[0, 78, 87, 45, 15, 93, 41, 69, 63, 65, 98, 10, 3, 36, 17, 88, 16, 90, 75, 6, 29, 25, 84, 7, 19, 34, 40, 76, 59, 91, 60, 50, 83, 95, 72, 39, 49, 46, 68, 92, 31, 38, 35, 97, 85, 80, 58, 56, 12, 54, 9, 27, 48, 30, 23, 64, 86, 74, 43, 77, 21, 22, 18, 44, 82, 79, 55, 24, 5, 53, 96, 99, 51, 37, 89, 14, 28, 2, 26, 61, 52, 62, 66, 57, 94, 11, 70, 32, 20, 73, 33, 47, 8, 67, 13, 71, 42, 1, 4, 81];[1, 81, 4, 70, 8, 12, 13, 94]"
9014.048170,-4488.000000,"[0, 78, 87, 45, 15, 93, 41, 69, 63, 65, 98, 10, 3, 36, 17, 88, 16, 90, 75, 6, 29, 25, 84, 7, 19, 34, 40, 76, 59, 91, 60, 50, 83, 95, 72, 39, 49, 46, 68, 92, 31, 38, 35, 97, 85, 80, 58, 56, 12, 54, 9, 27, 48, 30, 23, 64, 86, 74, 43, 77, 21, 22, 18, 44, 82, 79, 55, 24, 5, 53, 96, 99, 51, 37, 89, 14, 28, 2, 26, 61, 52, 62, 66, 57, 94, 11, 70, 32, 20, 73, 33, 47, 8, 67, 13, 71, 42, 1, 4, 81];[1, 81, 4, 70, 8, 12, 94]"
12669.593579,-18920.000000,"[0, 33, 47, 89, 37, 43, 77, 74, 85, 79, 44, 82, 18, 22, 21, 8, 67, 86, 64, 13, 42, 71, 20, 2, 73, 14, 28, 51, 99, 96, 5, 53, 55, 24, 35, 97, 54, 12, 9, 56, 80, 58, 30, 23, 48, 60, 50, 27, 83, 38, 31, 68, 92, 46, 49, 39, 72, 95, 19, 7, 34, 91, 59, 76, 40, 84, 25, 29, 6, 75, 90, 16, 88, 17, 36, 3, 10, 98, 65, 63, 69, 41, 93, 1, 15, 45, 87, 4, 57, 94, 11, 70, 32, 61, 26, 52, 62, 66, 78, 81];[1, 65, 66, 4, 68, 69, 70, 71, 8, 72, 12, 13, 78, 15, 16, 17, 81, 82, 84, 28, 92, 94, 36, 49, 56, 57, 58, 62]"
13848.807978,-20254.000000,"[0, 33, 47, 89, 37, 43, 77, 74, 85, 79, 44, 82, 18, 22, 21, 8, 67, 86, 64, 13, 42, 71, 20, 2, 73, 14, 28, 51, 99, 96, 5, 53, 55, 24, 35, 97, 54, 12, 9, 56, 80, 58, 30, 23, 48, 60, 50, 27, 83, 38, 31, 68, 92, 46, 49, 39, 72, 95, 19, 7, 34, 91, 59, 76, 40, 84, 25, 29, 6, 75, 90, 16, 88, 17, 36, 3, 10, 98, 65, 63, 69, 41, 93, 1, 15, 45, 87, 4, 57, 94, 11, 70, 32, 61, 26, 52, 62, 66, 78, 81];[1, 65, 66, 4, 68, 69, 70, 71, 8, 72, 11, 12, 13, 15, 16, 17, 81, 82, 84, 28, 92, 94, 31, 99, 36, 49, 56, 57, 58, 62]"
10959.401645,-16344.000000,"[0, 78, 87, 45, 15, 93, 41, 69, 63, 65, 98, 10, 3, 36, 17, 88, 16, 90, 75, 6, 29, 25, 84, 7, 19, 34, 40, 76, 59, 91, 60, 50, 83, 95, 72, 39, 49, 46, 68, 92, 31, 38, 35, 97, 85, 80, 58, 56, 12, 54, 9, 27, 48, 30, 23, 64, 86, 74, 43, 77, 21, 22, 18, 44, 82, 79, 55, 24, 5, 53, 96, 99, 51, 37, 89, 14, 28, 2, 26, 61, 52, 62, 66, 57, 94, 11, 70, 32, 20, 73, 33, 47, 8, 67, 13, 71, 42, 1, 4, 81];[1, 66, 67, 4, 68, 70, 71, 8, 72, 12, 13, 16, 81, 18, 82, 84, 21, 28, 92, 94, 42, 47, 56, 57, 58, 62]"
9062.431830,-6218.000000,"[0, 78, 87, 45, 15, 93, 41, 69, 63, 65, 98, 10, 3, 36, 17, 88, 16, 90, 75, 6, 29, 25, 84, 7, 19, 34, 40, 76, 59, 91, 60, 50, 83, 95, 72, 39, 49, 46, 68, 92, 31, 38, 35, 97, 85, 80, 58, 56, 12, 54, 9, 27, 48, 30, 23, 64, 86, 74, 43, 77, 21, 22, 18, 44, 82, 79, 55, 24, 5, 53, 96, 99, 51, 37, 89, 14, 28, 2, 26, 61, 52, 62, 66, 57, 94, 11, 70, 32, 20, 73, 33, 47, 8, 67, 13, 71, 42, 1, 4, 81];[1, 81, 4, 70, 71, 8, 12, 28, 13, 94]"
15432.392028,-21246.000000,"[0, 33, 47, 89, 37, 43, 77, 74, 85, 79, 44, 82, 18, 22, 21, 8, 67, 86, 64, 13, 42, 71, 20, 2, 73, 14, 28, 51, 99, 96, 5, 53, 55, 24, 35, 97, 54, 12, 9, 56, 80, 58, 30, 23, 48, 60, 50, 27, 83, 38, 31, 68, 92, 46, 49, 39, 72, 95, 19, 7, 34, 91, 59, 76, 40, 84, 25, 29, 6, 75, 90, 16, 88, 17, 36, 3, 10, 98, 65, 63, 69, 41, 93, 1, 15, 45, 87, 4, 57, 94, 11, 70, 32, 61, 26, 52, 62, 66, 78, 81];[1, 65, 66, 4, 68, 69, 70, 71, 8, 72, 12, 13, 15, 16, 17, 81, 82, 84, 28, 92, 93, 94, 31, 95, 34, 35, 36, 49, 51, 56, 57, 58, 62]"
9015.300386,-4957.000000,"[0, 78, 87, 45, 15, 93, 41, 69, 63, 65, 98, 10, 3, 36, 17, 88, 16, 90, 75, 6, 29, 25, 84, 7, 19, 34, 40, 76, 59, 91, 60, 50, 83, 95, 72, 39, 49, 46, 68, 92, 31, 38, 35, 97, 85, 80, 58, 56, 12, 54, 9, 27, 48, 30, 23, 64, 86, 74, 43, 77, 21, 22, 18, 44, 82, 79, 55, 24, 5, 53, 96, 99, 51, 37, 89, 14, 28, 2, 26, 61, 52, 62, 66, 57, 94, 11, 70, 32, 20, 73, 33, 47, 8, 67, 13, 71, 42, 1, 4, 81];[1, 81, 4, 70, 8, 12, 13]"
14812.128909,-20944.000000,"[0, 33, 47, 89, 37, 43, 77, 74, 85, 79, 44, 82, 18, 22, 21, 8, 67, 86, 64, 13, 42, 71, 20, 2, 73, 14, 28, 51, 99, 96, 5, 53, 55, 24, 35, 97, 54, 12, 9, 56, 80, 58, 30, 23, 48, 60, 50, 27, 83, 38, 31, 68, 92, 46, 49, 39, 72, 95, 19, 7, 34, 91, 59, 76, 40, 84, 25, 29, 6, 75, 90, 16, 88, 17, 36, 3, 10, 98, 65, 63, 69, 41, 93, 1, 15, 45, 87, 4, 57, 94, 11, 70, 32, 61, 26, 52, 62, 66, 78, 81];[1, 65, 66, 4, 68, 69, 70, 71, 8, 72, 11, 12, 13, 15, 16, 17, 81, 82, 84, 28, 92, 94, 31, 95, 34, 36, 49, 51, 56, 57, 58, 62]"
12840.585646,-19209.000000,"[0, 33, 47, 89, 37, 43, 77, 74, 85, 79, 44, 82, 18, 22, 21, 8, 67, 86, 64, 13, 42, 71, 20, 2, 73, 14, 28, 51, 99, 96, 5, 53, 55, 24, 35, 97, 54, 12, 9, 56, 80, 58, 30, 23, 48, 60, 50, 27, 83, 38, 31, 68, 92, 46, 49, 39, 72, 95, 19, 7, 34, 91, 59, 76, 40, 84, 25, 29, 6, 75, 90, 16, 88, 17, 36, 3, 10, 98, 65, 63, 69, 41, 93, 1, 15, 45, 87, 4, 57, 94, 11, 70, 32, 61, 26, 52, 62, 66, 78, 81];[1, 65, 66, 4, 68, 69, 70, 71, 8, 72, 11, 12, 13, 15, 16, 17, 81, 82, 84, 28, 92, 94, 36, 49, 56, 57, 58, 62]"
12545.283866,-18811.000000,"[0, 33, 47, 89, 37, 43, 77, 74, 85, 79, 44, 82, 18, 22, 21, 8, 67, 86, 64, 13, 42, 71, 20, 2, 73, 14, 28, 51, 99, 96, 5, 53, 55, 24, 35, 97, 54, 12, 9, 56, 80, 58, 30, 23, 48, 60, 50, 27, 83, 38, 31, 68, 92, 46, 49, 39, 72, 95, 19, 7, 34, 91, 59, 76, 40, 84, 25, 29, 6, 75, 90, 16, 88, 17, 36, 3, 10, 98, 65, 63, 69, 41, 93, 1, 15, 45, 87, 4, 57, 94, 11, 70, 32, 61, 26, 52, 62, 66, 78, 81];[1, 65, 66, 4, 68, 69, 70, 71, 8, 72, 11, 12, 15, 16, 17, 81, 82, 84, 28, 92, 93, 94, 95, 36, 49, 56, 57, 58, 62]"
9037.590346,-5541.000000,"[0, 78, 87, 45, 15, 93, 41, 69, 63, 65, 98, 10, 3, 36, 17, 88, 16, 90, 75, 6, 29, 25, 84, 7, 19, 34, 40, 76, 59, 91, 60, 50, 83, 95, 72, 39, 49, 46, 68, 92, 31, 38, 35, 97, 85, 80, 58, 56, 12, 54, 9, 27, 48, 30, 23, 64, 86, 74, 43, 77, 21, 22, 18, 44, 82, 79, 55, 24, 5, 53, 96, 99, 51, 37, 89, 14, 28, 2, 26, 61, 52, 62, 66, 57, 94, 11, 70, 32, 20, 73, 33, 47, 8, 67, 13, 71, 42, 1, 4, 81];[1, 81, 4, 70, 71, 8, 12, 13, 94]"
10749.077198,-16003.000000,"[0, 78, 87, 45, 15, 93, 41, 69, 63, 65, 98, 10, 3, 36, 17, 88, 16, 90, 75, 6, 29, 25, 84, 7, 19, 34, 40, 76, 59, 91, 60, 50, 83, 95, 72, 39, 49, 46, 68, 92, 31, 38, 35, 97, 85, 80, 58, 56, 12, 54, 9, 27, 48, 30, 23, 64, 86, 74, 43, 77, 21, 22, 18, 44, 82, 79, 55, 24, 5, 53, 96, 99, 51, 37, 89, 14, 28, 2, 26, 61, 52, 62, 66, 57, 94, 11, 70, 32, 20, 73, 33, 47, 8, 67, 13, 71, 42, 1, 4, 81];[1, 66, 67, 4, 68, 70, 71, 8, 72, 12, 13, 16, 81, 82, 84, 28, 92, 94, 95, 42, 47, 56, 57, 58, 62]"
10042.683739,-13919.000000,"[0, 78, 87, 45, 15, 93, 41, 69, 63, 65, 98, 10, 3, 36, 17, 88, 16, 90, 75, 6, 29, 25, 84, 7, 19, 34, 40, 76, 59, 91, 60, 50, 83, 95, 72, 39, 49, 46, 68, 92, 31, 38, 35, 97, 85, 80, 58, 56, 12, 54, 9, 27, 48, 30, 23, 64, 86, 74, 43, 77, 21, 22, 18, 44, 82, 79, 55, 24, 5, 53, 96, 99, 51, 37, 89, 14, 28, 2, 26, 61, 52, 62, 66, 57, 94, 11, 70, 32, 20, 73, 33, 47, 8, 67, 13, 71, 42, 1, 4, 81];[1, 66, 99, 4, 70, 71, 8, 72, 42, 12, 13, 47, 81, 82, 84, 56, 57, 58, 28, 92, 94]"
9834.745167,-12968.000000,"[0, 78, 87, 45, 15, 93, 41, 69, 63, 65, 98, 10, 3, 36, 17, 88, 16, 90, 75, 6, 29, 25, 84, 7, 19, 34, 40, 76, 59, 91, 60, 50, 83, 95, 72, 39, 49, 46, 68, 92, 31, 38, 35, 97, 85, 80, 58, 56, 12, 54, 9, 27, 48, 30, 23, 64, 86, 74, 43, 77, 21, 22, 18, 44, 82, 79, 55, 24, 5, 53, 96, 99, 51, 37, 89, 14, 28, 2, 26, 61, 52, 62, 66, 57, 94, 11, 70, 32, 20, 73, 33, 47, 8, 67, 13, 71, 42, 1, 4, 81];[1, 66, 4, 70, 71, 8, 42, 12, 13, 47, 16, 81, 82, 56, 57, 58, 28, 92, 94]"
13319.143995,-19701.000000,"[0, 33, 47, 89, 37, 43, 77, 74, 85, 79, 44, 82, 18, 22, 21, 8, 67, 86, 64, 13, 42, 71, 20, 2, 73, 14, 28, 51, 99, 96, 5, 53, 55, 24, 35, 97, 54, 12, 9, 56, 80, 58, 30, 23, 48, 60, 50, 27, 83, 38, 31, 68, 92, 46, 49, 39, 72, 95, 19, 7, 34, 91, 59, 76, 40, 84, 25, 29, 6, 75, 90, 16, 88, 17, 36, 3, 10, 98, 65, 63, 69, 41, 93, 1, 15, 45, 87, 4, 57, 94, 11, 70, 32, 61, 26, 52, 62, 66, 78, 81];[1, 65, 66, 4, 68, 69, 70, 71, 8, 72, 11, 12, 13, 15, 16, 17, 81, 82, 84, 28, 92, 93, 94, 36, 49, 56, 57, 58, 61, 62]"
10376.120476,-15134.000000,"[0, 78, 87, 45, 15, 93, 41, 69, 63, 65, 98, 10, 3, 36, 17, 88, 16, 90, 75, 6, 29, 25, 84, 7, 19, 34, 40, 76, 59, 91, 60, 50, 83, 95, 72, 39, 49, 46, 68, 92, 31, 38, 35, 97, 85, 80, 58, 56, 12, 54, 9, 27, 48, 30, 23, 64, 86, 74, 43, 77, 21, 22, 18, 44, 82, 79, 55, 24, 5, 53, 96, 99, 51, 37, 89, 14, 28, 2, 26, 61, 52, 62, 66, 57, 94, 11, 70, 32, 20, 73, 33, 47, 8, 67, 13, 71, 42, 1, 4, 81];[1, 66, 4, 68, 70, 71, 8, 72, 42, 11, 12, 13, 47, 16, 81, 82, 84, 56, 57, 58, 28, 92, 94]"
12375.270169,-18522.000000,"[0, 33, 47, 89, 37, 43, 77, 74, 85, 79, 44, 82, 18, 22, 21, 8, 67, 86, 64, 13, 42, 71, 20, 2, 73, 14, 28, 51, 99, 96, 5, 53, 55, 24, 35, 97, 54, 12, 9, 56, 80, 58, 30, 23, 48, 60, 50, 27, 83, 38, 31, 68, 92, 46, 49, 39, 72, 95, 19, 7, 34, 91, 59, 76, 40, 84, 25, 29, 6, 75, 90, 16, 88, 17, 36, 3, 10, 98, 65, 63, 69, 41, 93, 1, 15, 45, 87, 4, 57, 94, 11, 70, 32, 61, 26, 52, 62, 66, 78, 81];[1, 65, 66, 4, 68, 69, 70, 71, 8, 72, 12, 78, 15, 16, 17, 81, 82, 84, 28, 92, 93, 94, 95, 36, 49, 56, 57, 58, 62]"
11325.109580,-17013.000000,"[0, 78, 87, 45, 15, 93, 41, 69, 63, 65, 98, 10, 3, 36, 17, 88, 16, 90, 75, 6, 29, 25, 84, 7, 19, 34, 40, 76, 59, 91, 60, 50, 83, 95, 72, 39, 49, 46, 68, 92, 31, 38, 35, 97, 85, 80, 58, 56, 12, 54, 9, 27, 48, 30, 23, 64, 86, 74, 43, 77, 21, 22, 18, 44, 82, 79, 55, 24, 5, 53, 96, 99, 51, 37, 89, 14, 28, 2, 26, 61, 52, 62, 66, 57, 94, 11, 70, 32, 20, 73, 33, 47, 8, 67, 13, 71, 42, 1, 4, 81];[1, 66, 4, 68, 69, 70, 71, 8, 72, 12, 13, 16, 81, 18, 82, 84, 21, 28, 92, 94, 99, 42, 47, 56, 57, 58, 62]"
13412.785818,-19834.000000,"[0, 33, 47, 89, 37, 43, 77, 74, 85, 79, 44, 82, 18, 22, 21, 8, 67, 86, 64, 13, 42, 71, 20, 2, 73, 14, 28, 51, 99, 96, 5, 53, 55, 24, 35, 97, 54, 12, 9, 56, 80, 58, 30, 23, 48, 60, 50, 27, 83, 38, 31, 68, 92, 46, 49, 39, 72, 95, 19, 7, 34, 91, 59, 76, 40, 84, 25, 29, 6, 75, 90, 16, 88, 17, 36, 3, 10, 98, 65, 63, 69, 41, 93, 1, 15, 45, 87, 4, 57, 94, 11, 70, 32, 61, 26, 52, 62, 66, 78, 81];[1, 65, 66, 4, 68, 69, 70, 71, 8, 72, 11, 12, 13, 15, 16, 17, 81, 82, 84, 26, 28, 92, 94, 95, 36, 49, 56, 57, 58, 62]"
12793.377027,-19044.000000,"[0, 33, 47, 89, 37, 43, 77, 74, 85, 79, 44, 82, 18, 22, 21, 8, 67, 86, 64, 13, 42, 71, 20, 2, 73, 14, 28, 51, 99, 96, 5, 53, 55, 24, 35, 97, 54, 12, 9, 56, 80, 58, 30, 23, 48, 60, 50, 27, 83, 38, 31, 68, 92, 46, 49, 39, 72, 95, 19, 7, 34, 91, 59, 76, 40, 84, 25, 29, 6, 75, 90, 16, 88, 17, 36, 3, 10, 98, 65, 63, 69, 41, 93, 1, 15, 45, 87, 4, 57, 94, 11, 70, 32, 61, 26, 52, 62, 66, 78, 81];[1, 65, 66, 4, 68, 69, 70, 71, 8, 72, 12, 13, 15, 16, 17, 81, 82, 84, 28, 92, 93, 94, 95, 36, 49, 56, 57, 58, 62]"
12439.213813,-18687.000000,"[0, 33, 47, 89, 37, 43, 77, 74, 85, 79, 44, 82, 18, 22, 21, 8, 67, 86, 64, 13, 42, 71, 20, 2, 73, 14, 28, 51, 99, 96, 5, 53, 55, 24, 35, 97, 54, 12, 9, 56, 80, 58, 30, 23, 48, 60, 50, 27, 83, 38, 31, 68, 92, 46, 49, 39, 72, 95, 19, 7, 34, 91, 59, 76, 40, 84, 25, 29, 6, 75, 90, 16, 88, 17, 36, 3, 10, 98, 65, 63, 69, 41, 93, 1, 15, 45, 87, 4, 57, 94, 11, 70, 32, 61, 26, 52, 62, 66, 78, 81];[1, 65, 66, 4, 68, 69, 70, 71, 8, 72, 11, 12, 78, 15, 16, 17, 81, 82, 84, 28, 92, 94, 36, 49, 56, 57, 58, 62]"
11398.632101,-17202.000000,"[0, 78, 87, 45, 15, 93, 41, 69, 63, 65, 98, 10, 3, 36, 17, 88, 16, 90, 75, 6, 29, 25, 84, 7, 19, 34, 40, 76, 59, 91, 60, 50, 83, 95, 72, 39, 49, 46, 68, 92, 31, 38, 35, 97, 85, 80, 58, 56, 12, 54, 9, 27, 48, 30, 23, 64, 86, 74, 43, 77, 21, 22, 18, 44, 82, 79, 55, 24, 5, 53, 96, 99, 51, 37, 89, 14, 28, 2, 26, 61, 52, 62, 66, 57, 94, 11, 70, 32, 20, 73, 33, 47, 8, 67, 13, 71, 42, 1, 4, 81];[1, 66, 4, 68, 69, 70, 71, 8, 72, 11, 12, 13, 16, 81, 82, 84, 21, 28, 92, 94, 99, 42, 47, 56, 57, 58, 62]"
9783.047152,-12702.000000,"[0, 78, 87, 45, 15, 93, 41, 69, 63, 65, 98, 10, 3, 36, 17, 88, 16, 90, 75, 6, 29, 25, 84, 7, 19, 34, 40, 76, 59, 91, 60, 50, 83, 95, 72, 39, 49, 46, 68, 92, 31, 38, 35, 97, 85, 80, 58, 56, 12, 54, 9, 27, 48, 30, 23, 64, 86, 74, 43, 77, 21, 22, 18, 44, 82, 79, 55, 24, 5, 53, 96, 99, 51, 37, 89, 14, 28, 2, 26, 61, 52, 62, 66, 57, 94, 11, 70, 32, 20, 73, 33, 47, 8, 67, 13, 71, 42, 1, 4, 81];[1, 66, 4, 68, 70, 71, 8, 72, 42, 12, 13, 47, 81, 82, 56, 57, 58, 28, 94]"
9643.385981,-12044.000000,"[0, 78, 87, 45, 15, 93, 41, 69, 63, 65, 98, 10, 3, 36, 17, 88, 16, 90, 75, 6, 29, 25, 84, 7, 19, 34, 40, 76, 59, 91, 60, 50, 83, 95, 72, 39, 49, 46, 68, 92, 31, 38, 35, 97, 85, 80, 58, 56, 12, 54, 9, 27, 48, 30, 23, 64, 86, 74, 43, 77, 21, 22, 18, 44, 82, 79, 55, 24, 5, 53, 96, 99, 51, 37, 89, 14, 28, 2, 26, 61, 52, 62, 66, 57, 94, 11, 70, 32, 20, 73, 33, 47, 8, 67, 13, 71, 42, 1, 4, 81];[1, 66, 4, 70, 71, 8, 72, 42, 12, 13, 81, 82, 56, 57, 58, 28, 92, 94]"
11507.249926,-17281.000000,"[0, 78, 87, 45, 15, 93, 41, 69, 63, 65, 98, 10, 3, 36, 17, 88, 16, 90, 75, 6, 29, 25, 84, 7, 19, 34, 40, 76, 59, 91, 60, 50, 83, 95, 72, 39, 49, 46, 68, 92, 31, 38, 35, 97, 85, 80, 58, 56, 12, 54, 9, 27, 48, 30, 23, 64, 86, 74, 43, 77, 21, 22, 18, 44, 82, 79, 55, 24, 5, 53, 96, 99, 51, 37, 89, 14, 28, 2, 26, 61, 52, 62, 66, 57, 94, 11, 70, 32, 20, 73, 33, 47, 8, 67, 13, 71, 42, 1, 4, 81];[1, 66, 67, 4, 68, 69, 70, 71, 8, 72, 12, 13, 16, 81, 18, 82, 84, 21, 28, 92, 94, 42, 47, 56, 57, 58, 62]"
9860.293313,-13149.000000,"[0, 78, 87, 45, 15, 93, 41, 69, 63, 65, 98, 10, 3, 36, 17, 88, 16, 90, 75, 6, 29, 25, 84, 7, 19, 34, 40, 76, 59, 91, 60, 50, 83, 95, 72, 39, 49, 46, 68, 92, 31, 38, 35, 97, 85, 80, 58, 56, 12, 54, 9, 27, 48, 30, 23, 64, 86, 74, 43, 77, 21, 22, 18, 44, 82, 79, 55, 24, 5, 53, 96, 99, 51, 37, 89, 14, 28, 2, 26, 61, 52, 62, 66, 57, 94, 11, 70, 32, 20, 73, 33, 47, 8, 67, 13, 71, 42, 1, 4, 81];[1, 66, 99, 4, 70, 71, 8, 72, 42, 12, 13, 47, 81, 82, 56, 57, 58, 28, 92, 94]"
9734.632661,-12586.000000,"[0, 78, 87, 45, 15, 93, 41, 69, 63, 65, 98, 10, 3, 36, 17, 88, 16, 90, 75, 6, 29, 25, 84, 7, 19, 34, 40, 76, 59, 91, 60, 50, 83, 95, 72, 39, 49, 46, 68, 92, 31, 38, 35, 97, 85, 80, 58, 56, 12, 54, 9, 27, 48, 30, 23, 64, 86, 74, 43, 77, 21, 22, 18, 44, 82, 79, 55, 24, 5, 53, 96, 99, 51, 37, 89, 14, 28, 2, 26, 61, 52, 62, 66, 57, 94, 11, 70, 32, 20, 73, 33, 47, 8, 67, 13, 71, 42, 1, 4, 81];[1, 66, 4, 70, 71, 8, 42, 12, 13, 47, 81, 82, 56, 57, 58, 28, 92, 94]"
12228.300463,-18235.000000,"[0, 33, 47, 89, 37, 43, 77, 74, 85, 79, 44, 82, 18, 22, 21, 8, 67, 86, 64, 13, 42, 71, 20, 2, 73, 14, 28, 51, 99, 96, 5, 53, 55, 24, 35, 97, 54, 12, 9, 56, 80, 58, 30, 23, 48, 60, 50, 27, 83, 38, 31, 68, 92, 46, 49, 39, 72, 95, 19, 7, 34, 91, 59, 76, 40, 84, 25, 29, 6, 75, 90, 16, 88, 17, 36, 3, 10, 98, 65, 63, 69, 41, 93, 1, 15, 45, 87, 4, 57, 94, 11, 70, 32, 61, 26, 52, 62, 66, 78, 81];[1, 65, 66, 4, 68, 69, 70, 71, 8, 72, 12, 15, 16, 17, 81, 82, 84, 28, 92, 93, 94, 95, 36, 49, 56, 57, 58, 62]"
10318.532439,-14937.000000,"[0, 78, 87, 45, 15, 93, 41, 69, 63, 65, 98, 10, 3, 36, 17, 88, 16, 90, 75, 6, 29, 25, 84, 7, 19, 34, 40, 76, 59, 91, 60, 50, 83, 95, 72, 39, 49, 46, 68, 92, 31, 38, 35, 97, 85, 80, 58, 56, 12, 54, 9, 27, 48, 30, 23, 64, 86, 74, 43, 77, 21, 22, 18, 44, 82, 79, 55, 24, 5, 53, 96, 99, 51, 37, 89, 14, 28, 2, 26, 61, 52, 62, 66, 57, 94, 11, 70, 32, 20, 73, 33, 47, 8, 67, 13, 71, 42, 1, 4, 81];[1, 66, 99, 4, 68, 70, 71, 8, 72, 73, 42, 12, 13, 47, 81, 82, 84, 56, 57, 58, 28, 92, 94]"
11996.353636,-17824.000000,"[0, 33, 47, 89, 37, 43, 77, 74, 85, 79, 44, 82, 18, 22, 21, 8, 67, 86, 64, 13, 42, 71, 20, 2, 73, 14, 28, 51, 99, 96, 5, 53, 55, 24, 35, 97, 54, 12, 9, 56, 80, 58, 30, 23, 48, 60, 50, 27, 83, 38, 31, 68, 92, 46, 49, 39, 72, 95, 19, 7, 34, 91, 59, 76, 40, 84, 25, 29, 6, 75, 90, 16, 88, 17, 36, 3, 10, 98, 65, 63, 69, 41, 93, 1, 15, 45, 87, 4, 57, 94, 11, 70, 32, 61, 26, 52, 62, 66, 78, 81];[1, 65, 66, 4, 68, 69, 70, 71, 8, 72, 12, 15, 16, 17, 81, 82, 84, 28, 92, 94, 36, 49, 56, 57, 58, 62]"
11584.486463,-17447.000000,"[0, 78, 87, 45, 15, 93, 41, 69, 63, 65, 98, 10, 3, 36, 17, 88, 16, 90, 75, 6, 29, 25, 84, 7, 19, 34, 40, 76, 59, 91, 60, 50, 83, 95, 72, 39, 49, 46, 68, 92, 31, 38, 35, 97, 85, 80, 58, 56, 12, 54, 9, 27, 48, 30, 23, 64, 86, 74, 43, 77, 21, 22, 18, 44, 82, 79, 55, 24, 5, 53, 96, 99, 51, 37, 89, 14, 28, 2, 26, 61, 52, 62, 66, 57, 94, 11, 70, 32, 20, 73, 33, 47, 8, 67, 13, 71, 42, 1, 4, 81];[1, 66, 67, 4, 68, 69, 70, 71, 8, 72, 11, 12, 13, 16, 81, 82, 84, 28, 92, 94, 42, 47, 56, 57, 58, 62]"
12260.546853,-18400.000000,"[0, 33, 47, 89, 37, 43, 77, 74, 85, 79, 44, 82, 18, 22, 21, 8, 67, 86, 64, 13, 42, 71, 20, 2, 73, 14, 28, 51, 99, 96, 5, 53, 55, 24, 35, 97, 54, 12, 9, 56, 80, 58, 30, 23, 48, 60, 50, 27, 83, 38, 31, 68, 92, 46, 49, 39, 72, 95, 19, 7, 34, 91, 59, 76, 40, 84, 25, 29, 6, 75, 90, 16, 88, 17, 36, 3, 10, 98, 65, 63, 69, 41, 93, 1, 15, 45, 87, 4, 57, 94, 11, 70, 32, 61, 26, 52, 62, 66, 78, 81];[1, 65, 66, 4, 68, 69, 70, 71, 8, 72, 11, 12, 15, 16, 17, 81, 82, 84, 28, 92, 94, 36, 49, 56, 57, 58, 62]"
13576.569820,-20046.000000,"[0, 33, 47, 89, 37, 43, 77, 74, 85, 79, 44, 82, 18, 22, 21, 8, 67, 86, 64, 13, 42, 71, 20, 2, 73, 14, 28, 51, 99, 96, 5, 53, 55, 24, 35, 97, 54, 12, 9, 56, 80, 58, 30, 23, 48, 60, 50, 27, 83, 38, 31, 68, 92, 46, 49, 39, 72, 95, 19, 7, 34, 91, 59, 76, 40, 84, 25, 29, 6, 75, 90, 16, 88, 17, 36, 3, 10, 98, 65, 63, 69, 41, 93, 1, 15, 45, 87, 4, 57, 94, 11, 70, 32, 61, 26, 52, 62, 66, 78, 81];[1, 65, 66, 4, 68, 69, 70, 71, 8, 72, 11, 12, 13, 15, 16, 17, 81, 82, 84, 28, 92, 94, 31, 95, 36, 49, 56, 57, 58, 62]"
14413.773036,-20722.000000,"[0, 33, 47, 89, 37, 43, 77, 74, 85, 79, 44, 82, 18, 22, 21, 8, 67, 86, 64, 13, 42, 71, 20, 2, 73, 14, 28, 51, 99, 96, 5, 53, 55, 24, 35, 97, 54, 12, 9, 56, 80, 58, 30, 23, 48, 60, 50, 27, 83, 38, 31, 68, 92, 46, 49, 39, 72, 95, 19, 7, 34, 91, 59, 76, 40, 84, 25, 29, 6, 75, 90, 16, 88, 17, 36, 3, 10, 98, 65, 63, 69, 41, 93, 1, 15, 45, 87, 4, 57, 94, 11, 70, 32, 61, 26, 52, 62, 66, 78, 81];[1, 65, 66, 4, 68, 69, 70, 71, 8, 72, 11, 12, 13, 15, 16, 17, 81, 82, 84, 28, 92, 94, 31, 34, 99, 36, 49, 56, 57, 58, 62]"
10229.228926,-14660.000000,"[0, 78, 87, 45, 15, 93, 41, 69, 63, 65, 98, 10, 3, 36, 17, 88, 16, 90, 75, 6, 29, 25, 84, 7, 19, 34, 40, 76, 59, 91, 60, 50, 83, 95, 72, 39, 49, 46, 68, 92, 31, 38, 35, 97, 85, 80, 58, 56, 12, 54, 9, 27, 48, 30, 23, 64, 86, 74, 43, 77, 21, 22, 18, 44, 82, 79, 55, 24, 5, 53, 96, 99, 51, 37, 89, 14, 28, 2, 26, 61, 52, 62, 66, 57, 94, 11, 70, 32, 20, 73, 33, 47, 8, 67, 13, 71, 42, 1, 4, 81];[1, 66, 4, 68, 70, 71, 8, 72, 73, 42, 12, 13, 47, 81, 82, 84, 56, 57, 58, 28, 92, 94]"
13088.489699,-19496.000000,"[0, 33, 47, 89, 37, 43, 77, 74, 85, 79, 44, 82, 18, 22, 21, 8, 67, 86, 64, 13, 42, 71, 20, 2, 73, 14, 28, 51, 99, 96, 5, 53, 55, 24, 35, 97, 54, 12, 9, 56, 80, 58, 30, 23, 48, 60, 50, 27, 83, 38, 31, 68, 92, 46, 49, 39, 72, 95, 19, 7, 34, 91, 59, 76, 40, 84, 25, 29, 6, 75, 90, 16, 88, 17, 36, 3, 10, 98, 65, 63, 69, 41, 93, 1, 15, 45, 87, 4, 57, 94, 11, 70, 32, 61, 26, 52, 62, 66, 78, 81];[1, 65, 66, 4, 68, 69, 70, 71, 8, 72, 11, 12, 13, 78, 15, 16, 17, 81, 82, 84, 28, 92, 94, 36, 49, 56, 57, 58, 62]"
11091.686265,-16621.000000,"[0, 78, 87, 45, 15, 93, 41, 69, 63, 65, 98, 10, 3, 36, 17, 88, 16, 90, 75, 6, 29, 25, 84, 7, 19, 34, 40, 76, 59, 91, 60, 50, 83, 95, 72, 39, 49, 46, 68, 92, 31, 38, 35, 97, 85, 80, 58, 56, 12, 54, 9, 27, 48, 30, 23, 64, 86, 74, 43, 77, 21, 22, 18, 44, 82, 79, 55, 24, 5, 53, 96, 99, 51, 37, 89, 14, 28, 2, 26, 61, 52, 62, 66, 57, 94, 11, 70, 32, 20, 73, 33, 47, 8, 67, 13, 71, 42, 1, 4, 81];[1, 66, 67, 4, 68, 70, 71, 8, 72, 12, 13, 16, 81, 18, 82, 84, 21, 28, 92, 94, 99, 42, 47, 56, 57, 58, 62]"
11157.092698,-16787.000000,"[0, 78, 87, 45, 15, 93, 41, 69, 63, 65, 98, 10, 3, 36, 17, 88, 16, 90, 75, 6, 29, 25, 84, 7, 19, 34, 40, 76, 59, 91, 60, 50, 83, 95, 72, 39, 49, 46, 68, 92, 31, 38, 35, 97, 85, 80, 58, 56, 12, 54, 9, 27, 48, 30, 23, 64, 86, 74, 43, 77, 21, 22, 18, 44, 82, 79, 55, 24, 5, 53, 96, 99, 51, 37, 89, 14, 28, 2, 26, 61, 52, 62, 66, 57, 94, 11, 70, 32, 20, 73, 33, 47, 8, 67, 13, 71, 42, 1, 4, 81];[1, 66, 67, 4, 68, 70, 71, 8, 72, 11, 12, 13, 16, 81, 82, 84, 28, 92, 94, 99, 42, 47, 56, 57, 58, 62]"
11228.527957,-16902.000000,"[0, 78, 87, 45, 15, 93, 41, 69, 63, 65, 98, 10, 3, 36, 17, 88, 16, 90, 75, 6, 29, 25, 84, 7, 19, 34, 40, 76, 59, 91, 60, 50, 83, 95, 72, 39, 49, 46, 68, 92, 31, 38, 35, 97, 85, 80, 58, 56, 12, 54, 9, 27, 48, 30, 23, 64, 86, 74, 43, 77, 21, 22, 18, 44, 82, 79, 55, 24, 5, 53, 96, 99, 51, 37, 89, 14, 28, 2, 26, 61, 52, 62, 66, 57, 94, 11, 70, 32, 20, 73, 33, 47, 8, 67, 13, 71, 42, 1, 4, 81];[1, 66, 4, 68, 69, 70, 71, 8, 72, 11, 12, 13, 16, 81, 82, 84, 28, 92, 94, 42, 47, 56, 57, 58, 62]"
11013.710301,-16510.000000,"[0, 78, 87, 45, 15, 93, 41, 69, 63, 65, 98, 10, 3, 36, 17, 88, 16, 90, 75, 6, 29, 25, 84, 7, 19, 34, 40, 76, 59, 91, 60, 50, 83, 95, 72, 39, 49, 46, 68, 92, 31, 38, 35, 97, 85, 80, 58, 56, 12, 54, 9, 27, 48, 30, 23, 64, 86, 74, 43, 77, 21, 22, 18, 44, 82, 79, 55, 24, 5, 53, 96, 99, 51, 37, 89, 14, 28, 2, 26, 61, 52, 62, 66, 57, 94, 11, 70, 32, 20, 73, 33, 47, 8, 67, 13, 71, 42, 1, 4, 81];[1, 66, 67, 4, 68, 70, 71, 8, 72, 11, 12, 13, 16, 81, 82, 84, 28, 92, 94, 42, 47, 56, 57, 58, 62]"
9965.412405,-13642.000000,"[0, 78, 87, 45, 15, 93, 41, 69, 63, 65, 98, 10, 3, 36, 17, 88, 16, 90, 75, 6, 29, 25, 84, 7, 19, 34, 40, 76, 59, 91, 60, 50, 83, 95, 72, 39, 49, 46, 68, 92, 31, 38, 35, 97, 85, 80, 58, 56, 12, 54, 9, 27, 48, 30, 23, 64, 86, 74, 43, 77, 21, 22, 18, 44, 82, 79, 55, 24, 5, 53, 96, 99, 51, 37, 89, 14, 28, 2, 26, 61, 52, 62, 66, 57, 94, 11, 70, 32, 20, 73, 33, 47, 8, 67, 13, 71, 42, 1, 4, 81];[1, 66, 4, 70, 71, 8, 72, 42, 12, 13, 47, 81, 82, 84, 56, 57, 58, 28, 92, 94]"
9014.789922,-4732.000000,"[0, 78, 87, 45, 15, 93, 41, 69, 63, 65, 98, 10, 3, 36, 17, 88, 16, 90, 75, 6, 29, 25, 84, 7, 19, 34, 40, 76, 59, 91, 60, 50, 83, 95, 72, 39, 49, 46, 68, 92, 31, 38, 35, 97, 85, 80, 58, 56, 12, 54, 9, 27, 48, 30, 23, 64, 86, 74, 43, 77, 21, 22, 18, 44, 82, 79, 55, 24, 5, 53, 96, 99, 51, 37, 89, 14, 28, 2, 26, 61, 52, 62, 66, 57, 94, 11, 70, 32, 20, 73, 33, 47, 8, 67, 13, 71, 42, 1, 4, 81];[1, 81, 4, 70, 71, 8, 12, 94]"
9040.425452,-5878.000000,"[0, 78, 87, 45, 15, 93, 41, 69, 63, 65, 98, 10, 3, 36, 17, 88, 16, 90, 75, 6, 29, 25, 84, 7, 19, 34, 40, 76, 59, 91, 60, 50, 83, 95, 72, 39, 49, 46, 68, 92, 31, 38, 35, 97, 85, 80, 58, 56, 12, 54, 9, 27, 48, 30, 23, 64, 86, 74, 43, 77, 21, 22, 18, 44, 82, 79, 55, 24, 5, 53, 96, 99, 51, 37, 89, 14, 28, 2, 26, 61, 52, 62, 66, 57, 94, 11, 70, 32, 20, 73, 33, 47, 8, 67, 13, 71, 42, 1, 4, 81];[1, 81, 4, 70, 71, 8, 12, 28, 13]"
12041.438397,-17893.000000,"[0, 33, 47, 89, 37, 43, 77, 74, 85, 79, 44, 82, 18, 22, 21, 8, 67, 86, 64, 13, 42, 71, 20, 2, 73, 14, 28, 51, 99, 96, 5, 53, 55, 24, 35, 97, 54, 12, 9, 56, 80, 58, 30, 23, 48, 60, 50, 27, 83, 38, 31, 68, 92, 46, 49, 39, 72, 95, 19, 7, 34, 91, 59, 76, 40, 84, 25, 29, 6, 75, 90, 16, 88, 17, 36, 3, 10, 98, 65, 63, 69, 41, 93, 1, 15, 45, 87, 4, 57, 94, 11, 70, 32, 61, 26, 52, 62, 66, 78, 81];[1, 65, 66, 4, 68, 69, 70, 71, 8, 72, 12, 15, 16, 17, 81, 82, 84, 28, 92, 94, 95, 36, 49, 56, 57, 58, 62]"
13499.835072,-19977.000000,"[0, 33, 47, 89, 37, 43, 77, 74, 85, 79, 44, 82, 18, 22, 21, 8, 67, 86, 64, 13, 42, 71, 20, 2, 73, 14, 28, 51, 99, 96, 5, 53, 55, 24, 35, 97, 54, 12, 9, 56, 80, 58, 30, 23, 48, 60, 50, 27, 83, 38, 31, 68, 92, 46, 49, 39, 72, 95, 19, 7, 34, 91, 59, 76, 40, 84, 25, 29, 6, 75, 90, 16, 88, 17, 36, 3, 10, 98, 65, 63, 69, 41, 93, 1, 15, 45, 87, 4, 57, 94, 11, 70, 32, 61, 26, 52, 62, 66, 78, 81];[1, 65, 66, 4, 68, 69, 70, 71, 8, 72, 11, 12, 13, 15, 16, 17, 81, 82, 84, 28, 92, 94, 31, 36, 49, 56, 57, 58, 62]"
15305.988010,-21177.000000,"[0, 33, 47, 89, 37, 43, 77, 74, 85, 79, 44, 82, 18, 22, 21, 8, 67, 86, 64, 13, 42, 71, 20, 2, 73, 14, 28, 51, 99, 96, 5, 53, 55, 24, 35, 97, 54, 12, 9, 56, 80, 58, 30, 23, 48, 60, 50, 27, 83, 38, 31, 68, 92, 46, 49, 39, 72, 95, 19, 7, 34, 91, 59, 76, 40, 84, 25, 29, 6, 75, 90, 16, 88, 17, 36, 3, 10, 98, 65, 63, 69, 41, 93, 1, 15, 45, 87, 4, 57, 94, 11, 70, 32, 61, 26, 52, 62, 66, 78, 81];[1, 65, 66, 4, 68, 69, 70, 71, 8, 72, 12, 13, 15, 16, 17, 81, 82, 84, 28, 92, 93, 94, 31, 34, 35, 36, 49, 51, 56, 57, 58, 62]"
10661.704484,-15729.000000,"[0, 78, 87, 45, 15, 93, 41, 69, 63, 65, 98, 10, 3, 36, 17, 88, 16, 90, 75, 6, 29, 25, 84, 7, 19, 34, 40, 76, 59, 91, 60, 50, 83, 95, 72, 39, 49, 46, 68, 92, 31, 38, 35, 97, 85, 80, 58, 56, 12, 54, 9, 27, 48, 30, 23, 64, 86, 74, 43, 77, 21, 22, 18, 44, 82, 79, 55, 24, 5, 53, 96, 99, 51, 37, 89, 14, 28, 2, 26, 61, 52, 62, 66, 57, 94, 11, 70, 32, 20, 73, 33, 47, 8, 67, 13, 71, 42, 1, 4, 81];[1, 66, 4, 68, 70, 71, 8, 72, 73, 12, 13, 16, 81, 18, 82, 84, 21, 28, 92, 94, 99, 42, 47, 56, 57, 58]"
14698.411688,-20875.000000,"[0, 33, 47, 89, 37, 43, 77, 74, 85, 79, 44, 82, 18, 22, 21, 8, 67, 86, 64, 13, 42, 71, 20, 2, 73, 14, 28, 51, 99, 96, 5, 53, 55, 24, 35, 97, 54, 12, 9, 56, 80, 58, 30, 23, 48, 60, 50, 27, 83, 38, 31, 68, 92, 46, 49, 39, 72, 95, 19, 7, 34, 91, 59, 76, 40, 84, 25, 29, 6, 75, 90, 16, 88, 17, 36, 3, 10, 98, 65, 63, 69, 41, 93, 1, 15, 45, 87, 4, 57, 94, 11, 70, 32, 61, 26, 52, 62, 66, 78, 81];[1, 65, 66, 4, 68, 69, 70, 71, 8, 72, 11, 12, 13, 15, 16, 17, 81, 82, 84, 28, 92, 94, 31, 34, 36, 49, 51, 56, 57, 58, 62]"
14585.161403,-20856.000000,"[0, 33, 47, 89, 37, 43, 77, 74, 85, 79, 44, 82, 18, 22, 21, 8, 67, 86, 64, 13, 42, 71, 20, 2, 73, 14, 28, 51, 99, 96, 5, 53, 55, 24, 35, 97, 54, 12, 9, 56, 80, 58, 30, 23, 48, 60, 50, 27, 83, 38, 31, 68, 92, 46, 49, 39, 72, 95, 19, 7, 34, 91, 59, 76, 40, 84, 25, 29, 6, 75, 90, 16, 88, 17, 36, 3, 10, 98, 65, 63, 69, 41, 93, 1, 15, 45, 87, 4, 57, 94, 11, 70, 32, 61, 26, 52, 62, 66, 78, 81];[1, 65, 66, 4, 68, 69, 70, 71, 8, 72, 11, 12, 13, 15, 16, 17, 81, 82, 84, 28, 92, 93, 94, 31, 95, 34, 36, 49, 56, 57, 58, 62]"
10307.053754,-14724.000000,"[0, 78, 87, 45, 15, 93, 41, 69, 63, 65, 98, 10, 3, 36, 17, 88, 16, 90, 75, 6, 29, 25, 84, 7, 19, 34, 40, 76, 59, 91, 60, 50, 83, 95, 72, 39, 49, 46, 68, 92, 31, 38, 35, 97, 85, 80, 58, 56, 12, 54, 9, 27, 48, 30, 23, 64, 86, 74, 43, 77, 21, 22, 18, 44, 82, 79, 55, 24, 5, 53, 96, 99, 51, 37, 89, 14, 28, 2, 26, 61, 52, 62, 66, 57, 94, 11, 70, 32, 20, 73, 33, 47, 8, 67, 13, 71, 42, 1, 4, 81];[1, 66, 67, 4, 68, 70, 71, 8, 72, 42, 12, 13, 81, 82, 84, 56, 57, 58, 28, 92, 62, 94]"
10679.596969,-15829.000000,"[0, 78, 87, 45, 15, 93, 41, 69, 63, 65, 98, 10, 3, 36, 17, 88, 16, 90, 75, 6, 29, 25, 84, 7, 19, 34, 40, 76, 59, 91, 60, 50, 83, 95, 72, 39, 49, 46, 68, 92, 31, 38, 35, 97, 85, 80, 58, 56, 12, 54, 9, 27, 48, 30, 23, 64, 86, 74, 43, 77, 21, 22, 18, 44, 82, 79, 55, 24, 5, 53, 96, 99, 51, 37, 89, 14, 28, 2, 26, 61, 52, 62, 66, 57, 94, 11, 70, 32, 20, 73, 33, 47, 8, 67, 13, 71, 42, 1, 4, 81];[1, 66, 67, 99, 4, 68, 70, 71, 8, 72, 42, 12, 13, 47, 81, 82, 84, 56, 57, 58, 28, 92, 62, 94]"
14472.419481,-20787.000000,"[0, 33, 47, 89, 37, 43, 77, 74, 85, 79, 44, 82, 18, 22, 21, 8, 67, 86, 64, 13, 42, 71, 20, 2, 73, 14, 28, 51, 99, 96, 5, 53, 55, 24, 35, 97, 54, 12, 9, 56, 80, 58, 30, 23, 48, 60, 50, 27, 83, 38, 31, 68, 92, 46, 49, 39, 72, 95, 19, 7, 34, 91, 59, 76, 40, 84, 25, 29, 6, 75, 90, 16, 88, 17, 36, 3, 10, 98, 65, 63, 69, 41, 93, 1, 15, 45, 87, 4, 57, 94, 11, 70, 32, 61, 26, 52, 62, 66, 78, 81];[1, 65, 66, 4, 68, 69, 70, 71, 8, 72, 11, 12, 13, 15, 16, 17, 81, 82, 84, 28, 92, 93, 94, 31, 34, 36, 49, 56, 57, 58, 62]"
10006.998551,-13711.000000,"[0, 78, 87, 45, 15, 93, 41, 69, 63, 65, 98, 10, 3, 36, 17, 88, 16, 90, 75, 6, 29, 25, 84, 7, 19, 34, 40, 76, 59, 91, 60, 50, 83, 95, 72, 39, 49, 46, 68, 92, 31, 38, 35, 97, 85, 80, 58, 56, 12, 54, 9, 27, 48, 30, 23, 64, 86, 74, 43, 77, 21, 22, 18, 44, 82, 79, 55, 24, 5, 53, 96, 99, 51, 37, 89, 14, 28, 2, 26, 61, 52, 62, 66, 57, 94, 11, 70, 32, 20, 73, 33, 47, 8, 67, 13, 71, 42, 1, 4, 81];[1, 66, 4, 70, 71, 8, 72, 42, 12, 13, 47, 81, 82, 84, 56, 57, 58, 28, 92, 94, 95]"
9571.415498,-11345.000000,"[0, 78, 87, 45, 15, 93, 41, 69, 63, 65, 98, 10, 3, 36, 17, 88, 16, 90, 75, 6, 29, 25, 84, 7, 19, 34, 40, 76, 59, 91, 60, 50, 83, 95, 72, 39, 49, 46, 68, 92, 31, 38, 35, 97, 85, 80, 58, 56, 12, 54, 9, 27, 48, 30, 23, 64, 86, 74, 43, 77, 21, 22, 18, 44, 82, 79, 55, 24, 5, 53, 96, 99, 51, 37, 89, 14, 28, 2, 26, 61, 52, 62, 66, 57, 94, 11, 70, 32, 20, 73, 33, 47, 8, 67, 13, 71, 42, 1, 4, 81];[1, 66, 99, 4, 70, 71, 8, 72, 42, 12, 13, 81, 56, 57, 58, 28, 92, 94]"
13185.455446,-19620.000000,"[0, 33, 47, 89, 37, 43, 77, 74, 85, 79, 44, 82, 18, 22, 21, 8, 67, 86, 64, 13, 42, 71, 20, 2, 73, 14, 28, 51, 99, 96, 5, 53, 55, 24, 35, 97, 54, 12, 9, 56, 80, 58, 30, 23, 48, 60, 50, 27, 83, 38, 31, 68, 92, 46, 49, 39, 72, 95, 19, 7, 34, 91, 59, 76, 40, 84, 25, 29, 6, 75, 90, 16, 88, 17, 36, 3, 10, 98, 65, 63, 69, 41, 93, 1, 15, 45, 87, 4, 57, 94, 11, 70, 32, 61, 26, 52, 62, 66, 78, 81];[1, 65, 66, 4, 68, 69, 70, 71, 8, 72, 11, 12, 13, 15, 16, 17, 81, 82, 84, 28, 92, 93, 94, 95, 36, 49, 56, 57, 58, 62]"
