8979.053427,-10213.000000,"[0, 57, 66, 52, 62, 94, 11, 32, 70, 61, 26, 2, 73, 20, 33, 14, 28, 89, 51, 99, 96, 53, 5, 55, 24, 35, 54, 38, 31, 92, 46, 68, 49, 39, 72, 95, 19, 34, 7, 59, 76, 40, 84, 25, 29, 6, 75, 90, 16, 17, 36, 10, 3, 88, 98, 65, 63, 69, 41, 91, 23, 30, 48, 60, 50, 27, 83, 9, 12, 56, 58, 80, 97, 85, 82, 44, 18, 22, 79, 21, 37, 43, 77, 74, 47, 8, 86, 64, 13, 67, 71, 42, 93, 1, 4, 15, 45, 87, 81, 78];[1, 4, 68, 70, 71, 8, 42, 12, 13, 15, 81, 82, 21, 87, 56, 58, 93]"
20124.140764,-45384.000000,"[0, 57, 66, 52, 62, 94, 11, 32, 70, 61, 26, 2, 73, 20, 33, 14, 28, 89, 51, 99, 96, 53, 5, 55, 24, 35, 54, 38, 31, 92, 46, 68, 49, 39, 72, 95, 19, 34, 7, 59, 76, 40, 84, 25, 29, 6, 75, 90, 16, 17, 36, 10, 3, 88, 98, 65, 63, 69, 41, 91, 23, 30, 48, 60, 50, 27, 83, 9, 12, 56, 58, 80, 97, 85, 82, 44, 18, 22, 79, 21, 37, 43, 77, 74, 47, 8, 86, 64, 13, 67, 71, 42, 93, 1, 4, 15, 45, 87, 81, 78];[0, 1, 2, 3, 4, 8, 9, 10, 11, 12, 13, 15, 16, 17, 18, 19, 20, 21, 22, 23, 24, 26, 27, 28, 31, 32, 34, 35, 36, 37, 39, 40, 41, 42, 43, 44, 47, 48, 49, 50, 51, 54, 55, 56, 57, 58, 59, 60, 61, 62, 63, 64, 65, 66, 67, 68, 69, 70, 71, 72, 73, 74, 76, 77, 78, 79, 80, 81, 82, 84, 85, 86, 87, 90, 91, 92, 93, 94, 95, 96, 97, 98, 99]"
12705.052638,-38306.000000,"[0, 57, 66, 52, 62, 94, 11, 32, 70, 61, 26, 2, 73, 20, 33, 14, 28, 89, 51, 99, 96, 53, 5, 55, 24, 35, 54, 38, 31, 92, 46, 68, 49, 39, 72, 95, 19, 34, 7, 76, 59, 40, 84, 25, 29, 6, 75, 90, 16, 17, 36, 10, 3, 88, 98, 65, 63, 69, 41, 91, 23, 30, 48, 60, 50, 27, 83, 9, 12, 56, 58, 80, 97, 85, 82, 44, 18, 22, 79, 21, 37, 43, 77, 74, 47, 8, 86, 64, 13, 67, 71, 42, 93, 1, 4, 15, 45, 87, 81, 78];[1, 4, 8, 9, 12, 13, 15, 16, 17, 18, 21, 22, 23, 24, 28, 31, 34, 35, 36, 37, 40, 41, 42, 43, 44, 45, 47, 48, 49, 50, 51, 54, 56, 57, 58, 59, 60, 62, 64, 65, 66, 67, 68, 69, 70, 71, 72, 74, 76, 77, 78, 79, 81, 82, 84, 85, 86, 87, 91, 92, 93, 94, 95, 96, 97, 98, 99]"
9117.230585,-14415.000000,"[0, 57, 66, 52, 62, 94, 11, 32, 70, 61, 26, 2, 73, 20, 33, 14, 28, 89, 51, 99, 96, 53, 5, 55, 24, 35, 54, 38, 31, 92, 46, 68, 49, 39, 72, 95, 19, 34, 7, 76, 59, 40, 84, 25, 29, 6, 75, 90, 16, 17, 36, 10, 3, 88, 98, 65, 63, 69, 41, 91, 23, 30, 48, 60, 50, 27, 83, 9, 12, 56, 58, 80, 97, 85, 82, 44, 18, 22, 79, 21, 37, 43, 77, 74, 47, 8, 86, 64, 13, 67, 71, 42, 93, 1, 4, 15, 45, 87, 81, 78];[1, 4, 68, 70, 71, 8, 72, 42, 74, 12, 13, 78, 15, 47, 16, 81, 18, 82, 84, 21, 87, 56, 58, 28]"
15615.798367,-42960.000000,"[0, 57, 66, 52, 62, 94, 11, 32, 70, 61, 26, 2, 73, 20, 33, 14, 28, 89, 51, 99, 96, 53, 5, 55, 24, 35, 54, 38, 31, 92, 46, 68, 49, 39, 72, 95, 19, 34, 7, 59, 76, 40, 84, 25, 29, 6, 75, 90, 16, 17, 36, 10, 3, 88, 98, 65, 63, 69, 41, 91, 23, 30, 48, 60, 50, 27, 83, 9, 12, 56, 58, 80, 97, 85, 82, 44, 18, 22, 79, 21, 37, 43, 77, 74, 47, 8, 86, 64, 13, 67, 71, 42, 93, 1, 4, 15, 45, 87, 81, 78];[0, 1, 2, 3, 4, 8, 9, 10, 11, 12, 13, 15, 16, 17, 18, 19, 20, 21, 22, 23, 24, 26, 28, 31, 34, 35, 36, 37, 40, 41, 42, 43, 44, 45, 47, 48, 49, 50, 51, 54, 56, 57, 58, 59, 60, 62, 64, 65, 66, 67, 68, 69, 70, 71, 72, 74, 76, 77, 78, 79, 80, 81, 82, 84, 85, 86, 87, 91, 92, 93, 94, 95, 97, 98, 99]"
9215.370229,-16973.000000,"[0, 57, 66, 52, 62, 94, 11, 32, 70, 61, 26, 2, 73, 20, 33, 14, 28, 89, 51, 99, 96, 53, 5, 55, 24, 35, 54, 38, 31, 92, 46, 68, 49, 39, 72, 95, 19, 34, 7, 76, 59, 40, 84, 25, 29, 6, 75, 90, 16, 17, 36, 10, 3, 88, 98, 65, 63, 69, 41, 91, 23, 30, 48, 60, 50, 27, 83, 9, 12, 56, 58, 80, 97, 85, 82, 44, 18, 22, 79, 21, 37, 43, 77, 74, 47, 8, 86, 64, 13, 67, 71, 42, 93, 1, 4, 15, 45, 87, 81, 78];[64, 1, 4, 68, 70, 71, 8, 72, 74, 12, 13, 78, 15, 16, 81, 18, 82, 84, 21, 87, 28, 92, 93, 42, 47, 56, 57, 58]"
14397.224040,-41655.000000,"[0, 57, 66, 52, 62, 94, 11, 32, 70, 61, 26, 2, 73, 20, 33, 14, 28, 89, 51, 99, 96, 53, 5, 55, 24, 35, 54, 38, 31, 92, 46, 68, 49, 39, 72, 95, 19, 34, 7, 59, 76, 40, 84, 25, 29, 6, 75, 90, 16, 17, 36, 10, 3, 88, 98, 65, 63, 69, 41, 91, 23, 30, 48, 60, 50, 27, 83, 9, 12, 56, 58, 80, 97, 85, 82, 44, 18, 22, 79, 21, 37, 43, 77, 74, 47, 8, 86, 64, 13, 67, 71, 42, 93, 1, 4, 15, 45, 87, 81, 78];[0, 1, 2, 3, 4, 8, 9, 10, 11, 12, 13, 15, 16, 17, 18, 19, 21, 22, 23, 24, 28, 31, 34, 35, 36, 37, 40, 41, 42, 43, 45, 47, 48, 49, 50, 51, 54, 56, 57, 58, 59, 60, 62, 64, 65, 66, 67, 68, 69, 70, 71, 72, 74, 76, 77, 78, 79, 80, 81, 82, 84, 85, 86, 87, 91, 92, 93, 94, 95, 97, 98, 99]"
9185.783975,-15927.000000,"[0, 57, 66, 52, 62, 94, 11, 32, 70, 61, 26, 2, 73, 20, 33, 14, 28, 89, 51, 99, 96, 53, 5, 55, 24, 35, 54, 38, 31, 92, 46, 68, 49, 39, 72, 95, 19, 34, 7, 59, 76, 40, 84, 25, 29, 6, 75, 90, 16, 17, 36, 10, 3, 88, 98, 65, 63, 69, 41, 91, 23, 30, 48, 60, 50, 27, 83, 9, 12, 56, 58, 80, 97, 85, 82, 44, 18, 22, 79, 21, 37, 43, 77, 74, 47, 8, 86, 64, 13, 67, 71, 42, 93, 1, 4, 15, 45, 87, 81, 78];[64, 1, 4, 68, 70, 71, 8, 72, 74, 12, 13, 78, 15, 16, 81, 18, 82, 84, 21, 87, 28, 42, 47, 56, 57, 58]"
9324.148584,-19382.000000,"[0, 57, 66, 52, 62, 94, 11, 32, 70, 61, 26, 2, 73, 20, 33, 14, 28, 89, 51, 99, 96, 53, 5, 55, 24, 35, 54, 38, 31, 92, 46, 68, 49, 39, 72, 95, 19, 34, 7, 59, 76, 40, 84, 25, 29, 6, 75, 90, 16, 17, 36, 10, 3, 88, 98, 65, 63, 69, 41, 91, 23, 30, 48, 60, 50, 27, 83, 9, 12, 56, 58, 80, 97, 85, 82, 44, 18, 22, 79, 21, 37, 43, 77, 74, 47, 8, 86, 64, 13, 67, 71, 42, 93, 1, 4, 15, 45, 87, 81, 78];[64, 1, 67, 4, 68, 69, 70, 71, 8, 72, 74, 12, 13, 78, 15, 16, 81, 18, 82, 84, 21, 85, 86, 87, 28, 92, 93, 42, 47, 56, 57, 58]"
9368.658499,-20132.000000,"[0, 57, 66, 52, 62, 94, 11, 32, 70, 61, 26, 2, 73, 20, 33, 14, 28, 89, 51, 99, 96, 53, 5, 55, 24, 35, 54, 38, 31, 92, 46, 68, 49, 39, 72, 95, 19, 34, 7, 76, 59, 40, 84, 25, 29, 6, 75, 90, 16, 17, 36, 10, 3, 88, 98, 65, 63, 69, 41, 91, 23, 30, 48, 60, 50, 27, 83, 9, 12, 56, 58, 80, 97, 85, 82, 44, 18, 22, 79, 21, 37, 43, 77, 74, 47, 8, 86, 64, 13, 67, 71, 42, 93, 1, 4, 15, 45, 87, 81, 78];[64, 1, 67, 4, 68, 69, 70, 71, 8, 72, 9, 74, 12, 13, 78, 15, 16, 81, 18, 82, 84, 21, 85, 86, 87, 28, 92, 93, 97, 42, 47, 56, 58]"
11516.719023,-35155.000000,"[0, 57, 66, 52, 62, 94, 11, 32, 70, 61, 26, 2, 73, 20, 33, 14, 28, 89, 51, 99, 96, 53, 5, 55, 24, 35, 54, 38, 31, 92, 46, 68, 49, 39, 72, 95, 19, 34, 7, 59, 76, 40, 84, 25, 29, 6, 75, 90, 16, 17, 36, 10, 3, 88, 98, 65, 63, 69, 41, 91, 23, 30, 48, 60, 50, 27, 83, 9, 12, 56, 58, 80, 97, 85, 82, 44, 18, 22, 79, 21, 37, 43, 77, 74, 47, 8, 86, 64, 13, 67, 71, 42, 93, 1, 4, 15, 45, 87, 81, 78];[1, 4, 8, 9, 12, 13, 15, 16, 17, 18, 21, 22, 23, 28, 31, 34, 35, 36, 37, 40, 41, 42, 43, 44, 45, 47, 49, 50, 51, 56, 57, 58, 59, 64, 65, 66, 67, 68, 69, 70, 71, 72, 74, 76, 77, 78, 79, 80, 81, 82, 84, 85, 86, 87, 91, 92, 93, 94, 95, 97, 98, 99]"
9287.088972,-18457.000000,"[0, 57, 66, 52, 62, 94, 11, 32, 70, 61, 26, 2, 73, 20, 33, 14, 28, 89, 51, 99, 96, 53, 5, 55, 24, 35, 54, 38, 31, 92, 46, 68, 49, 39, 72, 95, 19, 34, 7, 76, 59, 40, 84, 25, 29, 6, 75, 90, 16, 17, 36, 10, 3, 88, 98, 65, 63, 69, 41, 91, 23, 30, 48, 60, 50, 27, 83, 9, 12, 56, 58, 80, 97, 85, 82, 44, 18, 22, 79, 21, 37, 43, 77, 74, 47, 8, 86, 64, 13, 67, 71, 42, 93, 1, 4, 15, 45, 87, 81, 78];[64, 1, 67, 4, 68, 69, 70, 71, 8, 72, 9, 74, 12, 13, 78, 15, 16, 81, 18, 82, 84, 21, 86, 87, 28, 92, 42, 47, 56, 58]"
15405.578945,-42861.000000,"[0, 57, 66, 52, 62, 94, 11, 32, 70, 61, 26, 2, 73, 20, 33, 14, 28, 89, 51, 99, 96, 53, 5, 55, 24, 35, 54, 38, 31, 92, 46, 68, 49, 39, 72, 95, 19, 34, 7, 59, 76, 40, 84, 25, 29, 6, 75, 90, 16, 17, 36, 10, 3, 88, 98, 65, 63, 69, 41, 91, 23, 30, 48, 60, 50, 27, 83, 9, 12, 56, 58, 80, 97, 85, 82, 44, 18, 22, 79, 21, 37, 43, 77, 74, 47, 8, 86, 64, 13, 67, 71, 42, 93, 1, 4, 15, 45, 87, 81, 78];[0, 1, 2, 3, 4, 8, 9, 10, 11, 12, 13, 15, 16, 17, 18, 19, 21, 22, 23, 24, 28, 31, 34, 35, 36, 37, 40, 41, 42, 43, 45, 47, 48, 49, 50, 51, 54, 56, 57, 58, 59, 60, 62, 63, 64, 65, 66, 67, 68, 69, 70, 71, 72, 73, 74, 76, 77, 78, 79, 80, 81, 82, 84, 85, 86, 87, 91, 92, 93, 94, 95, 96, 97, 98, 99]"
9840.012944,-25469.000000,"[0, 57, 66, 52, 62, 94, 11, 32, 70, 61, 26, 2, 73, 20, 33, 14, 28, 89, 51, 99, 96, 53, 5, 55, 24, 35, 54, 38, 31, 92, 46, 68, 49, 39, 72, 95, 19, 34, 7, 76, 59, 40, 84, 25, 29, 6, 75, 90, 16, 17, 36, 10, 3, 88, 98, 65, 63, 69, 41, 91, 23, 30, 48, 60, 50, 27, 83, 9, 12, 56, 58, 80, 97, 85, 82, 44, 18, 22, 79, 21, 37, 43, 77, 74, 47, 8, 86, 64, 13, 67, 71, 42, 93, 1, 4, 15, 45, 87, 81, 78];[64, 1, 67, 4, 68, 69, 70, 71, 8, 72, 9, 74, 12, 13, 77, 78, 15, 16, 17, 81, 18, 82, 84, 85, 86, 23, 87, 28, 92, 93, 31, 97, 34, 36, 37, 42, 45, 47, 56, 57, 58]"
15924.095803,-43335.000000,"[0, 57, 66, 52, 62, 94, 11, 32, 70, 61, 26, 2, 73, 20, 33, 14, 28, 89, 51, 99, 96, 53, 5, 55, 24, 35, 54, 38, 31, 92, 46, 68, 49, 39, 72, 95, 19, 34, 7, 59, 76, 40, 84, 25, 29, 6, 75, 90, 16, 17, 36, 10, 3, 88, 98, 65, 63, 69, 41, 91, 23, 30, 48, 60, 50, 27, 83, 9, 12, 56, 58, 80, 97, 85, 82, 44, 18, 22, 79, 21, 37, 43, 77, 74, 47, 8, 86, 64, 13, 67, 71, 42, 93, 1, 4, 15, 45, 87, 81, 78];[0, 1, 2, 3, 4, 8, 9, 10, 11, 12, 13, 15, 16, 17, 18, 19, 20, 21, 22, 23, 24, 26, 28, 31, 34, 35, 36, 37, 40, 41, 42, 43, 44, 45, 47, 48, 49, 50, 51, 54, 56, 57, 58, 59, 60, 62, 64, 65, 66, 67, 68, 69, 70, 71, 72, 74, 76, 77, 78, 79, 80, 81, 82, 84, 85, 86, 87, 91, 92, 93, 94, 95, 96, 97, 98, 99]"
12415.908341,-37837.000000,"[0, 57, 66, 52, 62, 94, 11, 32, 70, 61, 26, 2, 73, 20, 33, 14, 28, 89, 51, 99, 96, 53, 5, 55, 24, 35, 54, 38, 31, 92, 46, 68, 49, 39, 72, 95, 19, 34, 7, 59, 76, 40, 84, 25, 29, 6, 75, 90, 16, 17, 36, 10, 3, 88, 98, 65, 63, 69, 41, 91, 23, 30, 48, 60, 50, 27, 83, 9, 12, 56, 58, 80, 97, 85, 82, 44, 18, 22, 79, 21, 37, 43, 77, 74, 47, 8, 86, 64, 13, 67, 71, 42, 93, 1, 4, 15, 45, 87, 81, 78];[1, 4, 8, 9, 10, 12, 13, 15, 16, 17, 18, 21, 22, 23, 28, 31, 34, 35, 36, 37, 40, 41, 42, 43, 44, 45, 47, 48, 49, 50, 51, 54, 56, 57, 58, 59, 60, 62, 64, 65, 66, 67, 68, 69, 70, 71, 72, 74, 76, 77, 78, 79, 81, 82, 84, 85, 86, 87, 91, 92, 93, 94, 95, 97, 98, 99]"
13471.254057,-40106.000000,"[0, 57, 66, 52, 62, 94, 11, 32, 70, 61, 26, 2, 73, 20, 33, 14, 28, 89, 51, 99, 96, 53, 5, 55, 24, 35, 54, 38, 31, 92, 46, 68, 49, 39, 72, 95, 19, 34, 7, 59, 76, 40, 84, 25, 29, 6, 75, 90, 16, 17, 36, 10, 3, 88, 98, 65, 63, 69, 41, 91, 23, 30, 48, 60, 50, 27, 83, 9, 12, 56, 58, 80, 97, 85, 82, 44, 18, 22, 79, 21, 37, 43, 77, 74, 47, 8, 86, 64, 13, 67, 71, 42, 93, 1, 4, 15, 45, 87, 81, 78];[0, 1, 2, 3, 4, 8, 9, 10, 12, 13, 15, 16, 17, 18, 21, 22, 23, 28, 31, 34, 35, 36, 37, 40, 41, 42, 43, 44, 45, 47, 48, 49, 50, 51, 54, 56, 57, 58, 59, 60, 62, 64, 65, 66, 67, 68, 69, 70, 71, 72, 74, 76, 77, 78, 79, 80, 81, 82, 84, 85, 86, 87, 91, 92, 93, 94, 95, 96, 97, 98, 99]"
19050.390636,-45132.000000,"[0, 57, 66, 52, 62, 94, 11, 32, 70, 61, 26, 2, 73, 20, 33, 14, 28, 89, 51, 99, 96, 53, 5, 55, 24, 35, 54, 38, 31, 92, 46, 68, 49, 39, 72, 95, 19, 34, 7, 59, 76, 40, 84, 25, 29, 6, 75, 90, 16, 17, 36, 10, 3, 88, 98, 65, 63, 69, 41, 91, 23, 30, 48, 60, 50, 27, 83, 9, 12, 56, 58, 80, 97, 85, 82, 44, 18, 22, 79, 21, 37, 43, 77, 74, 47, 8, 86, 64, 13, 67, 71, 42, 93, 1, 4, 15, 45, 87, 81, 78];[0, 1, 2, 3, 4, 8, 9, 10, 11, 12, 13, 15, 16, 17, 18, 19, 20, 21, 22, 23, 24, 26, 27, 28, 31, 32, 34, 35, 36, 37, 39, 40, 41, 42, 43, 44, 45, 47, 48, 49, 50, 51, 54, 56, 57, 58, 59, 60, 61, 62, 63, 64, 65, 66, 67, 68, 69, 70, 71, 72, 73, 74, 76, 77, 78, 79, 80, 81, 82, 84, 85, 86, 87, 91, 92, 93, 94, 95, 96, 97, 98, 99]"
14173.628630,-41302.000000,"[0, 57, 66, 52, 62, 94, 11, 32, 70, 61, 26, 2, 73, 20, 33, 14, 28, 89, 51, 99, 96, 53, 5, 55, 24, 35, 54, 38, 31, 92, 46, 68, 49, 39, 72, 95, 19, 34, 7, 59, 76, 40, 84, 25, 29, 6, 75, 90, 16, 17, 36, 10, 3, 88, 98, 65, 63, 69, 41, 91, 23, 30, 48, 60, 50, 27, 83, 9, 12, 56, 58, 80, 97, 85, 82, 44, 18, 22, 79, 21, 37, 43, 77, 74, 47, 8, 86, 64, 13, 67, 71, 42, 93, 1, 4, 15, 45, 87, 81, 78];[0, 1, 2, 3, 4, 8, 9, 10, 12, 13, 15, 16, 17, 18, 19, 21, 22, 23, 24, 28, 31, 34, 35, 36, 37, 40, 41, 42, 43, 45, 47, 48, 49, 50, 51, 54, 56, 57, 58, 59, 60, 62, 64, 65, 66, 67, 68, 69, 70, 71, 72, 73, 74, 76, 77, 78, 81, 82, 84, 85, 86, 87, 91, 92, 93, 94, 95, 96, 97, 98, 99]"
12819.261713,-38845.000000,"[0, 57, 66, 52, 62, 94, 11, 32, 70, 61, 26, 2, 73, 20, 33, 14, 28, 89, 51, 99, 96, 53, 5, 55, 24, 35, 54, 38, 31, 92, 46, 68, 49, 39, 72, 95, 19, 34, 7, 59, 76, 40, 84, 25, 29, 6, 75, 90, 16, 17, 36, 10, 3, 88, 98, 65, 63, 69, 41, 91, 23, 30, 48, 60, 50, 27, 83, 9, 12, 56, 58, 80, 97, 85, 82, 44, 18, 22, 79, 21, 37, 43, 77, 74, 47, 8, 86, 64, 13, 67, 71, 42, 93, 1, 4, 15, 45, 87, 81, 78];[0, 1, 2, 3, 4, 8, 9, 10, 12, 13, 15, 16, 17, 18, 21, 22, 23, 28, 31, 34, 35, 36, 37, 40, 41, 42, 43, 44, 45, 47, 48, 49, 50, 51, 56, 57, 58, 59, 60, 62, 64, 65, 66, 67, 68, 69, 70, 71, 72, 74, 76, 77, 78, 81, 82, 84, 85, 86, 87, 91, 92, 93, 94, 95, 96, 97, 98, 99]"
9157.691634,-15132.000000,"[0, 57, 66, 52, 62, 94, 11, 32, 70, 61, 26, 2, 73, 20, 33, 14, 28, 89, 51, 99, 96, 53, 5, 55, 24, 35, 54, 38, 31, 92, 46, 68, 49, 39, 72, 95, 19, 34, 7, 59, 76, 40, 84, 25, 29, 6, 75, 90, 16, 17, 36, 10, 3, 88, 98, 65, 63, 69, 41, 91, 23, 30, 48, 60, 50, 27, 83, 9, 12, 56, 58, 80, 97, 85, 82, 44, 18, 22, 79, 21, 37, 43, 77, 74, 47, 8, 86, 64, 13, 67, 71, 42, 93, 1, 4, 15, 45, 87, 81, 78];[1, 4, 68, 70, 71, 8, 72, 9, 74, 12, 13, 78, 15, 16, 81, 18, 82, 84, 21, 87, 28, 42, 47, 56, 58]"
9263.623782,-17753.000000,"[0, 57, 66, 52, 62, 94, 11, 32, 70, 61, 26, 2, 73, 20, 33, 14, 28, 89, 51, 99, 96, 53, 5, 55, 24, 35, 54, 38, 31, 92, 46, 68, 49, 39, 72, 95, 19, 34, 7, 76, 59, 40, 84, 25, 29, 6, 75, 90, 16, 17, 36, 10, 3, 88, 98, 65, 63, 69, 41, 91, 23, 30, 48, 60, 50, 27, 83, 9, 12, 56, 58, 80, 97, 85, 82, 44, 18, 22, 79, 21, 37, 43, 77, 74, 47, 8, 86, 64, 13, 67, 71, 42, 93, 1, 4, 15, 45, 87, 81, 78];[64, 1, 67, 4, 68, 69, 70, 71, 8, 72, 9, 74, 12, 13, 78, 15, 16, 81, 18, 82, 84, 21, 86, 87, 28, 42, 47, 56, 58]"
9069.498108,-13180.000000,"[0, 57, 66, 52, 62, 94, 11, 32, 70, 61, 26, 2, 73, 20, 33, 14, 28, 89, 51, 99, 96, 53, 5, 55, 24, 35, 54, 38, 31, 92, 46, 68, 49, 39, 72, 95, 19, 34, 7, 76, 59, 40, 84, 25, 29, 6, 75, 90, 16, 17, 36, 10, 3, 88, 98, 65, 63, 69, 41, 91, 23, 30, 48, 60, 50, 27, 83, 9, 12, 56, 58, 80, 97, 85, 82, 44, 18, 22, 79, 21, 37, 43, 77, 74, 47, 8, 86, 64, 13, 67, 71, 42, 93, 1, 4, 15, 45, 87, 81, 78];[1, 4, 70, 71, 8, 72, 42, 74, 12, 13, 78, 15, 81, 18, 82, 84, 21, 86, 87, 56, 58, 92]"
9420.301499,-20987.000000,"[0, 57, 66, 52, 62, 94, 11, 32, 70, 61, 26, 2, 73, 20, 33, 14, 28, 89, 51, 99, 96, 53, 5, 55, 24, 35, 54, 38, 31, 92, 46, 68, 49, 39, 72, 95, 19, 34, 7, 59, 76, 40, 84, 25, 29, 6, 75, 90, 16, 17, 36, 10, 3, 88, 98, 65, 63, 69, 41, 91, 23, 30, 48, 60, 50, 27, 83, 9, 12, 56, 58, 80, 97, 85, 82, 44, 18, 22, 79, 21, 37, 43, 77, 74, 47, 8, 86, 64, 13, 67, 71, 42, 93, 1, 4, 15, 45, 87, 81, 78];[64, 1, 67, 4, 68, 69, 70, 71, 8, 72, 9, 74, 12, 13, 78, 15, 16, 81, 18, 82, 84, 21, 85, 86, 87, 28, 92, 93, 97, 42, 47, 56, 57, 58]"
18440.448478,-44869.000000,"[0, 57, 66, 52, 62, 94, 11, 32, 70, 61, 26, 2, 73, 20, 33, 14, 28, 89, 51, 99, 96, 53, 5, 55, 24, 35, 54, 38, 31, 92, 46, 68, 49, 39, 72, 95, 19, 34, 7, 59, 76, 40, 84, 25, 29, 6, 75, 90, 16, 17, 36, 10, 3, 88, 98, 65, 63, 69, 41, 91, 23, 30, 48, 60, 50, 27, 83, 9, 12, 56, 58, 80, 97, 85, 82, 44, 18, 22, 79, 21, 37, 43, 77, 74, 47, 8, 86, 64, 13, 67, 71, 42, 93, 1, 4, 15, 45, 87, 81, 78];[0, 1, 2, 3, 4, 8, 9, 10, 11, 12, 13, 15, 16, 17, 18, 19, 20, 21, 22, 23, 24, 26, 27, 28, 31, 34, 35, 36, 37, 39, 40, 41, 42, 43, 44, 45, 47, 48, 49, 50, 51, 54, 56, 57, 58, 59, 60, 62, 63, 64, 65, 66, 67, 68, 69, 70, 71, 72, 73, 74, 76, 77, 78, 79, 80, 81, 82, 84, 85, 86, 87, 90, 91, 92, 93, 94, 95, 96, 97, 98, 99]"
13022.371490,-39042.000000,"[0, 57, 66, 52, 62, 94, 11, 32, 70, 61, 26, 2, 73, 20, 33, 14, 28, 89, 51, 99, 96, 53, 5, 55, 24, 35, 54, 38, 31, 92, 46, 68, 49, 39, 72, 95, 19, 34, 7, 59, 76, 40, 84, 25, 29, 6, 75, 90, 16, 17, 36, 10, 3, 88, 98, 65, 63, 69, 41, 91, 23, 30, 48, 60, 50, 27, 83, 9, 12, 56, 58, 80, 97, 85, 82, 44, 18, 22, 79, 21, 37, 43, 77, 74, 47, 8, 86, 64, 13, 67, 71, 42, 93, 1, 4, 15, 45, 87, 81, 78];[1, 4, 8, 9, 10, 12, 13, 15, 16, 17, 18, 21, 22, 23, 28, 31, 34, 35, 36, 37, 40, 41, 42, 43, 44, 45, 47, 48, 49, 50, 51, 54, 56, 57, 58, 59, 60, 62, 64, 65, 66, 67, 68, 69, 70, 71, 72, 73, 74, 76, 77, 78, 79, 80, 81, 82, 84, 85, 86, 87, 91, 92, 93, 94, 95, 96, 97, 98, 99]"
17040.263250,-44257.000000,"[0, 57, 66, 52, 62, 94, 11, 32, 70, 61, 26, 2, 73, 20, 33, 14, 28, 89, 51, 99, 96, 53, 5, 55, 24, 35, 54, 38, 31, 92, 46, 68, 49, 39, 72, 95, 19, 34, 7, 59, 76, 40, 84, 25, 29, 6, 75, 90, 16, 17, 36, 10, 3, 88, 98, 65, 63, 69, 41, 91, 23, 30, 48, 60, 50, 27, 83, 9, 12, 56, 58, 80, 97, 85, 82, 44, 18, 22, 79, 21, 37, 43, 77, 74, 47, 8, 86, 64, 13, 67, 71, 42, 93, 1, 4, 15, 45, 87, 81, 78];[0, 1, 2, 3, 4, 8, 9, 10, 11, 12, 13, 15, 16, 17, 18, 19, 20, 21, 22, 23, 24, 26, 27, 28, 31, 34, 35, 36, 37, 40, 41, 42, 43, 45, 47, 48, 49, 50, 51, 54, 56, 57, 58, 59, 60, 62, 63, 64, 65, 66, 67, 68, 69, 70, 71, 72, 73, 74, 76, 77, 78, 79, 80, 81, 82, 84, 85, 86, 87, 91, 92, 93, 94, 95, 96, 97, 98, 99]"
11358.987840,-34529.000000,"[0, 57, 66, 52, 62, 94, 11, 32, 70, 61, 26, 2, 73, 20, 33, 14, 28, 89, 51, 99, 96, 53, 5, 55, 24, 35, 54, 38, 31, 92, 46, 68, 49, 39, 72, 95, 19, 34, 7, 76, 59, 40, 84, 25, 29, 6, 75, 90, 16, 17, 36, 10, 3, 88, 98, 65, 63, 69, 41, 91, 23, 30, 48, 60, 50, 27, 83, 9, 12, 56, 58, 80, 97, 85, 82, 44, 18, 22, 79, 21, 37, 43, 77, 74, 47, 8, 86, 64, 13, 67, 71, 42, 93, 1, 4, 15, 45, 87, 81, 78];[0, 1, 2, 3, 4, 8, 9, 10, 12, 13, 15, 16, 17, 18, 23, 28, 31, 34, 35, 36, 37, 42, 45, 47, 49, 50, 51, 56, 57, 58, 64, 65, 66, 67, 68, 69, 70, 71, 72, 74, 77, 78, 81, 82, 84, 85, 86, 87, 91, 92, 93, 94, 95, 97, 98, 99]"
9636.929529,-23368.000000,"[0, 57, 66, 52, 62, 94, 11, 32, 70, 61, 26, 2, 73, 20, 33, 14, 28, 89, 51, 99, 96, 53, 5, 55, 24, 35, 54, 38, 31, 92, 46, 68, 49, 39, 72, 95, 19, 34, 7, 76, 59, 40, 84, 25, 29, 6, 75, 90, 16, 17, 36, 10, 3, 88, 98, 65, 63, 69, 41, 91, 23, 30, 48, 60, 50, 27, 83, 9, 12, 56, 58, 80, 97, 85, 82, 44, 18, 22, 79, 21, 37, 43, 77, 74, 47, 8, 86, 64, 13, 67, 71, 42, 93, 1, 4, 15, 45, 87, 81, 78];[64, 1, 65, 66, 67, 4, 68, 69, 70, 71, 8, 72, 9, 74, 12, 13, 77, 78, 15, 16, 81, 18, 82, 84, 21, 85, 86, 87, 28, 92, 93, 97, 42, 47, 56, 57, 58]"
14619.988592,-41938.000000,"[0, 57, 66, 52, 62, 94, 11, 32, 70, 61, 26, 2, 73, 20, 33, 14, 28, 89, 51, 99, 96, 53, 5, 55, 24, 35, 54, 38, 31, 92, 46, 68, 49, 39, 72, 95, 19, 34, 7, 59, 76, 40, 84, 25, 29, 6, 75, 90, 16, 17, 36, 10, 3, 88, 98, 65, 63, 69, 41, 91, 23, 30, 48, 60, 50, 27, 83, 9, 12, 56, 58, 80, 97, 85, 82, 44, 18, 22, 79, 21, 37, 43, 77, 74, 47, 8, 86, 64, 13, 67, 71, 42, 93, 1, 4, 15, 45, 87, 81, 78];[0, 1, 2, 3, 4, 8, 9, 10, 12, 13, 15, 16, 17, 18, 19, 21, 22, 23, 24, 28, 31, 34, 35, 36, 37, 40, 41, 42, 43, 45, 47, 48, 49, 50, 51, 54, 56, 57, 58, 59, 60, 62, 64, 65, 66, 67, 68, 69, 70, 71, 72, 73, 74, 76, 77, 78, 79, 80, 81, 82, 84, 85, 86, 87, 91, 92, 93, 94, 95, 96, 97, 98, 99]"
18209.196461,-44810.000000,"[0, 57, 66, 52, 62, 94, 11, 32, 70, 61, 26, 2, 73, 20, 33, 14, 28, 89, 51, 99, 96, 53, 5, 55, 24, 35, 54, 38, 31, 92, 46, 68, 49, 39, 72, 95, 19, 34, 7, 59, 76, 40, 84, 25, 29, 6, 75, 90, 16, 17, 36, 10, 3, 88, 98, 65, 63, 69, 41, 91, 23, 30, 48, 60, 50, 27, 83, 9, 12, 56, 58, 80, 97, 85, 82, 44, 18, 22, 79, 21, 37, 43, 77, 74, 47, 8, 86, 64, 13, 67, 71, 42, 93, 1, 4, 15, 45, 87, 81, 78];[0, 1, 2, 3, 4, 8, 9, 10, 11, 12, 13, 15, 16, 17, 18, 19, 20, 21, 22, 23, 24, 26, 27, 28, 31, 34, 35, 36, 37, 39, 40, 41, 42, 43, 44, 45, 47, 48, 49, 50, 51, 54, 55, 56, 57, 58, 59, 60, 61, 62, 63, 64, 65, 66, 67, 68, 69, 70, 71, 72, 73, 74, 76, 77, 78, 79, 80, 81, 82, 84, 85, 86, 87, 91, 92, 93, 94, 95, 96, 97, 98, 99]"
10065.562034,-27352.000000,"[0, 57, 66, 52, 62, 94, 11, 32, 70, 61, 26, 2, 73, 20, 33, 14, 28, 89, 51, 99, 96, 53, 5, 55, 24, 35, 54, 38, 31, 92, 46, 68, 49, 39, 72, 95, 19, 34, 7, 59, 76, 40, 84, 25, 29, 6, 75, 90, 16, 17, 36, 10, 3, 88, 98, 65, 63, 69, 41, 91, 23, 30, 48, 60, 50, 27, 83, 9, 12, 56, 58, 80, 97, 85, 82, 44, 18, 22, 79, 21, 37, 43, 77, 74, 47, 8, 86, 64, 13, 67, 71, 42, 93, 1, 4, 15, 45, 87, 81, 78];[64, 1, 65, 66, 67, 4, 68, 69, 70, 71, 8, 72, 9, 74, 12, 13, 77, 78, 15, 16, 17, 81, 18, 82, 84, 21, 85, 86, 23, 87, 91, 28, 92, 93, 94, 97, 42, 47, 49, 50, 56, 57, 58]"
9581.225441,-22480.000000,"[0, 57, 66, 52, 62, 94, 11, 32, 70, 61, 26, 2, 73, 20, 33, 14, 28, 89, 51, 99, 96, 53, 5, 55, 24, 35, 54, 38, 31, 92, 46, 68, 49, 39, 72, 95, 19, 34, 7, 76, 59, 40, 84, 25, 29, 6, 75, 90, 16, 17, 36, 10, 3, 88, 98, 65, 63, 69, 41, 91, 23, 30, 48, 60, 50, 27, 83, 9, 12, 56, 58, 80, 97, 85, 82, 44, 18, 22, 79, 21, 37, 43, 77, 74, 47, 8, 86, 64, 13, 67, 71, 42, 93, 1, 4, 15, 45, 87, 81, 78];[64, 1, 65, 66, 67, 4, 68, 69, 70, 71, 8, 72, 9, 74, 12, 13, 77, 78, 15, 16, 81, 18, 82, 84, 21, 85, 86, 87, 28, 92, 93, 42, 47, 56, 57, 58]"
17332.305026,-44407.000000,"[0, 57, 66, 52, 62, 94, 11, 32, 70, 61, 26, 2, 73, 20, 33, 14, 28, 89, 51, 99, 96, 53, 5, 55, 24, 35, 54, 38, 31, 92, 46, 68, 49, 39, 72, 95, 19, 34, 7, 59, 76, 40, 84, 25, 29, 6, 75, 90, 16, 17, 36, 10, 3, 88, 98, 65, 63, 69, 41, 91, 23, 30, 48, 60, 50, 27, 83, 9, 12, 56, 58, 80, 97, 85, 82, 44, 18, 22, 79, 21, 37, 43, 77, 74, 47, 8, 86, 64, 13, 67, 71, 42, 93, 1, 4, 15, 45, 87, 81, 78];[0, 1, 2, 3, 4, 8, 9, 10, 11, 12, 13, 15, 16, 17, 18, 19, 20, 21, 22, 23, 24, 26, 27, 28, 31, 34, 35, 36, 37, 40, 41, 42, 43, 45, 47, 48, 49, 50, 51, 54, 56, 57, 58, 59, 60, 61, 62, 63, 64, 65, 66, 67, 68, 69, 70, 71, 72, 73, 74, 76, 77, 78, 79, 80, 81, 82, 84, 85, 86, 87, 91, 92, 93, 94, 95, 96, 97, 98, 99]"
11621.182825,-35556.000000,"[0, 57, 66, 52, 62, 94, 11, 32, 70, 61, 26, 2, 73, 20, 33, 14, 28, 89, 51, 99, 96, 53, 5, 55, 24, 35, 54, 38, 31, 92, 46, 68, 49, 39, 72, 95, 19, 34, 7, 59, 76, 40, 84, 25, 29, 6, 75, 90, 16, 17, 36, 10, 3, 88, 98, 65, 63, 69, 41, 91, 23, 30, 48, 60, 50, 27, 83, 9, 12, 56, 58, 80, 97, 85, 82, 44, 18, 22, 79, 21, 37, 43, 77, 74, 47, 8, 86, 64, 13, 67, 71, 42, 93, 1, 4, 15, 45, 87, 81, 78];[1, 4, 8, 9, 10, 12, 13, 15, 16, 17, 18, 21, 23, 28, 31, 34, 35, 36, 37, 40, 41, 42, 43, 44, 45, 47, 49, 50, 51, 56, 57, 58, 59, 64, 65, 66, 67, 68, 69, 70, 71, 72, 74, 76, 77, 78, 79, 80, 81, 82, 84, 85, 86, 87, 91, 92, 93, 94, 95, 97, 98, 99]"
16401.563690,-43548.000000,"[0, 57, 66, 52, 62, 94, 11, 32, 70, 61, 26, 2, 73, 20, 33, 14, 28, 89, 51, 99, 96, 53, 5, 55, 24, 35, 54, 38, 31, 92, 46, 68, 49, 39, 72, 95, 19, 34, 7, 59, 76, 40, 84, 25, 29, 6, 75, 90, 16, 17, 36, 10, 3, 88, 98, 65, 63, 69, 41, 91, 23, 30, 48, 60, 50, 27, 83, 9, 12, 56, 58, 80, 97, 85, 82, 44, 18, 22, 79, 21, 37, 43, 77, 74, 47, 8, 86, 64, 13, 67, 71, 42, 93, 1, 4, 15, 45, 87, 81, 78];[0, 1, 2, 3, 4, 8, 9, 10, 11, 12, 13, 15, 16, 17, 18, 19, 20, 21, 22, 23, 24, 26, 27, 28, 31, 34, 35, 36, 37, 40, 41, 42, 43, 45, 47, 48, 49, 50, 51, 54, 56, 57, 58, 59, 60, 61, 62, 63, 64, 65, 66, 67, 68, 69, 70, 71, 72, 74, 76, 77, 78, 79, 80, 81, 82, 84, 85, 86, 87, 91, 92, 93, 94, 95, 97, 98, 99]"
9024.479500,-11410.000000,"[0, 57, 66, 52, 62, 94, 11, 32, 70, 61, 26, 2, 73, 20, 33, 14, 28, 89, 51, 99, 96, 53, 5, 55, 24, 35, 54, 38, 31, 92, 46, 68, 49, 39, 72, 95, 19, 34, 7, 59, 76, 40, 84, 25, 29, 6, 75, 90, 16, 17, 36, 10, 3, 88, 98, 65, 63, 69, 41, 91, 23, 30, 48, 60, 50, 27, 83, 9, 12, 56, 58, 80, 97, 85, 82, 44, 18, 22, 79, 21, 37, 43, 77, 74, 47, 8, 86, 64, 13, 67, 71, 42, 93, 1, 4, 15, 45, 87, 81, 78];[1, 4, 68, 70, 71, 8, 42, 12, 13, 15, 16, 81, 18, 82, 84, 21, 87, 56, 58]"
15147.003973,-42626.000000,"[0, 57, 66, 52, 62, 94, 11, 32, 70, 61, 26, 2, 73, 20, 33, 14, 28, 89, 51, 99, 96, 53, 5, 55, 24, 35, 54, 38, 31, 92, 46, 68, 49, 39, 72, 95, 19, 34, 7, 59, 76, 40, 84, 25, 29, 6, 75, 90, 16, 17, 36, 10, 3, 88, 98, 65, 63, 69, 41, 91, 23, 30, 48, 60, 50, 27, 83, 9, 12, 56, 58, 80, 97, 85, 82, 44, 18, 22, 79, 21, 37, 43, 77, 74, 47, 8, 86, 64, 13, 67, 71, 42, 93, 1, 4, 15, 45, 87, 81, 78];[0, 1, 2, 3, 4, 8, 9, 10, 11, 12, 13, 15, 16, 17, 18, 19, 21, 22, 23, 24, 28, 31, 34, 35, 36, 37, 40, 41, 42, 43, 44, 45, 47, 48, 49, 50, 51, 54, 56, 57, 58, 59, 60, 62, 64, 65, 66, 67, 68, 69, 70, 71, 72, 73, 74, 76, 77, 78, 79, 80, 81, 82, 84, 85, 86, 87, 91, 92, 93, 94, 95, 96, 97, 98, 99]"
9458.883185,-21489.000000,"[0, 57, 66, 52, 62, 94, 11, 32, 70, 61, 26, 2, 73, 20, 33, 14, 28, 89, 51, 99, 96, 53, 5, 55, 24, 35, 54, 38, 31, 92, 46, 68, 49, 39, 72, 95, 19, 34, 7, 59, 76, 40, 84, 25, 29, 6, 75, 90, 16, 17, 36, 10, 3, 88, 98, 65, 63, 69, 41, 91, 23, 30, 48, 60, 50, 27, 83, 9, 12, 56, 58, 80, 97, 85, 82, 44, 18, 22, 79, 21, 37, 43, 77, 74, 47, 8, 86, 64, 13, 67, 71, 42, 93, 1, 4, 15, 45, 87, 81, 78];[64, 1, 67, 4, 68, 69, 70, 71, 8, 72, 9, 74, 12, 13, 77, 78, 15, 16, 81, 18, 82, 84, 21, 85, 86, 87, 28, 92, 93, 97, 42, 47, 56, 57, 58]"
9046.949262,-12001.000000,"[0, 57, 66, 52, 62, 94, 11, 32, 70, 61, 26, 2, 73, 20, 33, 14, 28, 89, 51, 99, 96, 53, 5, 55, 24, 35, 54, 38, 31, 92, 46, 68, 49, 39, 72, 95, 19, 34, 7, 76, 59, 40, 84, 25, 29, 6, 75, 90, 16, 17, 36, 10, 3, 88, 98, 65, 63, 69, 41, 91, 23, 30, 48, 60, 50, 27, 83, 9, 12, 56, 58, 80, 97, 85, 82, 44, 18, 22, 79, 21, 37, 43, 77, 74, 47, 8, 86, 64, 13, 67, 71, 42, 93, 1, 4, 15, 45, 87, 81, 78];[1, 4, 70, 71, 8, 72, 42, 74, 12, 13, 78, 15, 81, 18, 82, 84, 21, 87, 56, 25, 58]"
13310.480507,-39840.000000,"[0, 57, 66, 52, 62, 94, 11, 32, 70, 61, 26, 2, 73, 20, 33, 14, 28, 89, 51, 99, 96, 53, 5, 55, 24, 35, 54, 38, 31, 92, 46, 68, 49, 39, 72, 95, 19, 34, 7, 59, 76, 40, 84, 25, 29, 6, 75, 90, 16, 17, 36, 10, 3, 88, 98, 65, 63, 69, 41, 91, 23, 30, 48, 60, 50, 27, 83, 9, 12, 56, 58, 80, 97, 85, 82, 44, 18, 22, 79, 21, 37, 43, 77, 74, 47, 8, 86, 64, 13, 67, 71, 42, 93, 1, 4, 15, 45, 87, 81, 78];[0, 1, 2, 3, 4, 8, 9, 10, 12, 13, 15, 16, 17, 18, 21, 22, 23, 24, 28, 31, 34, 35, 36, 37, 40, 41, 42, 43, 44, 45, 47, 48, 49, 50, 51, 54, 56, 57, 58, 59, 60, 62, 64, 65, 66, 67, 68, 69, 70, 71, 72, 74, 76, 77, 78, 81, 82, 84, 85, 86, 87, 91, 92, 93, 94, 95, 97, 98, 99]"
10466.595186,-30537.000000,"[0, 57, 66, 52, 62, 94, 11, 32, 70, 61, 26, 2, 73, 20, 33, 14, 28, 89, 51, 99, 96, 53, 5, 55, 24, 35, 54, 38, 31, 92, 46, 68, 49, 39, 72, 95, 19, 34, 7, 59, 76, 40, 84, 25, 29, 6, 75, 90, 16, 17, 36, 10, 3, 88, 98, 65, 63, 69, 41, 91, 23, 30, 48, 60, 50, 27, 83, 9, 12, 56, 58, 80, 97, 85, 82, 44, 18, 22, 79, 21, 37, 43, 77, 74, 47, 8, 86, 64, 13, 67, 71, 42, 93, 1, 4, 15, 45, 87, 81, 78];[64, 1, 65, 66, 67, 4, 68, 69, 70, 71, 8, 72, 9, 74, 12, 13, 77, 78, 15, 16, 17, 81, 18, 82, 84, 85, 86, 23, 87, 91, 28, 92, 93, 94, 31, 97, 34, 36, 37, 42, 45, 47, 49, 50, 51, 56, 57, 58]"
19751.244793,-45237.000000,"[0, 57, 66, 52, 62, 94, 11, 32, 70, 61, 26, 2, 73, 20, 33, 14, 28, 89, 51, 99, 96, 53, 5, 55, 24, 35, 54, 38, 31, 92, 46, 68, 49, 39, 72, 95, 19, 34, 7, 59, 76, 40, 84, 25, 29, 6, 75, 90, 16, 17, 36, 10, 3, 88, 98, 65, 63, 69, 41, 91, 23, 30, 48, 60, 50, 27, 83, 9, 12, 56, 58, 80, 97, 85, 82, 44, 18, 22, 79, 21, 37, 43, 77, 74, 47, 8, 86, 64, 13, 67, 71, 42, 93, 1, 4, 15, 45, 87, 81, 78];[0, 1, 2, 3, 4, 8, 9, 10, 11, 12, 13, 15, 16, 17, 18, 19, 20, 21, 22, 23, 24, 26, 27, 28, 31, 32, 34, 35, 36, 37, 39, 40, 41, 42, 43, 44, 47, 48, 49, 50, 51, 54, 56, 57, 58, 59, 60, 61, 62, 63, 64, 65, 66, 67, 68, 69, 70, 71, 72, 73, 74, 76, 77, 78, 79, 80, 81, 82, 84, 85, 86, 87, 90, 91, 92, 93, 94, 96, 97, 98, 99]"
9918.700830,-26132.000000,"[0, 57, 66, 52, 62, 94, 11, 32, 70, 61, 26, 2, 73, 20, 33, 14, 28, 89, 51, 99, 96, 53, 5, 55, 24, 35, 54, 38, 31, 92, 46, 68, 49, 39, 72, 95, 19, 34, 7, 76, 59, 40, 84, 25, 29, 6, 75, 90, 16, 17, 36, 10, 3, 88, 98, 65, 63, 69, 41, 91, 23, 30, 48, 60, 50, 27, 83, 9, 12, 56, 58, 80, 97, 85, 82, 44, 18, 22, 79, 21, 37, 43, 77, 74, 47, 8, 86, 64, 13, 67, 71, 42, 93, 1, 4, 15, 45, 87, 81, 78];[64, 1, 65, 66, 67, 4, 68, 69, 70, 71, 8, 72, 9, 74, 12, 13, 77, 78, 15, 16, 17, 81, 18, 82, 84, 21, 85, 86, 23, 87, 28, 92, 93, 97, 42, 47, 49, 50, 56, 57, 58]"
12123.773415,-37064.000000,"[0, 57, 66, 52, 62, 94, 11, 32, 70, 61, 26, 2, 73, 20, 33, 14, 28, 89, 51, 99, 96, 53, 5, 55, 24, 35, 54, 38, 31, 92, 46, 68, 49, 39, 72, 95, 19, 34, 7, 59, 76, 40, 84, 25, 29, 6, 75, 90, 16, 17, 36, 10, 3, 88, 98, 65, 63, 69, 41, 91, 23, 30, 48, 60, 50, 27, 83, 9, 12, 56, 58, 80, 97, 85, 82, 44, 18, 22, 79, 21, 37, 43, 77, 74, 47, 8, 86, 64, 13, 67, 71, 42, 93, 1, 4, 15, 45, 87, 81, 78];[0, 1, 2, 3, 4, 8, 9, 10, 12, 13, 15, 16, 17, 18, 21, 22, 23, 28, 31, 34, 35, 36, 37, 40, 41, 42, 43, 44, 45, 47, 48, 49, 50, 51, 56, 57, 58, 64, 65, 66, 67, 68, 69, 70, 71, 72, 74, 76, 77, 78, 81, 82, 84, 85, 86, 87, 91, 92, 93, 94, 95, 97, 98, 99]"
14745.761352,-42142.000000,"[0, 57, 66, 52, 62, 94, 11, 32, 70, 61, 26, 2, 73, 20, 33, 14, 28, 89, 51, 99, 96, 53, 5, 55, 24, 35, 54, 38, 31, 92, 46, 68, 49, 39, 72, 95, 19, 34, 7, 59, 76, 40, 84, 25, 29, 6, 75, 90, 16, 17, 36, 10, 3, 88, 98, 65, 63, 69, 41, 91, 23, 30, 48, 60, 50, 27, 83, 9, 12, 56, 58, 80, 97, 85, 82, 44, 18, 22, 79, 21, 37, 43, 77, 74, 47, 8, 86, 64, 13, 67, 71, 42, 93, 1, 4, 15, 45, 87, 81, 78];[0, 1, 2, 3, 4, 8, 9, 10, 11, 12, 13, 15, 16, 17, 18, 19, 21, 22, 23, 24, 28, 31, 34, 35, 36, 37, 40, 41, 42, 43, 44, 45, 47, 48, 49, 50, 51, 54, 56, 57, 58, 59, 60, 62, 64, 65, 66, 67, 68, 69, 70, 71, 72, 74, 76, 77, 78, 79, 80, 81, 82, 84, 85, 86, 87, 91, 92, 93, 94, 95, 96, 97, 98, 99]"
17656.309851,-44582.000000,"[0, 57, 66, 52, 62, 94, 11, 32, 70, 61, 26, 2, 73, 20, 33, 14, 28, 89, 51, 99, 96, 53, 5, 55, 24, 35, 54, 38, 31, 92, 46, 68, 49, 39, 72, 95, 19, 34, 7, 59, 76, 40, 84, 25, 29, 6, 75, 90, 16, 17, 36, 10, 3, 88, 98, 65, 63, 69, 41, 91, 23, 30, 48, 60, 50, 27, 83, 9, 12, 56, 58, 80, 97, 85, 82, 44, 18, 22, 79, 21, 37, 43, 77, 74, 47, 8, 86, 64, 13, 67, 71, 42, 93, 1, 4, 15, 45, 87, 81, 78];[0, 1, 2, 3, 4, 8, 9, 10, 11, 12, 13, 15, 16, 17, 18, 19, 20, 21, 22, 23, 24, 26, 27, 28, 31, 34, 35, 36, 37, 39, 40, 41, 42, 43, 44, 45, 47, 48, 49, 50, 51, 54, 56, 57, 58, 59, 60, 62, 63, 64, 65, 66, 67, 68, 69, 70, 71, 72, 73, 74, 76, 77, 78, 79, 80, 81, 82, 84, 85, 86, 87, 91, 92, 93, 94, 95, 96, 97, 98, 99]"
19389.771069,-45206.000000,"[0, 57, 66, 52, 62, 94, 11, 32, 70, 61, 26, 2, 73, 20, 33, 14, 28, 89, 51, 99, 96, 53, 5, 55, 24, 35, 54, 38, 31, 92, 46, 68, 49, 39, 72, 95, 19, 34, 7, 59, 76, 40, 84, 25, 29, 6, 75, 90, 16, 17, 36, 10, 3, 88, 98, 65, 63, 69, 41, 91, 23, 30, 48, 60, 50, 27, 83, 9, 12, 56, 58, 80, 97, 85, 82, 18, 44, 22, 79, 21, 37, 43, 77, 74, 47, 8, 86, 64, 13, 67, 71, 42, 93, 1, 4, 15, 45, 87, 81, 78];[0, 1, 2, 3, 4, 8, 9, 10, 11, 12, 13, 15, 16, 17, 18, 19, 20, 21, 22, 23, 24, 26, 27, 28, 31, 32, 34, 35, 36, 37, 40, 41, 42, 43, 44, 45, 47, 48, 49, 50, 51, 54, 56, 57, 58, 59, 60, 61, 62, 63, 64, 65, 66, 67, 68, 69, 70, 71, 72, 73, 74, 76, 77, 78, 79, 80, 81, 82, 84, 85, 86, 87, 90, 91, 92, 93, 94, 95, 96, 97, 98, 99]"
16693.510058,-44022.000000,"[0, 57, 66, 52, 62, 94, 11, 32, 70, 61, 26, 2, 73, 20, 33, 14, 28, 89, 51, 99, 96, 53, 5, 55, 24, 35, 54, 38, 31, 92, 46, 68, 49, 39, 72, 95, 19, 34, 7, 59, 76, 40, 84, 25, 29, 6, 75, 90, 16, 17, 36, 10, 3, 88, 98, 65, 63, 69, 41, 91, 23, 30, 48, 60, 50, 27, 83, 9, 12, 56, 58, 80, 97, 85, 82, 44, 18, 22, 79, 21, 37, 43, 77, 74, 47, 8, 86, 64, 13, 67, 71, 42, 93, 1, 4, 15, 45, 87, 81, 78];[0, 1, 2, 3, 4, 8, 9, 10, 11, 12, 13, 15, 16, 17, 18, 19, 20, 21, 22, 23, 24, 26, 27, 28, 31, 34, 35, 36, 37, 40, 41, 42, 43, 44, 45, 47, 48, 49, 50, 51, 54, 56, 57, 58, 59, 60, 62, 64, 65, 66, 67, 68, 69, 70, 71, 72, 73, 74, 76, 77, 78, 79, 80, 81, 82, 84, 85, 86, 87, 91, 92, 93, 94, 95, 96, 97, 98, 99]"
16539.536649,-43910.000000,"[0, 57, 66, 52, 62, 94, 11, 32, 70, 61, 26, 2, 73, 20, 33, 14, 28, 89, 51, 99, 96, 53, 5, 55, 24, 35, 54, 38, 31, 92, 46, 68, 49, 39, 72, 95, 19, 34, 7, 59, 76, 40, 84, 25, 29, 6, 75, 90, 16, 17, 36, 10, 3, 88, 98, 65, 63, 69, 41, 91, 23, 30, 48, 60, 50, 27, 83, 9, 12, 56, 58, 80, 97, 85, 82, 44, 18, 22, 79, 21, 37, 43, 77, 74, 47, 8, 86, 64, 13, 67, 71, 42, 93, 1, 4, 15, 45, 87, 81, 78];[0, 1, 2, 3, 4, 8, 9, 10, 11, 12, 13, 15, 16, 17, 18, 19, 20, 21, 22, 23, 24, 26, 27, 28, 31, 34, 35, 36, 37, 40, 41, 42, 43, 45, 47, 48, 49, 50, 51, 54, 56, 57, 58, 59, 60, 62, 64, 65, 66, 67, 68, 69, 70, 71, 72, 73, 74, 76, 77, 78, 79, 80, 81, 82, 84, 85, 86, 87, 91, 92, 93, 94, 95, 96, 97, 98, 99]"
9515.089129,-22189.000000,"[0, 57, 66, 52, 62, 94, 11, 32, 70, 61, 26, 2, 73, 20, 33, 14, 28, 89, 51, 99, 96, 53, 5, 55, 24, 35, 54, 38, 31, 92, 46, 68, 49, 39, 72, 95, 19, 34, 7, 59, 76, 40, 84, 25, 29, 6, 75, 90, 16, 17, 36, 10, 3, 88, 98, 65, 63, 69, 41, 91, 23, 30, 48, 60, 50, 27, 83, 9, 12, 56, 58, 80, 97, 85, 82, 18, 44, 22, 79, 21, 37, 43, 77, 74, 47, 8, 86, 64, 13, 67, 71, 42, 93, 1, 4, 15, 45, 87, 81, 78];[64, 1, 67, 4, 68, 69, 70, 71, 8, 72, 9, 74, 12, 13, 78, 15, 16, 17, 81, 18, 82, 84, 85, 86, 23, 87, 28, 92, 93, 97, 42, 47, 56, 57, 58]"
18813.750774,-45019.000000,"[0, 57, 66, 52, 62, 94, 11, 32, 70, 61, 26, 2, 73, 20, 33, 14, 28, 89, 51, 99, 96, 53, 5, 55, 24, 35, 54, 38, 31, 92, 46, 68, 49, 39, 72, 95, 19, 34, 7, 59, 76, 40, 84, 25, 29, 6, 75, 90, 16, 17, 36, 10, 3, 88, 98, 65, 63, 69, 41, 91, 23, 30, 48, 60, 50, 27, 83, 9, 12, 56, 58, 80, 97, 85, 82, 44, 18, 22, 79, 21, 37, 43, 77, 74, 47, 8, 86, 64, 13, 67, 71, 42, 93, 1, 4, 15, 45, 87, 81, 78];[0, 1, 2, 3, 4, 8, 9, 10, 11, 12, 13, 15, 16, 17, 18, 19, 20, 21, 22, 23, 24, 26, 27, 28, 31, 34, 35, 36, 37, 39, 40, 41, 42, 43, 44, 45, 47, 48, 49, 50, 51, 54, 56, 57, 58, 59, 60, 61, 62, 63, 64, 65, 66, 67, 68, 69, 70, 71, 72, 73, 74, 76, 77, 78, 79, 80, 81, 82, 84, 85, 86, 87, 90, 91, 92, 93, 94, 95, 96, 97, 98, 99]"
14020.054612,-41081.000000,"[0, 57, 66, 52, 62, 94, 11, 32, 70, 61, 26, 2, 73, 20, 33, 14, 28, 89, 51, 99, 96, 53, 5, 55, 24, 35, 54, 38, 31, 92, 46, 68, 49, 39, 72, 95, 19, 34, 7, 59, 76, 40, 84, 25, 29, 6, 75, 90, 16, 17, 36, 10, 3, 88, 98, 65, 63, 69, 41, 91, 23, 30, 48, 60, 50, 27, 83, 9, 12, 56, 58, 80, 97, 85, 82, 44, 18, 22, 79, 21, 37, 43, 77, 74, 47, 8, 86, 64, 13, 67, 71, 42, 93, 1, 4, 15, 45, 87, 81, 78];[0, 1, 2, 3, 4, 8, 9, 10, 11, 12, 13, 15, 16, 17, 18, 21, 22, 23, 24, 28, 31, 34, 35, 36, 37, 40, 41, 42, 43, 44, 45, 47, 48, 49, 50, 51, 54, 56, 57, 58, 59, 60, 62, 64, 65, 66, 67, 68, 69, 70, 71, 72, 74, 76, 77, 78, 79, 81, 82, 84, 85, 86, 87, 91, 92, 93, 94, 95, 96, 97, 98, 99]"
8996.647422,-10641.000000,"[0, 57, 66, 52, 62, 94, 11, 32, 70, 61, 26, 2, 73, 20, 33, 14, 28, 89, 51, 99, 96, 53, 5, 55, 24, 35, 54, 38, 31, 92, 46, 68, 49, 39, 72, 95, 19, 34, 7, 59, 76, 40, 84, 25, 29, 6, 75, 90, 16, 17, 36, 10, 3, 88, 98, 65, 63, 69, 41, 91, 23, 30, 48, 60, 50, 27, 83, 9, 12, 56, 58, 80, 97, 85, 82, 44, 18, 22, 79, 21, 37, 43, 77, 74, 47, 8, 86, 64, 13, 67, 71, 42, 93, 1, 4, 15, 45, 87, 81, 78];[1, 4, 68, 70, 71, 8, 42, 12, 13, 15, 81, 82, 84, 21, 87, 56, 58]"
16902.913972,-44166.000000,"[0, 57, 66, 52, 62, 94, 11, 32, 70, 61, 26, 2, 73, 20, 33, 14, 28, 89, 51, 99, 96, 53, 5, 55, 24, 35, 54, 38, 31, 92, 46, 68, 49, 39, 72, 95, 19, 34, 7, 59, 76, 40, 84, 25, 29, 6, 75, 90, 16, 17, 36, 10, 3, 88, 98, 65, 63, 69, 41, 91, 23, 30, 48, 60, 50, 27, 83, 9, 12, 56, 58, 80, 97, 85, 82, 44, 18, 22, 79, 21, 37, 43, 77, 74, 47, 8, 86, 64, 13, 67, 71, 42, 93, 1, 4, 15, 45, 87, 81, 78];[0, 1, 2, 3, 4, 8, 9, 10, 11, 12, 13, 15, 16, 17, 18, 19, 20, 21, 22, 23, 24, 26, 28, 31, 34, 35, 36, 37, 40, 41, 42, 43, 44, 45, 47, 48, 49, 50, 51, 54, 56, 57, 58, 59, 60, 62, 63, 64, 65, 66, 67, 68, 69, 70, 71, 72, 73, 74, 76, 77, 78, 79, 80, 81, 82, 84, 85, 86, 87, 91, 92, 93, 94, 95, 96, 97, 98, 99]"
18668.378256,-44982.000000,"[0, 57, 66, 52, 62, 94, 11, 32, 70, 61, 26, 2, 73, 20, 33, 14, 28, 89, 51, 99, 96, 53, 5, 55, 24, 35, 54, 38, 31, 92, 46, 68, 49, 39, 72, 95, 19, 34, 7, 59, 76, 40, 84, 25, 29, 6, 75, 90, 16, 17, 36, 10, 3, 88, 98, 65, 63, 69, 41, 91, 23, 30, 48, 60, 50, 27, 83, 9, 12, 56, 58, 80, 97, 85, 82, 44, 18, 22, 79, 21, 37, 43, 77, 74, 47, 8, 86, 64, 13, 67, 71, 42, 93, 1, 4, 15, 45, 87, 81, 78];[0, 1, 2, 3, 4, 8, 9, 10, 11, 12, 13, 15, 16, 17, 18, 19, 20, 21, 22, 23, 24, 26, 27, 28, 31, 32, 34, 35, 36, 37, 39, 40, 41, 42, 43, 44, 45, 47, 48, 49, 50, 51, 54, 56, 57, 58, 59, 60, 62, 63, 64, 65, 66, 67, 68, 69, 70, 71, 72, 73, 74, 76, 77, 78, 79, 80, 81, 82, 84, 85, 86, 87, 91, 92, 93, 94, 95, 96, 97, 98, 99]"
14959.960581,-42285.000000,"[0, 57, 66, 52, 62, 94, 11, 32, 70, 61, 26, 2, 73, 20, 33, 14, 28, 89, 51, 99, 96, 53, 5, 55, 24, 35, 54, 38, 31, 92, 46, 68, 49, 39, 72, 95, 19, 34, 7, 59, 76, 40, 84, 25, 29, 6, 75, 90, 16, 17, 36, 10, 3, 88, 98, 65, 63, 69, 41, 91, 23, 30, 48, 60, 50, 27, 83, 9, 12, 56, 58, 80, 97, 85, 82, 44, 18, 22, 79, 21, 37, 43, 77, 74, 47, 8, 86, 64, 13, 67, 71, 42, 93, 1, 4, 15, 45, 87, 81, 78];[0, 1, 2, 3, 4, 8, 9, 10, 12, 13, 15, 16, 17, 18, 19, 21, 22, 23, 24, 28, 31, 34, 35, 36, 37, 40, 41, 42, 43, 45, 47, 48, 49, 50, 51, 54, 56, 57, 58, 59, 60, 62, 63, 64, 65, 66, 67, 68, 69, 70, 71, 72, 73, 74, 76, 77, 78, 79, 80, 81, 82, 84, 85, 86, 87, 91, 92, 93, 94, 95, 96, 97, 98, 99]"
11108.659594,-33272.000000,"[0, 57, 66, 52, 62, 94, 11, 32, 70, 61, 26, 2, 73, 20, 33, 14, 28, 89, 51, 99, 96, 53, 5, 55, 24, 35, 54, 38, 31, 92, 46, 68, 49, 39, 72, 95, 19, 34, 7, 76, 59, 40, 84, 25, 29, 6, 75, 90, 16, 17, 36, 10, 3, 88, 98, 65, 63, 69, 41, 91, 23, 30, 48, 60, 50, 27, 83, 9, 12, 56, 58, 80, 97, 85, 82, 44, 18, 22, 79, 21, 37, 43, 77, 74, 47, 8, 86, 64, 13, 67, 71, 42, 93, 1, 4, 15, 45, 87, 81, 78];[0, 1, 2, 3, 4, 8, 9, 10, 12, 13, 15, 16, 17, 18, 23, 28, 31, 34, 35, 36, 37, 42, 45, 47, 49, 50, 51, 56, 57, 58, 64, 65, 66, 67, 68, 69, 70, 71, 72, 74, 77, 78, 81, 82, 84, 85, 86, 87, 91, 92, 93, 94, 97]"
13673.224109,-40476.000000,"[0, 57, 66, 52, 62, 94, 11, 32, 70, 61, 26, 2, 73, 20, 33, 14, 28, 89, 51, 99, 96, 53, 5, 55, 24, 35, 54, 38, 31, 92, 46, 68, 49, 39, 72, 95, 19, 34, 7, 59, 76, 40, 84, 25, 29, 6, 75, 90, 16, 17, 36, 10, 3, 88, 98, 65, 63, 69, 41, 91, 23, 30, 48, 60, 50, 27, 83, 9, 12, 56, 58, 80, 97, 85, 82, 44, 18, 22, 79, 21, 37, 43, 77, 74, 47, 8, 86, 64, 13, 67, 71, 42, 93, 1, 4, 15, 45, 87, 81, 78];[0, 1, 2, 3, 4, 8, 9, 10, 12, 13, 15, 16, 17, 18, 21, 22, 23, 24, 28, 31, 34, 35, 36, 37, 40, 41, 42, 43, 44, 45, 47, 48, 49, 50, 51, 54, 56, 57, 58, 59, 60, 62, 64, 65, 66, 67, 68, 69, 70, 71, 72, 74, 76, 77, 78, 79, 80, 81, 82, 84, 85, 86, 87, 91, 92, 93, 94, 95, 97, 98, 99]"
16175.930309,-43538.000000,"[0, 57, 66, 52, 62, 94, 11, 32, 70, 61, 26, 2, 73, 20, 33, 14, 28, 89, 51, 99, 96, 53, 5, 55, 24, 35, 54, 38, 31, 92, 46, 68, 49, 39, 72, 95, 19, 34, 7, 59, 76, 40, 84, 25, 29, 6, 75, 90, 16, 17, 36, 10, 3, 88, 98, 65, 63, 69, 41, 91, 23, 30, 48, 60, 50, 27, 83, 9, 12, 56, 58, 80, 97, 85, 82, 44, 18, 22, 79, 21, 37, 43, 77, 74, 47, 8, 86, 64, 13, 67, 71, 42, 93, 1, 4, 15, 45, 87, 81, 78];[0, 1, 2, 3, 4, 8, 9, 10, 11, 12, 13, 15, 16, 17, 18, 19, 20, 21, 22, 23, 24, 26, 27, 28, 31, 34, 35, 36, 37, 40, 41, 42, 43, 44, 45, 47, 48, 49, 50, 51, 54, 56, 57, 58, 59, 60, 62, 64, 65, 66, 67, 68, 69, 70, 71, 72, 74, 76, 77, 78, 79, 80, 81, 82, 84, 85, 86, 87, 91, 92, 93, 94, 95, 96, 97, 98, 99]"
17982.174050,-44732.000000,"[0, 57, 66, 52, 62, 94, 11, 32, 70, 61, 26, 2, 73, 20, 33, 14, 28, 89, 51, 99, 96, 53, 5, 55, 24, 35, 54, 38, 31, 92, 46, 68, 49, 39, 72, 95, 19, 34, 7, 59, 76, 40, 84, 25, 29, 6, 75, 90, 16, 17, 36, 10, 3, 88, 98, 65, 63, 69, 41, 91, 23, 30, 48, 60, 50, 27, 83, 9, 12, 56, 58, 80, 97, 85, 82, 44, 18, 22, 79, 21, 37, 43, 77, 74, 47, 8, 86, 64, 13, 67, 71, 42, 93, 1, 4, 15, 45, 87, 81, 78];[0, 1, 2, 3, 4, 8, 9, 10, 11, 12, 13, 15, 16, 17, 18, 19, 20, 21, 22, 23, 24, 26, 27, 28, 31, 34, 35, 36, 37, 39, 40, 41, 42, 43, 44, 45, 47, 48, 49, 50, 51, 54, 56, 57, 58, 59, 60, 61, 62, 63, 64, 65, 66, 67, 68, 69, 70, 71, 72, 73, 74, 76, 77, 78, 79, 80, 81, 82, 84, 85, 86, 87, 91, 92, 93, 94, 95, 96, 97, 98, 99]"
10325.527372,-29335.000000,"[0, 57, 66, 52, 62, 94, 11, 32, 70, 61, 26, 2, 73, 20, 33, 14, 28, 89, 51, 99, 96, 53, 5, 55, 24, 35, 54, 38, 31, 92, 46, 68, 49, 39, 72, 95, 19, 34, 7, 59, 76, 40, 84, 25, 29, 6, 75, 90, 16, 17, 36, 10, 3, 88, 98, 65, 63, 69, 41, 91, 23, 30, 48, 60, 50, 27, 83, 9, 12, 56, 58, 80, 97, 85, 82, 44, 18, 22, 79, 21, 37, 43, 77, 74, 47, 8, 86, 64, 13, 67, 71, 42, 93, 1, 4, 15, 45, 87, 81, 78];[64, 1, 65, 66, 67, 4, 68, 69, 70, 71, 8, 72, 9, 74, 12, 13, 77, 78, 15, 16, 81, 18, 82, 84, 21, 85, 86, 87, 91, 28, 92, 93, 94, 31, 97, 34, 36, 37, 42, 45, 47, 49, 50, 51, 56, 57, 58]"
10551.203603,-31073.000000,"[0, 57, 66, 52, 62, 94, 11, 32, 70, 61, 26, 2, 73, 20, 33, 14, 28, 89, 51, 99, 96, 53, 5, 55, 24, 35, 54, 38, 31, 92, 46, 68, 49, 39, 72, 95, 19, 34, 7, 76, 59, 40, 84, 25, 29, 6, 75, 90, 16, 17, 36, 10, 3, 88, 98, 65, 63, 69, 41, 91, 23, 30, 48, 60, 50, 27, 83, 9, 12, 56, 58, 80, 97, 85, 82, 44, 18, 22, 79, 21, 37, 43, 77, 74, 47, 8, 86, 64, 13, 67, 71, 42, 93, 1, 4, 15, 45, 87, 81, 78];[1, 4, 8, 9, 12, 13, 15, 16, 17, 18, 23, 28, 31, 34, 35, 36, 37, 42, 45, 47, 49, 50, 51, 56, 57, 58, 64, 65, 66, 67, 68, 69, 70, 71, 72, 74, 77, 78, 81, 82, 84, 85, 86, 87, 91, 92, 93, 94, 97]"
10145.490664,-28147.000000,"[0, 57, 66, 52, 62, 94, 11, 32, 70, 61, 26, 2, 73, 20, 33, 14, 28, 89, 51, 99, 96, 53, 5, 55, 24, 35, 54, 38, 31, 92, 46, 68, 49, 39, 72, 95, 19, 34, 7, 76, 59, 40, 84, 25, 29, 6, 75, 90, 16, 17, 36, 10, 3, 88, 98, 65, 63, 69, 41, 91, 23, 30, 48, 60, 50, 27, 83, 9, 12, 56, 58, 80, 97, 85, 82, 44, 18, 22, 79, 21, 37, 43, 77, 74, 47, 8, 86, 64, 13, 67, 71, 42, 93, 1, 4, 15, 45, 87, 81, 78];[64, 1, 65, 66, 67, 4, 68, 69, 70, 71, 8, 72, 9, 74, 12, 13, 77, 78, 15, 16, 81, 18, 82, 84, 21, 85, 86, 23, 87, 28, 92, 93, 31, 97, 34, 36, 37, 42, 45, 47, 49, 50, 56, 57, 58]"
13888.728483,-40851.000000,"[0, 57, 66, 52, 62, 94, 11, 32, 70, 61, 26, 2, 73, 20, 33, 14, 28, 89, 51, 99, 96, 53, 5, 55, 24, 35, 54, 38, 31, 92, 46, 68, 49, 39, 72, 95, 19, 34, 7, 59, 76, 40, 84, 25, 29, 6, 75, 90, 16, 17, 36, 10, 3, 88, 98, 65, 63, 69, 41, 91, 23, 30, 48, 60, 50, 27, 83, 9, 12, 56, 58, 80, 97, 85, 82, 44, 18, 22, 79, 21, 37, 43, 77, 74, 47, 8, 86, 64, 13, 67, 71, 42, 93, 1, 4, 15, 45, 87, 81, 78];[0, 1, 2, 3, 4, 8, 9, 10, 12, 13, 15, 16, 17, 18, 21, 22, 23, 24, 28, 31, 34, 35, 36, 37, 40, 41, 42, 43, 44, 45, 47, 48, 49, 50, 51, 54, 56, 57, 58, 59, 60, 62, 64, 65, 66, 67, 68, 69, 70, 71, 72, 74, 76, 77, 78, 79, 80, 81, 82, 84, 85, 86, 87, 91, 92, 93, 94, 95, 96, 97, 98, 99]"
17465.601354,-44470.000000,"[0, 57, 66, 52, 62, 94, 11, 32, 70, 61, 26, 2, 73, 20, 33, 14, 28, 89, 51, 99, 96, 53, 5, 55, 24, 35, 54, 38, 31, 92, 46, 68, 49, 39, 72, 95, 19, 34, 7, 59, 76, 40, 84, 25, 29, 6, 75, 90, 16, 17, 36, 10, 3, 88, 98, 65, 63, 69, 41, 91, 23, 30, 48, 60, 50, 27, 83, 9, 12, 56, 58, 80, 97, 85, 82, 44, 18, 22, 79, 21, 37, 43, 77, 74, 47, 8, 86, 64, 13, 67, 71, 42, 93, 1, 4, 15, 45, 87, 81, 78];[0, 1, 2, 3, 4, 8, 9, 10, 11, 12, 13, 15, 16, 17, 18, 19, 20, 21, 22, 23, 24, 26, 27, 28, 31, 34, 35, 36, 37, 39, 40, 41, 42, 43, 45, 47, 48, 49, 50, 51, 54, 56, 57, 58, 59, 60, 62, 63, 64, 65, 66, 67, 68, 69, 70, 71, 72, 73, 74, 76, 77, 78, 79, 80, 81, 82, 84, 85, 86, 87, 91, 92, 93, 94, 95, 96, 97, 98, 99]"
17872.232738,-44604.000000,"[0, 57, 66, 52, 62, 94, 11, 32, 70, 61, 26, 2, 73, 20, 33, 14, 28, 89, 51, 99, 96, 53, 5, 55, 24, 35, 54, 38, 31, 92, 46, 68, 49, 39, 72, 95, 19, 34, 7, 59, 76, 40, 84, 25, 29, 6, 75, 90, 16, 17, 36, 10, 3, 88, 98, 65, 63, 69, 41, 91, 23, 30, 48, 60, 50, 27, 83, 9, 12, 56, 58, 80, 97, 85, 82, 44, 18, 22, 79, 21, 37, 43, 77, 74, 47, 8, 86, 64, 13, 67, 71, 42, 93, 1, 4, 15, 45, 87, 81, 78];[0, 1, 2, 3, 4, 8, 9, 10, 11, 12, 13, 15, 16, 17, 18, 19, 20, 21, 22, 23, 24, 25, 26, 27, 28, 31, 34, 35, 36, 37, 40, 41, 42, 43, 44, 45, 47, 48, 49, 50, 51, 54, 55, 56, 57, 58, 59, 60, 61, 62, 63, 64, 65, 66, 67, 68, 69, 70, 71, 72, 73, 74, 76, 77, 78, 79, 80, 81, 82, 84, 85, 86, 87, 91, 92, 93, 94, 95, 96, 97, 98, 99]"
9995.107862,-26595.000000,"[0, 57, 66, 52, 62, 94, 11, 32, 70, 61, 26, 2, 73, 20, 33, 14, 28, 89, 51, 99, 96, 53, 5, 55, 24, 35, 54, 38, 31, 92, 46, 68, 49, 39, 72, 95, 19, 34, 7, 59, 76, 40, 84, 25, 29, 6, 75, 90, 16, 17, 36, 10, 3, 88, 98, 65, 63, 69, 41, 91, 23, 30, 48, 60, 50, 27, 83, 9, 12, 56, 58, 80, 97, 85, 82, 44, 18, 22, 79, 21, 37, 43, 77, 74, 47, 8, 86, 64, 13, 67, 71, 42, 93, 1, 4, 15, 45, 87, 81, 78];[64, 1, 65, 66, 67, 4, 68, 69, 70, 71, 8, 72, 9, 74, 12, 13, 77, 78, 15, 16, 81, 18, 82, 84, 21, 85, 86, 87, 91, 28, 92, 93, 94, 97, 34, 42, 47, 49, 50, 56, 57, 58]"
10706.605561,-31739.000000,"[0, 57, 66, 52, 62, 94, 11, 32, 70, 61, 26, 2, 73, 20, 33, 14, 28, 89, 51, 99, 96, 53, 5, 55, 24, 35, 54, 38, 31, 92, 46, 68, 49, 39, 72, 95, 19, 34, 7, 76, 59, 40, 84, 25, 29, 6, 75, 90, 16, 17, 36, 10, 3, 88, 98, 65, 63, 69, 41, 91, 23, 30, 48, 60, 50, 27, 83, 9, 12, 56, 58, 80, 97, 85, 82, 44, 18, 22, 79, 21, 37, 43, 77, 74, 47, 8, 86, 64, 13, 67, 71, 42, 93, 1, 4, 15, 45, 87, 81, 78];[1, 4, 8, 9, 12, 13, 15, 16, 17, 18, 23, 28, 31, 34, 36, 37, 42, 45, 47, 49, 50, 56, 57, 58, 64, 65, 66, 67, 68, 69, 70, 71, 72, 74, 77, 78, 81, 82, 84, 85, 86, 87, 91, 92, 93, 94, 95, 96, 97, 98, 99]"
10930.049917,-32949.000000,"[0, 57, 66, 52, 62, 94, 11, 32, 70, 61, 26, 2, 73, 20, 33, 14, 28, 89, 51, 99, 96, 53, 5, 55, 24, 35, 54, 38, 31, 92, 46, 68, 49, 39, 72, 95, 19, 34, 7, 59, 76, 40, 84, 25, 29, 6, 75, 90, 16, 17, 36, 10, 3, 88, 98, 65, 63, 69, 41, 91, 23, 30, 48, 60, 50, 27, 83, 9, 12, 56, 58, 80, 97, 85, 82, 44, 18, 22, 79, 21, 37, 43, 77, 74, 47, 8, 86, 64, 13, 67, 71, 42, 93, 1, 4, 15, 45, 87, 81, 78];[1, 4, 8, 9, 10, 12, 13, 15, 16, 17, 18, 21, 23, 28, 31, 34, 35, 36, 37, 42, 45, 47, 49, 50, 56, 57, 58, 64, 65, 66, 67, 68, 69, 70, 71, 72, 74, 77, 78, 81, 82, 84, 85, 86, 87, 91, 92, 93, 94, 95, 96, 97, 98, 99]"
19337.777834,-45137.000000,"[0, 57, 66, 52, 62, 94, 11, 32, 70, 61, 26, 2, 73, 20, 33, 14, 28, 89, 51, 99, 96, 53, 5, 55, 24, 35, 54, 38, 31, 92, 46, 68, 49, 39, 72, 95, 19, 34, 7, 59, 76, 40, 84, 25, 29, 6, 75, 90, 16, 17, 36, 10, 3, 88, 98, 65, 63, 69, 41, 91, 23, 30, 48, 60, 50, 27, 83, 9, 12, 56, 58, 80, 97, 85, 82, 44, 18, 22, 79, 21, 37, 43, 77, 74, 47, 8, 86, 64, 13, 67, 71, 42, 93, 1, 4, 15, 45, 87, 81, 78];[0, 1, 2, 3, 4, 8, 9, 10, 11, 12, 13, 15, 16, 17, 18, 19, 20, 21, 22, 23, 24, 26, 27, 28, 31, 32, 34, 35, 36, 37, 40, 41, 42, 43, 44, 45, 47, 48, 49, 50, 51, 54, 56, 57, 58, 59, 60, 61, 62, 63, 64, 65, 66, 67, 68, 69, 70, 71, 72, 73, 74, 76, 77, 78, 79, 80, 81, 82, 84, 85, 86, 87, 90, 91, 92, 93, 94, 96, 97, 98, 99]"
10843.996788,-32335.000000,"[0, 57, 66, 52, 62, 94, 11, 32, 70, 61, 26, 2, 73, 20, 33, 14, 28, 89, 51, 99, 96, 53, 5, 55, 24, 35, 54, 38, 31, 92, 46, 68, 49, 39, 72, 95, 19, 34, 7, 76, 59, 40, 84, 25, 29, 6, 75, 90, 16, 17, 36, 10, 3, 88, 98, 65, 63, 69, 41, 91, 23, 30, 48, 60, 50, 27, 83, 9, 12, 56, 58, 80, 97, 85, 82, 44, 18, 22, 79, 21, 37, 43, 77, 74, 47, 8, 86, 64, 13, 67, 71, 42, 93, 1, 4, 15, 45, 87, 81, 78];[1, 4, 8, 9, 10, 12, 13, 15, 16, 17, 18, 23, 28, 31, 34, 35, 36, 37, 45, 47, 49, 50, 51, 56, 57, 58, 64, 65, 66, 67, 68, 69, 70, 71, 72, 74, 77, 78, 81, 82, 84, 85, 86, 87, 91, 92, 93, 94, 95, 97, 98, 99]"
10217.201721,-28698.000000,"[0, 57, 66, 52, 62, 94, 11, 32, 70, 61, 26, 2, 73, 20, 33, 14, 28, 89, 51, 99, 96, 53, 5, 55, 24, 35, 54, 38, 31, 92, 46, 68, 49, 39, 72, 95, 19, 34, 7, 59, 76, 40, 84, 25, 29, 6, 75, 90, 16, 17, 36, 10, 3, 88, 98, 65, 63, 69, 41, 91, 23, 30, 48, 60, 50, 27, 83, 9, 12, 56, 58, 80, 97, 85, 82, 44, 18, 22, 79, 21, 37, 43, 77, 74, 47, 8, 86, 64, 13, 67, 71, 42, 93, 1, 4, 15, 45, 87, 81, 78];[64, 1, 65, 66, 67, 4, 68, 69, 70, 71, 8, 72, 9, 74, 12, 13, 77, 78, 15, 16, 17, 81, 18, 82, 84, 21, 85, 22, 86, 87, 28, 92, 93, 31, 97, 34, 36, 37, 42, 45, 47, 49, 50, 56, 57, 58]"
9783.333794,-24752.000000,"[0, 57, 66, 52, 62, 94, 11, 32, 70, 61, 26, 2, 73, 20, 33, 14, 28, 89, 51, 99, 96, 53, 5, 55, 24, 35, 54, 38, 31, 92, 46, 68, 49, 39, 72, 95, 19, 34, 7, 59, 76, 40, 84, 25, 29, 6, 75, 90, 16, 17, 36, 10, 3, 88, 98, 65, 63, 69, 41, 91, 23, 30, 48, 60, 50, 27, 83, 9, 12, 56, 58, 80, 97, 85, 82, 44, 18, 22, 79, 21, 37, 43, 77, 74, 47, 8, 86, 64, 13, 67, 71, 42, 93, 1, 4, 15, 45, 87, 81, 78];[64, 1, 67, 4, 68, 69, 70, 71, 8, 72, 74, 12, 13, 77, 78, 15, 16, 17, 81, 18, 82, 84, 85, 86, 23, 87, 28, 92, 93, 31, 97, 34, 36, 37, 42, 45, 47, 56, 57, 58]"
11921.629799,-36429.000000,"[0, 57, 66, 52, 62, 94, 11, 32, 70, 61, 26, 2, 73, 20, 33, 14, 28, 89, 51, 99, 96, 53, 5, 55, 24, 35, 54, 38, 31, 92, 46, 68, 49, 39, 72, 95, 19, 34, 7, 59, 76, 40, 84, 25, 29, 6, 75, 90, 16, 17, 36, 10, 3, 88, 98, 65, 63, 69, 41, 91, 23, 30, 48, 60, 50, 27, 83, 9, 12, 56, 58, 80, 97, 85, 82, 44, 18, 22, 79, 21, 37, 43, 77, 74, 47, 8, 86, 64, 13, 67, 71, 42, 93, 1, 4, 15, 45, 87, 81, 78];[1, 4, 8, 9, 10, 12, 13, 15, 16, 17, 18, 21, 23, 28, 31, 34, 35, 36, 37, 40, 41, 42, 43, 44, 45, 47, 49, 50, 51, 56, 57, 58, 59, 60, 62, 64, 65, 66, 67, 68, 69, 70, 71, 72, 74, 76, 77, 78, 81, 82, 84, 85, 86, 87, 91, 92, 93, 94, 95, 96, 97, 98, 99]"
12261.590638,-37368.000000,"[0, 57, 66, 52, 62, 94, 11, 32, 70, 61, 26, 2, 73, 20, 33, 14, 28, 89, 51, 99, 96, 53, 5, 55, 24, 35, 54, 38, 31, 92, 46, 68, 49, 39, 72, 95, 19, 34, 7, 59, 76, 40, 84, 25, 29, 6, 75, 90, 16, 17, 36, 10, 3, 88, 98, 65, 63, 69, 41, 91, 23, 30, 48, 60, 50, 27, 83, 9, 12, 56, 58, 80, 97, 85, 82, 44, 18, 22, 79, 21, 37, 43, 77, 74, 47, 8, 86, 64, 13, 67, 71, 42, 93, 1, 4, 15, 45, 87, 81, 78];[1, 4, 8, 9, 10, 12, 13, 15, 16, 17, 18, 21, 22, 23, 28, 31, 34, 35, 36, 37, 42, 45, 47, 48, 49, 50, 51, 54, 56, 57, 58, 59, 60, 62, 64, 65, 66, 67, 68, 69, 70, 71, 72, 74, 76, 77, 78, 79, 80, 81, 82, 84, 85, 86, 87, 91, 92, 93, 94, 95, 96, 97, 98, 99]"
10144.112605,-27689.000000,"[0, 57, 66, 52, 62, 94, 11, 32, 70, 61, 26, 2, 73, 20, 33, 14, 28, 89, 51, 99, 96, 53, 5, 55, 24, 35, 54, 38, 31, 92, 46, 68, 49, 39, 72, 95, 19, 34, 7, 76, 59, 40, 84, 25, 29, 6, 75, 90, 16, 17, 36, 10, 3, 88, 98, 65, 63, 69, 41, 91, 23, 30, 48, 60, 50, 27, 83, 9, 12, 56, 58, 80, 97, 85, 82, 44, 18, 22, 79, 21, 37, 43, 77, 74, 47, 8, 86, 64, 13, 67, 71, 42, 93, 1, 4, 15, 45, 87, 81, 78];[64, 1, 65, 66, 67, 4, 68, 69, 70, 71, 8, 72, 9, 74, 12, 13, 77, 78, 15, 16, 81, 18, 82, 84, 21, 85, 86, 23, 87, 28, 92, 93, 31, 34, 36, 37, 42, 45, 47, 49, 50, 51, 56, 57, 58]"
11261.532040,-34366.000000,"[0, 57, 66, 52, 62, 94, 11, 32, 70, 61, 26, 2, 73, 20, 33, 14, 28, 89, 51, 99, 96, 53, 5, 55, 24, 35, 54, 38, 31, 92, 46, 68, 49, 39, 72, 95, 19, 34, 7, 59, 76, 40, 84, 25, 29, 6, 75, 90, 16, 17, 36, 10, 3, 88, 98, 65, 63, 69, 41, 91, 23, 30, 48, 60, 50, 27, 83, 9, 12, 56, 58, 80, 97, 85, 82, 44, 18, 22, 79, 21, 37, 43, 77, 74, 47, 8, 86, 64, 13, 67, 71, 42, 93, 1, 4, 15, 45, 87, 81, 78];[1, 4, 8, 9, 10, 12, 13, 15, 16, 17, 18, 21, 23, 28, 31, 34, 35, 36, 37, 42, 45, 47, 49, 50, 51, 56, 57, 58, 59, 64, 65, 66, 67, 68, 69, 70, 71, 72, 74, 76, 77, 78, 79, 80, 81, 82, 84, 85, 86, 87, 91, 92, 93, 94, 95, 97, 98, 99]"
11760.658583,-35931.000000,"[0, 57, 66, 52, 62, 94, 11, 32, 70, 61, 26, 2, 73, 20, 33, 14, 28, 89, 51, 99, 96, 53, 5, 55, 24, 35, 54, 38, 31, 92, 46, 68, 49, 39, 72, 95, 19, 34, 7, 59, 76, 40, 84, 25, 29, 6, 75, 90, 16, 17, 36, 10, 3, 88, 98, 65, 63, 69, 41, 91, 23, 30, 48, 60, 50, 27, 83, 9, 12, 56, 58, 80, 97, 85, 82, 44, 18, 22, 79, 21, 37, 43, 77, 74, 47, 8, 86, 64, 13, 67, 71, 42, 93, 1, 4, 15, 45, 87, 81, 78];[1, 4, 8, 9, 10, 12, 13, 15, 16, 17, 18, 21, 23, 28, 31, 34, 35, 36, 37, 40, 41, 42, 43, 44, 45, 47, 49, 50, 51, 56, 57, 58, 59, 64, 65, 66, 67, 68, 69, 70, 71, 72, 74, 76, 77, 78, 79, 80, 81, 82, 84, 85, 86, 87, 91, 92, 93, 94, 95, 96, 97, 98, 99]"
10767.152358,-32330.000000,"[0, 57, 66, 52, 62, 94, 11, 32, 70, 61, 26, 2, 73, 20, 33, 14, 28, 89, 51, 99, 96, 53, 5, 55, 24, 35, 54, 38, 31, 92, 46, 68, 49, 39, 72, 95, 19, 34, 7, 76, 59, 40, 84, 25, 29, 6, 75, 90, 16, 17, 36, 10, 3, 88, 98, 65, 63, 69, 41, 91, 23, 30, 48, 60, 50, 27, 83, 9, 12, 56, 58, 80, 97, 85, 82, 44, 18, 22, 79, 21, 37, 43, 77, 74, 47, 8, 86, 64, 13, 67, 71, 42, 93, 1, 4, 15, 45, 87, 81, 78];[1, 4, 8, 9, 12, 13, 15, 16, 17, 18, 23, 28, 31, 34, 35, 36, 37, 42, 45, 47, 49, 50, 51, 56, 57, 58, 64, 65, 66, 67, 68, 69, 70, 71, 72, 74, 77, 78, 81, 82, 84, 85, 86, 87, 91, 92, 93, 94, 95, 97, 98, 99]"
20049.005997,-45315.000000,"[0, 57, 66, 52, 62, 94, 11, 32, 70, 61, 26, 2, 73, 20, 33, 14, 28, 89, 51, 99, 96, 53, 5, 55, 24, 35, 54, 38, 31, 92, 46, 68, 49, 39, 72, 95, 19, 34, 7, 59, 76, 40, 84, 25, 29, 6, 75, 90, 16, 17, 36, 10, 3, 88, 98, 65, 63, 69, 41, 91, 23, 30, 48, 60, 50, 27, 83, 9, 12, 56, 58, 80, 97, 85, 82, 44, 18, 22, 79, 21, 37, 43, 77, 74, 47, 8, 86, 64, 13, 67, 71, 42, 93, 1, 4, 15, 45, 87, 81, 78];[0, 1, 2, 3, 4, 8, 9, 10, 11, 12, 13, 15, 16, 17, 18, 19, 20, 21, 22, 23, 24, 26, 27, 28, 31, 32, 34, 35, 36, 37, 39, 40, 41, 42, 43, 44, 47, 48, 49, 50, 51, 54, 55, 56, 57, 58, 59, 60, 61, 62, 63, 64, 65, 66, 67, 68, 69, 70, 71, 72, 73, 74, 76, 77, 78, 79, 80, 81, 82, 84, 85, 86, 87, 90, 91, 92, 93, 94, 96, 97, 98, 99]"
19822.904596,-45306.000000,"[0, 57, 66, 52, 62, 94, 11, 32, 70, 61, 26, 2, 73, 20, 33, 14, 28, 89, 51, 99, 96, 53, 5, 55, 24, 35, 54, 38, 31, 92, 46, 68, 49, 39, 72, 95, 19, 34, 7, 59, 76, 40, 84, 25, 29, 6, 75, 90, 16, 17, 36, 10, 3, 88, 98, 65, 63, 69, 41, 91, 23, 30, 48, 60, 50, 27, 83, 9, 12, 56, 58, 80, 97, 85, 82, 44, 18, 22, 79, 21, 37, 43, 77, 74, 47, 8, 86, 64, 13, 67, 71, 42, 93, 1, 4, 15, 45, 87, 81, 78];[0, 1, 2, 3, 4, 8, 9, 10, 11, 12, 13, 15, 16, 17, 18, 19, 20, 21, 22, 23, 24, 26, 27, 28, 31, 32, 34, 35, 36, 37, 39, 40, 41, 42, 43, 44, 47, 48, 49, 50, 51, 54, 56, 57, 58, 59, 60, 61, 62, 63, 64, 65, 66, 67, 68, 69, 70, 71, 72, 73, 74, 76, 77, 78, 79, 80, 81, 82, 84, 85, 86, 87, 90, 91, 92, 93, 94, 95, 96, 97, 98, 99]"
10392.265465,-30107.000000,"[0, 57, 66, 52, 62, 94, 11, 32, 70, 61, 26, 2, 73, 20, 33, 14, 28, 89, 51, 99, 96, 53, 5, 55, 24, 35, 54, 38, 31, 92, 46, 68, 49, 39, 72, 95, 19, 34, 7, 76, 59, 40, 84, 25, 29, 6, 75, 90, 16, 17, 36, 10, 3, 88, 98, 65, 63, 69, 41, 91, 23, 30, 48, 60, 50, 27, 83, 9, 12, 56, 58, 80, 97, 85, 82, 44, 18, 22, 79, 21, 37, 43, 77, 74, 47, 8, 86, 64, 13, 67, 71, 42, 93, 1, 4, 15, 45, 87, 81, 78];[64, 1, 65, 66, 67, 4, 68, 69, 70, 71, 8, 72, 9, 74, 12, 13, 77, 78, 15, 16, 17, 81, 18, 82, 84, 85, 86, 23, 87, 91, 28, 92, 93, 94, 31, 97, 34, 36, 37, 42, 45, 47, 49, 50, 56, 57, 58]"
13166.908002,-39363.000000,"[0, 57, 66, 52, 62, 94, 11, 32, 70, 61, 26, 2, 73, 20, 33, 14, 28, 89, 51, 99, 96, 53, 5, 55, 24, 35, 54, 38, 31, 92, 46, 68, 49, 39, 72, 95, 19, 34, 7, 59, 76, 40, 84, 25, 29, 6, 75, 90, 16, 17, 36, 10, 3, 88, 98, 65, 63, 69, 41, 91, 23, 30, 48, 60, 50, 27, 83, 9, 12, 56, 58, 80, 97, 85, 82, 44, 18, 22, 79, 21, 37, 43, 77, 74, 47, 8, 86, 64, 13, 67, 71, 42, 93, 1, 4, 15, 45, 87, 81, 78];[0, 1, 2, 3, 4, 8, 9, 10, 11, 12, 13, 15, 16, 17, 18, 19, 21, 22, 23, 24, 28, 31, 34, 35, 36, 37, 40, 41, 42, 43, 45, 47, 48, 49, 50, 51, 56, 57, 58, 64, 65, 66, 67, 68, 69, 70, 71, 72, 74, 76, 77, 78, 81, 82, 84, 85, 86, 87, 91, 92, 93, 94, 95, 96, 97, 98, 99]"
11775.817154,-36107.000000,"[0, 57, 66, 52, 62, 94, 11, 32, 70, 61, 26, 2, 73, 20, 33, 14, 28, 89, 51, 99, 96, 53, 5, 55, 24, 35, 54, 38, 31, 92, 46, 68, 49, 39, 72, 95, 19, 34, 7, 59, 76, 40, 84, 25, 29, 6, 75, 90, 16, 17, 36, 10, 3, 88, 98, 65, 63, 69, 41, 91, 23, 30, 48, 60, 50, 27, 83, 9, 12, 56, 58, 80, 97, 85, 82, 44, 18, 22, 79, 21, 37, 43, 77, 74, 47, 8, 86, 64, 13, 67, 71, 42, 93, 1, 4, 15, 45, 87, 81, 78];[1, 4, 8, 9, 10, 12, 13, 15, 16, 17, 18, 21, 22, 23, 28, 31, 34, 35, 36, 37, 42, 45, 47, 48, 49, 50, 51, 56, 57, 58, 59, 60, 62, 64, 65, 66, 67, 68, 69, 70, 71, 72, 74, 76, 77, 78, 81, 82, 84, 85, 86, 87, 91, 92, 93, 94, 95, 96, 97, 98, 99]"
11138.648346,-33833.000000,"[0, 57, 66, 52, 62, 94, 11, 32, 70, 61, 26, 2, 73, 20, 33, 14, 28, 89, 51, 99, 96, 53, 5, 55, 24, 35, 54, 38, 31, 92, 46, 68, 49, 39, 72, 95, 19, 34, 7, 59, 76, 40, 84, 25, 29, 6, 75, 90, 16, 17, 36, 10, 3, 88, 98, 65, 63, 69, 41, 91, 23, 30, 48, 60, 50, 27, 83, 9, 12, 56, 58, 80, 97, 85, 82, 44, 18, 22, 79, 21, 37, 43, 77, 74, 47, 8, 86, 64, 13, 67, 71, 42, 93, 1, 4, 15, 45, 87, 81, 78];[1, 4, 8, 9, 10, 12, 13, 15, 16, 17, 18, 21, 23, 28, 31, 34, 35, 36, 37, 42, 45, 47, 49, 50, 51, 56, 57, 58, 64, 65, 66, 67, 68, 69, 70, 71, 72, 74, 76, 77, 78, 81, 82, 84, 85, 86, 87, 91, 92, 93, 94, 95, 96, 97, 98, 99]"
16037.036607,-43426.000000,"[0, 57, 66, 52, 62, 94, 11, 32, 70, 61, 26, 2, 73, 20, 33, 14, 28, 89, 51, 99, 96, 53, 5, 55, 24, 35, 54, 38, 31, 92, 46, 68, 49, 39, 72, 95, 19, 34, 7, 59, 76, 40, 84, 25, 29, 6, 75, 90, 16, 17, 36, 10, 3, 88, 98, 65, 63, 69, 41, 91, 23, 30, 48, 60, 50, 27, 83, 9, 12, 56, 58, 80, 97, 85, 82, 44, 18, 22, 79, 21, 37, 43, 77, 74, 47, 8, 86, 64, 13, 67, 71, 42, 93, 1, 4, 15, 45, 87, 81, 78];[0, 1, 2, 3, 4, 8, 9, 10, 11, 12, 13, 15, 16, 17, 18, 19, 20, 21, 22, 23, 24, 26, 27, 28, 31, 34, 35, 36, 37, 40, 41, 42, 43, 45, 47, 48, 49, 50, 51, 54, 56, 57, 58, 59, 60, 62, 64, 65, 66, 67, 68, 69, 70, 71, 72, 74, 76, 77, 78, 79, 80, 81, 82, 84, 85, 86, 87, 91, 92, 93, 94, 95, 96, 97, 98, 99]"
10376.102719,-29811.000000,"[0, 57, 66, 52, 62, 94, 11, 32, 70, 61, 26, 2, 73, 20, 33, 14, 28, 89, 51, 99, 96, 53, 5, 55, 24, 35, 54, 38, 31, 92, 46, 68, 49, 39, 72, 95, 19, 34, 7, 59, 76, 40, 84, 25, 29, 6, 75, 90, 16, 17, 36, 10, 3, 88, 98, 65, 63, 69, 41, 91, 23, 30, 48, 60, 50, 27, 83, 9, 12, 56, 58, 80, 97, 85, 82, 44, 18, 22, 79, 21, 37, 43, 77, 74, 47, 8, 86, 64, 13, 67, 71, 42, 93, 1, 4, 15, 45, 87, 81, 78];[64, 1, 65, 66, 67, 4, 68, 69, 70, 71, 8, 72, 9, 10, 74, 12, 13, 77, 78, 15, 16, 17, 81, 18, 82, 84, 21, 85, 22, 86, 23, 87, 28, 92, 93, 31, 97, 34, 36, 37, 42, 45, 47, 49, 50, 56, 57, 58]"
10271.968220,-28879.000000,"[0, 57, 66, 52, 62, 94, 11, 32, 70, 61, 26, 2, 73, 20, 33, 14, 28, 89, 51, 99, 96, 53, 5, 55, 24, 35, 54, 38, 31, 92, 46, 68, 49, 39, 72, 95, 19, 34, 7, 76, 59, 40, 84, 25, 29, 6, 75, 90, 16, 17, 36, 10, 3, 88, 98, 65, 63, 69, 41, 91, 23, 30, 48, 60, 50, 27, 83, 9, 12, 56, 58, 80, 97, 85, 82, 44, 18, 22, 79, 21, 37, 43, 77, 74, 47, 8, 86, 64, 13, 67, 71, 42, 93, 1, 4, 15, 45, 87, 81, 78];[64, 1, 65, 66, 67, 4, 68, 69, 70, 71, 8, 72, 9, 74, 12, 13, 77, 78, 15, 16, 17, 81, 18, 82, 84, 85, 86, 23, 87, 91, 28, 92, 93, 31, 34, 36, 37, 42, 45, 47, 49, 50, 56, 57, 58]"
12004.388140,-36743.000000,"[0, 57, 66, 52, 62, 94, 11, 32, 70, 61, 26, 2, 73, 20, 33, 14, 28, 89, 51, 99, 96, 53, 5, 55, 24, 35, 54, 38, 31, 92, 46, 68, 49, 39, 72, 95, 19, 34, 7, 59, 76, 40, 84, 25, 29, 6, 75, 90, 16, 17, 36, 10, 3, 88, 98, 65, 63, 69, 41, 91, 23, 30, 48, 60, 50, 27, 83, 9, 12, 56, 58, 80, 97, 85, 82, 44, 18, 22, 79, 21, 37, 43, 77, 74, 47, 8, 86, 64, 13, 67, 71, 42, 93, 1, 4, 15, 45, 87, 81, 78];[1, 4, 8, 9, 10, 12, 13, 15, 16, 17, 18, 21, 22, 23, 28, 31, 34, 35, 36, 37, 42, 45, 47, 48, 49, 50, 51, 56, 57, 58, 59, 60, 62, 64, 65, 66, 67, 68, 69, 70, 71, 72, 74, 76, 77, 78, 79, 80, 81, 82, 84, 85, 86, 87, 91, 92, 93, 94, 95, 96, 97, 98, 99]"
9052.832073,-12793.000000,"[0, 57, 66, 52, 62, 94, 11, 32, 70, 61, 26, 2, 73, 20, 33, 14, 28, 89, 51, 99, 96, 53, 5, 55, 24, 35, 54, 38, 31, 92, 46, 68, 49, 39, 72, 95, 19, 34, 7, 59, 76, 40, 84, 25, 29, 6, 75, 90, 16, 17, 36, 10, 3, 88, 98, 65, 63, 69, 41, 91, 23, 30, 48, 60, 50, 27, 83, 9, 12, 56, 58, 80, 97, 85, 82, 44, 18, 22, 79, 21, 37, 43, 77, 74, 47, 8, 86, 64, 13, 67, 71, 42, 93, 1, 4, 15, 45, 87, 81, 78];[1, 4, 70, 71, 8, 72, 42, 74, 12, 13, 78, 15, 81, 82, 84, 21, 86, 87, 56, 58, 92]"
15036.493544,-42514.000000,"[0, 57, 66, 52, 62, 94, 11, 32, 70, 61, 26, 2, 73, 20, 33, 14, 28, 89, 51, 99, 96, 53, 5, 55, 24, 35, 54, 38, 31, 92, 46, 68, 49, 39, 72, 95, 19, 34, 7, 59, 76, 40, 84, 25, 29, 6, 75, 90, 16, 17, 36, 10, 3, 88, 98, 65, 63, 69, 41, 91, 23, 30, 48, 60, 50, 27, 83, 9, 12, 56, 58, 80, 97, 85, 82, 44, 18, 22, 79, 21, 37, 43, 77, 74, 47, 8, 86, 64, 13, 67, 71, 42, 93, 1, 4, 15, 45, 87, 81, 78];[0, 1, 2, 3, 4, 8, 9, 10, 11, 12, 13, 15, 16, 17, 18, 19, 21, 22, 23, 24, 28, 31, 34, 35, 36, 37, 40, 41, 42, 43, 45, 47, 48, 49, 50, 51, 54, 56, 57, 58, 59, 60, 62, 64, 65, 66, 67, 68, 69, 70, 71, 72, 73, 74, 76, 77, 78, 79, 80, 81, 82, 84, 85, 86, 87, 91, 92, 93, 94, 95, 96, 97, 98, 99]"
13199.597119,-39492.000000,"[0, 57, 66, 52, 62, 94, 11, 32, 70, 61, 26, 2, 73, 20, 33, 14, 28, 89, 51, 99, 96, 53, 5, 55, 24, 35, 54, 38, 31, 92, 46, 68, 49, 39, 72, 95, 19, 34, 7, 59, 76, 40, 84, 25, 29, 6, 75, 90, 16, 17, 36, 10, 3, 88, 98, 65, 63, 69, 41, 91, 23, 30, 48, 60, 50, 27, 83, 9, 12, 56, 58, 80, 97, 85, 82, 44, 18, 22, 79, 21, 37, 43, 77, 74, 47, 8, 86, 64, 13, 67, 71, 42, 93, 1, 4, 15, 45, 87, 81, 78];[0, 1, 2, 3, 4, 8, 9, 10, 11, 12, 13, 15, 16, 17, 18, 21, 22, 23, 28, 31, 34, 35, 36, 37, 42, 45, 47, 48, 49, 50, 51, 54, 56, 57, 58, 59, 60, 62, 64, 65, 66, 67, 68, 69, 70, 71, 72, 74, 76, 77, 78, 79, 80, 81, 82, 84, 85, 86, 87, 91, 92, 93, 94, 95, 96, 97, 98, 99]"
9725.460955,-24253.000000,"[0, 57, 66, 52, 62, 94, 11, 32, 70, 61, 26, 2, 73, 20, 33, 14, 28, 89, 51, 99, 96, 53, 5, 55, 24, 35, 54, 38, 31, 92, 46, 68, 49, 39, 72, 95, 19, 34, 7, 59, 76, 40, 84, 25, 29, 6, 75, 90, 16, 17, 36, 10, 3, 88, 98, 65, 63, 69, 41, 91, 23, 30, 48, 60, 50, 27, 83, 9, 12, 56, 58, 80, 97, 85, 82, 44, 18, 22, 79, 21, 37, 43, 77, 74, 47, 8, 86, 64, 13, 67, 71, 42, 93, 1, 4, 15, 45, 87, 81, 78];[64, 1, 67, 4, 68, 69, 70, 71, 8, 72, 9, 74, 12, 13, 77, 78, 15, 16, 17, 81, 18, 82, 84, 21, 85, 86, 23, 87, 28, 92, 93, 97, 42, 47, 49, 50, 56, 57, 58]"
11222.077392,-33915.000000,"[0, 57, 66, 52, 62, 94, 11, 32, 70, 61, 26, 2, 73, 20, 33, 14, 28, 89, 51, 99, 96, 53, 5, 55, 24, 35, 54, 38, 31, 92, 46, 68, 49, 39, 72, 95, 19, 34, 7, 59, 76, 40, 84, 25, 29, 6, 75, 90, 16, 17, 36, 10, 3, 88, 98, 65, 63, 69, 41, 91, 23, 30, 48, 60, 50, 27, 83, 9, 12, 56, 58, 80, 97, 85, 82, 44, 18, 22, 79, 21, 37, 43, 77, 74, 47, 8, 86, 64, 13, 67, 71, 42, 93, 1, 4, 15, 45, 87, 81, 78];[1, 4, 8, 9, 10, 12, 13, 15, 17, 18, 21, 23, 28, 31, 34, 35, 36, 37, 42, 45, 47, 49, 50, 51, 56, 57, 58, 59, 64, 65, 66, 67, 68, 69, 70, 71, 72, 74, 76, 77, 78, 79, 80, 81, 82, 84, 85, 86, 87, 91, 92, 93, 94, 97, 98, 99]"
10972.739969,-33075.000000,"[0, 57, 66, 52, 62, 94, 11, 32, 70, 61, 26, 2, 73, 20, 33, 14, 28, 89, 51, 99, 96, 53, 5, 55, 24, 35, 54, 38, 31, 92, 46, 68, 49, 39, 72, 95, 19, 34, 7, 59, 76, 40, 84, 25, 29, 6, 75, 90, 16, 17, 36, 10, 3, 88, 98, 65, 63, 69, 41, 91, 23, 30, 48, 60, 50, 27, 83, 9, 12, 56, 58, 80, 97, 85, 82, 44, 18, 22, 79, 21, 37, 43, 77, 74, 47, 8, 86, 64, 13, 67, 71, 42, 93, 1, 4, 15, 45, 87, 81, 78];[1, 4, 8, 9, 10, 12, 13, 15, 16, 17, 18, 21, 22, 23, 28, 31, 34, 35, 36, 37, 40, 41, 42, 43, 45, 47, 49, 50, 51, 56, 57, 58, 64, 65, 66, 67, 68, 69, 70, 71, 72, 74, 77, 78, 81, 82, 84, 85, 86, 87, 91, 92, 93, 94, 97]"
13786.653776,-40590.000000,"[0, 57, 66, 52, 62, 94, 11, 32, 70, 61, 26, 2, 73, 20, 33, 14, 28, 89, 51, 99, 96, 53, 5, 55, 24, 35, 54, 38, 31, 92, 46, 68, 49, 39, 72, 95, 19, 34, 7, 59, 76, 40, 84, 25, 29, 6, 75, 90, 16, 17, 36, 10, 3, 88, 98, 65, 63, 69, 41, 91, 23, 30, 48, 60, 50, 27, 83, 9, 12, 56, 58, 80, 97, 85, 82, 44, 18, 22, 79, 21, 37, 43, 77, 74, 47, 8, 86, 64, 13, 67, 71, 42, 93, 1, 4, 15, 45, 87, 81, 78];[0, 1, 2, 3, 4, 8, 9, 10, 12, 13, 15, 16, 17, 18, 21, 22, 23, 28, 31, 34, 35, 36, 37, 40, 41, 42, 43, 44, 45, 47, 48, 49, 50, 51, 54, 56, 57, 58, 59, 60, 62, 64, 65, 66, 67, 68, 69, 70, 71, 72, 73, 74, 76, 77, 78, 79, 80, 81, 82, 84, 85, 86, 87, 91, 92, 93, 94, 95, 96, 97, 98, 99]"
10599.246230,-31364.000000,"[0, 57, 66, 52, 62, 94, 11, 32, 70, 61, 26, 2, 73, 20, 33, 14, 28, 89, 51, 99, 96, 53, 5, 55, 24, 35, 54, 38, 31, 92, 46, 68, 49, 39, 72, 95, 19, 34, 7, 59, 76, 40, 84, 25, 29, 6, 75, 90, 16, 17, 36, 10, 3, 88, 98, 65, 63, 69, 41, 91, 23, 30, 48, 60, 50, 27, 83, 9, 12, 56, 58, 80, 97, 85, 82, 44, 18, 22, 79, 21, 37, 43, 77, 74, 47, 8, 86, 64, 13, 67, 71, 42, 93, 1, 4, 15, 45, 87, 81, 78];[1, 4, 8, 9, 12, 13, 15, 16, 17, 18, 23, 28, 31, 34, 36, 37, 42, 45, 47, 49, 50, 56, 57, 58, 64, 65, 66, 67, 68, 69, 70, 71, 72, 74, 77, 78, 81, 82, 84, 85, 86, 87, 91, 92, 93, 94, 95, 97, 98, 99]"
10688.205529,-31429.000000,"[0, 57, 66, 52, 62, 94, 11, 32, 70, 61, 26, 2, 73, 20, 33, 14, 28, 89, 51, 99, 96, 53, 5, 55, 24, 35, 54, 38, 31, 92, 46, 68, 49, 39, 72, 95, 19, 34, 7, 59, 76, 40, 84, 25, 29, 6, 75, 90, 16, 17, 36, 10, 3, 88, 98, 65, 63, 69, 41, 91, 23, 30, 48, 60, 50, 27, 83, 9, 12, 56, 58, 80, 97, 85, 82, 44, 18, 22, 79, 21, 37, 43, 77, 74, 47, 8, 86, 64, 13, 67, 71, 42, 93, 1, 4, 15, 45, 87, 81, 78];[1, 4, 8, 9, 12, 13, 15, 16, 18, 21, 23, 28, 31, 34, 36, 37, 42, 45, 47, 49, 50, 51, 56, 57, 58, 64, 65, 66, 67, 68, 69, 70, 71, 72, 74, 77, 78, 81, 82, 84, 85, 86, 87, 91, 92, 93, 94, 95, 96, 97, 98, 99]"
9681.636677,-23751.000000,"[0, 57, 66, 52, 62, 94, 11, 32, 70, 61, 26, 2, 73, 20, 33, 14, 28, 89, 51, 99, 96, 53, 5, 55, 24, 35, 54, 38, 31, 92, 46, 68, 49, 39, 72, 95, 19, 34, 7, 59, 76, 40, 84, 25, 29, 6, 75, 90, 16, 17, 36, 10, 3, 88, 98, 65, 63, 69, 41, 91, 23, 30, 48, 60, 50, 27, 83, 9, 12, 56, 58, 80, 97, 85, 82, 44, 18, 22, 79, 21, 37, 43, 77, 74, 47, 8, 86, 64, 13, 67, 71, 42, 93, 1, 4, 15, 45, 87, 81, 78];[64, 1, 67, 4, 68, 69, 70, 71, 8, 72, 9, 74, 12, 13, 78, 15, 16, 17, 81, 18, 82, 84, 21, 85, 86, 23, 87, 28, 92, 93, 97, 42, 47, 49, 50, 56, 57, 58]"
