9302.057536,-10287.000000,"[0, 20, 73, 2, 14, 28, 89, 51, 99, 53, 5, 55, 24, 96, 79, 82, 44, 22, 21, 37, 18, 77, 43, 74, 47, 33, 8, 67, 71, 42, 93, 63, 69, 41, 13, 86, 64, 23, 30, 48, 60, 50, 27, 83, 12, 9, 56, 58, 80, 85, 97, 35, 54, 38, 31, 92, 68, 46, 49, 39, 72, 95, 19, 7, 34, 91, 59, 76, 40, 84, 25, 29, 6, 90, 75, 16, 17, 36, 3, 10, 88, 98, 65, 1, 15, 45, 87, 78, 81, 4, 32, 70, 11, 94, 61, 26, 62, 52, 66, 57];[1, 65, 66, 98, 4, 68, 70, 71, 72, 12, 84, 56, 57, 28, 62, 94]"
21201.044306,-36339.000000,"[0, 90, 75, 16, 29, 6, 25, 84, 76, 40, 34, 7, 19, 83, 95, 72, 49, 39, 46, 68, 92, 38, 31, 35, 97, 54, 9, 27, 12, 56, 80, 58, 74, 85, 79, 24, 5, 55, 53, 96, 51, 99, 21, 22, 44, 82, 18, 77, 43, 37, 89, 28, 14, 73, 2, 26, 61, 11, 94, 62, 52, 66, 57, 70, 32, 20, 33, 47, 8, 67, 71, 42, 13, 64, 86, 23, 30, 48, 50, 60, 91, 59, 41, 69, 88, 17, 36, 3, 10, 98, 65, 63, 93, 1, 15, 45, 4, 87, 81, 78];[0, 1, 2, 3, 4, 8, 9, 10, 11, 12, 13, 15, 16, 17, 18, 23, 24, 28, 31, 34, 35, 36, 37, 47, 49, 50, 51, 54, 56, 57, 58, 59, 60, 62, 64, 65, 66, 68, 69, 70, 71, 72, 73, 74, 76, 81, 82, 84, 85, 86, 91, 92, 93, 94, 96, 97, 98, 99]"
19711.308953,-36242.000000,"[0, 90, 75, 16, 29, 6, 25, 84, 76, 40, 34, 7, 19, 83, 95, 72, 49, 39, 46, 68, 92, 38, 31, 35, 97, 54, 9, 27, 12, 56, 80, 58, 74, 85, 79, 24, 5, 55, 53, 96, 51, 99, 21, 22, 44, 82, 18, 77, 43, 37, 89, 28, 14, 73, 2, 26, 61, 11, 94, 62, 52, 66, 57, 70, 32, 20, 33, 47, 8, 67, 71, 42, 13, 64, 86, 23, 30, 48, 50, 60, 91, 59, 41, 69, 88, 17, 36, 3, 10, 98, 65, 63, 93, 1, 15, 45, 4, 87, 81, 78];[0, 1, 2, 3, 4, 8, 9, 10, 11, 12, 13, 15, 16, 17, 18, 23, 24, 28, 31, 34, 35, 36, 37, 47, 49, 50, 51, 54, 56, 57, 58, 59, 60, 62, 64, 65, 66, 68, 69, 70, 71, 72, 74, 76, 81, 82, 84, 85, 86, 87, 91, 92, 93, 94, 95, 97, 98, 99]"
19178.087908,-36148.000000,"[0, 20, 73, 2, 14, 28, 89, 51, 99, 53, 5, 55, 24, 96, 79, 82, 44, 22, 21, 37, 18, 77, 43, 74, 47, 33, 8, 67, 71, 42, 93, 63, 69, 41, 13, 86, 64, 23, 30, 48, 60, 50, 27, 83, 12, 9, 56, 58, 80, 85, 97, 35, 54, 38, 31, 92, 68, 46, 49, 39, 72, 95, 19, 7, 34, 91, 59, 76, 40, 84, 25, 29, 6, 90, 75, 16, 17, 36, 3, 10, 88, 98, 65, 1, 15, 45, 87, 78, 81, 4, 32, 70, 11, 94, 61, 26, 62, 52, 66, 57];[0, 1, 2, 3, 4, 8, 9, 10, 11, 12, 13, 15, 16, 17, 18, 23, 26, 28, 31, 34, 35, 36, 40, 47, 49, 50, 51, 54, 56, 57, 58, 59, 60, 62, 64, 65, 66, 68, 69, 70, 71, 72, 74, 76, 81, 82, 84, 85, 86, 87, 91, 92, 93, 94, 95, 96, 97, 98, 99]"
18497.140974,-35883.000000,"[0, 20, 73, 2, 14, 28, 89, 51, 99, 53, 5, 55, 24, 96, 79, 82, 44, 22, 21, 37, 18, 77, 43, 74, 47, 33, 8, 67, 71, 42, 93, 63, 69, 41, 13, 86, 64, 23, 30, 48, 60, 50, 27, 83, 12, 9, 56, 58, 80, 85, 97, 35, 54, 38, 31, 92, 68, 46, 49, 39, 72, 95, 19, 7, 34, 91, 59, 76, 40, 84, 25, 29, 6, 90, 75, 16, 17, 36, 3, 10, 88, 98, 65, 1, 15, 45, 87, 78, 81, 4, 32, 70, 11, 94, 61, 26, 62, 52, 66, 57];[0, 1, 2, 3, 4, 8, 9, 10, 11, 12, 13, 15, 16, 17, 18, 23, 24, 26, 28, 31, 34, 35, 36, 40, 47, 49, 50, 51, 54, 56, 57, 58, 59, 61, 62, 64, 65, 66, 68, 69, 70, 71, 72, 74, 76, 81, 82, 84, 85, 87, 91, 92, 93, 94, 95, 97, 98, 99]"
9386.228916,-12350.000000,"[0, 20, 73, 2, 14, 28, 89, 51, 99, 53, 5, 55, 24, 96, 79, 82, 44, 22, 21, 37, 18, 77, 43, 74, 47, 33, 8, 67, 71, 42, 93, 63, 69, 41, 13, 86, 64, 23, 30, 48, 60, 50, 27, 83, 12, 9, 56, 58, 80, 85, 97, 35, 54, 38, 31, 92, 68, 46, 49, 39, 72, 95, 19, 7, 34, 91, 59, 76, 40, 84, 25, 29, 6, 90, 75, 16, 17, 36, 3, 10, 88, 98, 65, 1, 15, 45, 87, 78, 81, 4, 32, 70, 11, 94, 61, 26, 62, 52, 66, 57];[1, 65, 66, 98, 4, 68, 70, 6, 71, 72, 12, 81, 84, 56, 57, 26, 28, 92, 62, 94]"
15380.174454,-34040.000000,"[0, 20, 73, 2, 14, 28, 89, 51, 99, 53, 5, 55, 24, 96, 79, 82, 44, 22, 21, 37, 18, 77, 43, 74, 47, 33, 8, 67, 71, 42, 93, 63, 69, 41, 13, 86, 64, 23, 30, 48, 60, 50, 27, 83, 12, 9, 56, 58, 80, 85, 97, 35, 54, 38, 31, 92, 68, 46, 49, 39, 72, 95, 19, 7, 34, 91, 59, 76, 40, 84, 25, 29, 6, 90, 75, 16, 17, 36, 3, 10, 88, 98, 65, 1, 15, 45, 87, 78, 81, 4, 32, 70, 11, 94, 61, 26, 62, 52, 66, 57];[0, 1, 2, 3, 4, 8, 9, 10, 11, 12, 13, 15, 16, 17, 18, 23, 26, 28, 31, 32, 34, 35, 36, 40, 49, 51, 54, 56, 57, 58, 59, 61, 62, 64, 65, 66, 68, 69, 70, 71, 72, 74, 76, 81, 82, 84, 85, 87, 91, 92, 93, 94, 95, 97, 98, 99]"
13070.952844,-31501.000000,"[0, 20, 73, 2, 14, 28, 89, 51, 99, 53, 5, 55, 24, 96, 79, 82, 44, 22, 21, 37, 18, 77, 43, 74, 47, 33, 8, 67, 71, 42, 93, 63, 69, 41, 13, 86, 64, 23, 30, 48, 60, 50, 27, 83, 12, 9, 56, 58, 80, 85, 97, 35, 54, 38, 31, 92, 68, 46, 49, 39, 72, 95, 19, 7, 34, 91, 59, 76, 40, 84, 25, 29, 6, 90, 75, 16, 17, 36, 3, 10, 88, 98, 65, 1, 15, 45, 87, 78, 81, 4, 32, 70, 11, 94, 61, 26, 62, 52, 66, 57];[1, 3, 4, 8, 9, 10, 11, 12, 13, 15, 16, 17, 18, 23, 26, 28, 31, 32, 34, 35, 36, 40, 49, 51, 56, 57, 58, 59, 61, 62, 65, 66, 68, 69, 70, 71, 72, 74, 76, 81, 82, 84, 85, 87, 91, 92, 93, 94, 95, 97, 98, 99]"
12204.815196,-29778.000000,"[0, 20, 73, 2, 14, 28, 89, 51, 99, 53, 5, 55, 24, 96, 79, 82, 44, 22, 21, 37, 18, 77, 43, 74, 47, 33, 8, 67, 71, 42, 93, 63, 69, 41, 13, 86, 64, 23, 30, 48, 60, 50, 27, 83, 12, 9, 56, 58, 80, 85, 97, 35, 54, 38, 31, 92, 68, 46, 49, 39, 72, 95, 19, 7, 34, 91, 59, 76, 40, 84, 25, 29, 6, 90, 75, 16, 17, 36, 3, 10, 88, 98, 65, 1, 15, 45, 87, 78, 81, 4, 32, 70, 11, 94, 61, 26, 62, 52, 66, 57];[1, 3, 4, 8, 9, 10, 11, 12, 13, 15, 16, 17, 18, 23, 26, 28, 31, 32, 34, 35, 36, 40, 49, 51, 56, 57, 58, 59, 61, 62, 65, 66, 68, 69, 70, 71, 72, 81, 82, 84, 85, 87, 91, 92, 94, 95, 97, 98, 99]"
10016.386465,-20710.000000,"[0, 20, 73, 2, 14, 28, 89, 51, 99, 53, 5, 55, 24, 96, 79, 82, 44, 22, 21, 37, 18, 77, 43, 74, 47, 33, 8, 67, 71, 42, 93, 63, 69, 41, 13, 86, 64, 23, 30, 48, 60, 50, 27, 83, 12, 9, 56, 58, 80, 85, 97, 35, 54, 38, 31, 92, 68, 46, 49, 39, 72, 95, 19, 7, 34, 91, 59, 76, 40, 84, 25, 29, 6, 90, 75, 16, 17, 36, 3, 10, 88, 98, 65, 1, 15, 45, 87, 78, 81, 4, 32, 70, 11, 94, 61, 26, 62, 52, 66, 57];[1, 65, 66, 4, 68, 69, 70, 71, 8, 72, 11, 12, 15, 16, 17, 81, 82, 84, 87, 26, 28, 92, 94, 98, 36, 49, 56, 57, 58, 61, 62]"
18171.047465,-35713.000000,"[0, 20, 73, 2, 14, 28, 89, 51, 99, 53, 5, 55, 24, 96, 79, 82, 44, 22, 21, 37, 18, 77, 43, 74, 47, 33, 8, 67, 71, 42, 93, 63, 69, 41, 13, 86, 64, 23, 30, 48, 60, 50, 27, 83, 12, 9, 56, 58, 80, 85, 97, 35, 54, 38, 31, 92, 68, 46, 49, 39, 72, 95, 19, 7, 34, 91, 59, 76, 40, 84, 25, 29, 6, 90, 75, 16, 17, 36, 3, 10, 88, 98, 65, 1, 15, 45, 87, 78, 81, 4, 32, 70, 11, 94, 61, 26, 62, 52, 66, 57];[0, 1, 3, 4, 8, 9, 10, 11, 12, 13, 15, 16, 17, 18, 23, 24, 26, 28, 31, 34, 35, 36, 40, 47, 49, 50, 51, 54, 56, 57, 58, 59, 61, 62, 64, 65, 66, 68, 69, 70, 71, 72, 74, 76, 81, 82, 84, 85, 86, 87, 91, 92, 93, 94, 97, 98, 99]"
16184.034738,-34660.000000,"[0, 20, 73, 2, 14, 28, 89, 51, 99, 53, 5, 55, 24, 96, 79, 82, 44, 22, 21, 37, 18, 77, 43, 74, 47, 33, 8, 67, 71, 42, 93, 63, 69, 41, 13, 86, 64, 23, 30, 48, 60, 50, 27, 83, 12, 9, 56, 58, 80, 85, 97, 35, 54, 38, 31, 92, 68, 46, 49, 39, 72, 95, 19, 7, 34, 91, 59, 76, 40, 84, 25, 29, 6, 90, 75, 16, 17, 36, 3, 10, 88, 98, 65, 1, 15, 45, 87, 78, 81, 4, 32, 70, 11, 94, 61, 26, 62, 52, 66, 57];[0, 1, 3, 4, 8, 9, 10, 11, 12, 13, 15, 16, 17, 18, 23, 26, 28, 31, 32, 34, 35, 36, 40, 47, 49, 51, 54, 56, 57, 58, 59, 61, 62, 64, 65, 66, 68, 69, 70, 71, 72, 74, 76, 81, 82, 84, 85, 87, 91, 92, 93, 94, 95, 96, 97, 98, 99]"
15092.090489,-33832.000000,"[0, 20, 73, 2, 14, 28, 89, 51, 99, 53, 5, 55, 24, 96, 79, 82, 44, 22, 21, 37, 18, 77, 43, 74, 47, 33, 8, 67, 71, 42, 93, 63, 69, 41, 13, 86, 64, 23, 30, 48, 60, 50, 27, 83, 12, 9, 56, 58, 80, 85, 97, 35, 54, 38, 31, 92, 68, 46, 49, 39, 72, 95, 19, 7, 34, 91, 59, 76, 40, 84, 25, 29, 6, 90, 75, 16, 17, 36, 3, 10, 88, 98, 65, 1, 15, 45, 87, 78, 81, 4, 32, 70, 11, 94, 61, 26, 62, 52, 66, 57];[0, 1, 3, 4, 8, 9, 10, 11, 12, 13, 15, 16, 17, 18, 23, 26, 28, 31, 32, 34, 35, 36, 40, 49, 51, 54, 56, 57, 58, 59, 61, 62, 64, 65, 66, 68, 69, 70, 71, 72, 74, 76, 81, 82, 84, 85, 87, 91, 92, 93, 94, 95, 96, 97, 98, 99]"
19602.124626,-36173.000000,"[0, 90, 75, 16, 29, 6, 25, 84, 76, 40, 34, 7, 19, 83, 95, 72, 49, 39, 46, 68, 92, 38, 31, 35, 97, 54, 9, 27, 12, 56, 80, 58, 74, 85, 79, 24, 5, 55, 53, 96, 51, 99, 21, 22, 44, 82, 18, 77, 43, 37, 89, 28, 14, 73, 2, 26, 61, 11, 94, 62, 52, 66, 57, 70, 32, 20, 33, 47, 8, 67, 71, 42, 13, 64, 86, 23, 30, 48, 50, 60, 91, 59, 41, 69, 88, 17, 36, 3, 10, 98, 65, 63, 93, 1, 15, 45, 4, 87, 81, 78];[0, 1, 2, 3, 4, 8, 9, 10, 11, 12, 13, 15, 16, 17, 18, 23, 24, 28, 31, 34, 35, 36, 37, 47, 49, 50, 51, 54, 56, 57, 58, 59, 60, 62, 64, 65, 66, 68, 69, 70, 71, 72, 74, 76, 81, 82, 84, 85, 86, 87, 91, 92, 93, 94, 97, 98, 99]"
10319.386424,-22938.000000,"[0, 20, 73, 2, 14, 28, 89, 51, 99, 53, 5, 55, 24, 96, 79, 82, 44, 22, 21, 37, 18, 77, 43, 74, 47, 33, 8, 67, 71, 42, 93, 63, 69, 41, 13, 86, 64, 23, 30, 48, 60, 50, 27, 83, 12, 9, 56, 58, 80, 85, 97, 35, 54, 38, 31, 92, 68, 46, 49, 39, 72, 95, 19, 7, 34, 91, 59, 76, 40, 84, 25, 29, 6, 90, 75, 16, 17, 36, 3, 10, 88, 98, 65, 1, 15, 45, 87, 78, 81, 4, 32, 70, 11, 94, 61, 26, 62, 52, 66, 57];[1, 65, 66, 4, 68, 69, 70, 71, 8, 72, 10, 11, 12, 13, 15, 16, 17, 81, 82, 84, 87, 26, 28, 92, 94, 31, 98, 36, 49, 56, 57, 58, 61, 62]"
11580.296241,-28208.000000,"[0, 20, 73, 2, 14, 28, 89, 51, 99, 53, 5, 55, 24, 96, 79, 82, 44, 22, 21, 37, 18, 77, 43, 74, 47, 33, 8, 67, 71, 42, 93, 63, 69, 41, 13, 86, 64, 23, 30, 48, 60, 50, 27, 83, 12, 9, 56, 58, 80, 85, 97, 35, 54, 38, 31, 92, 68, 46, 49, 39, 72, 95, 19, 7, 34, 91, 59, 76, 40, 84, 25, 29, 6, 90, 75, 16, 17, 36, 3, 10, 88, 98, 65, 1, 15, 45, 87, 78, 81, 4, 32, 70, 11, 94, 61, 26, 62, 52, 66, 57];[1, 65, 66, 4, 68, 69, 70, 71, 8, 72, 9, 10, 11, 12, 13, 15, 16, 17, 81, 82, 84, 85, 87, 26, 91, 28, 92, 94, 31, 95, 32, 97, 34, 98, 35, 99, 36, 40, 49, 56, 57, 58, 59, 61, 62]"
12415.299150,-30275.000000,"[0, 20, 73, 2, 14, 28, 89, 51, 99, 53, 5, 55, 24, 96, 79, 82, 44, 22, 21, 37, 18, 77, 43, 74, 47, 33, 8, 67, 71, 42, 93, 63, 69, 41, 13, 86, 64, 23, 30, 48, 60, 50, 27, 83, 12, 9, 56, 58, 80, 85, 97, 35, 54, 38, 31, 92, 68, 46, 49, 39, 72, 95, 19, 7, 34, 91, 59, 76, 40, 84, 25, 29, 6, 90, 75, 16, 17, 36, 3, 10, 88, 98, 65, 1, 15, 45, 87, 78, 81, 4, 32, 70, 11, 94, 61, 26, 62, 52, 66, 57];[1, 3, 4, 8, 9, 10, 11, 12, 13, 15, 16, 17, 18, 23, 26, 28, 31, 32, 34, 35, 36, 40, 49, 56, 57, 58, 59, 61, 62, 65, 66, 68, 69, 70, 71, 72, 74, 81, 82, 84, 85, 87, 91, 92, 94, 95, 97, 98, 99]"
9412.365822,-13320.000000,"[0, 20, 73, 2, 14, 28, 89, 51, 99, 53, 5, 55, 24, 96, 79, 82, 44, 22, 21, 37, 18, 77, 43, 74, 47, 33, 8, 67, 71, 42, 93, 63, 69, 41, 13, 86, 64, 23, 30, 48, 60, 50, 27, 83, 12, 9, 56, 58, 80, 85, 97, 35, 54, 38, 31, 92, 68, 46, 49, 39, 72, 95, 19, 7, 34, 91, 59, 76, 40, 84, 25, 29, 6, 90, 75, 16, 17, 36, 3, 10, 88, 98, 65, 1, 15, 45, 87, 78, 81, 4, 32, 70, 11, 94, 61, 26, 62, 52, 66, 57];[1, 65, 66, 98, 4, 68, 70, 71, 72, 11, 12, 15, 81, 84, 56, 57, 26, 28, 92, 62, 94]"
13242.687739,-31728.000000,"[0, 20, 73, 2, 14, 28, 89, 51, 99, 53, 5, 55, 24, 96, 79, 82, 44, 22, 21, 37, 18, 77, 43, 74, 47, 33, 8, 67, 71, 42, 93, 63, 69, 41, 13, 86, 64, 23, 30, 48, 60, 50, 27, 83, 12, 9, 56, 58, 80, 85, 97, 35, 54, 38, 31, 92, 68, 46, 49, 39, 72, 95, 19, 7, 34, 91, 59, 76, 40, 84, 25, 29, 6, 90, 75, 16, 17, 36, 3, 10, 88, 98, 65, 1, 15, 45, 87, 78, 81, 4, 32, 70, 11, 94, 61, 26, 62, 52, 66, 57];[1, 3, 4, 8, 9, 10, 11, 12, 13, 15, 16, 17, 18, 23, 26, 28, 31, 32, 34, 35, 36, 40, 49, 56, 57, 58, 59, 61, 62, 64, 65, 66, 68, 69, 70, 71, 72, 74, 76, 81, 82, 84, 85, 87, 91, 92, 93, 94, 95, 97, 98, 99]"
12862.344422,-31159.000000,"[0, 20, 73, 2, 14, 28, 89, 51, 99, 53, 5, 55, 24, 96, 79, 82, 44, 22, 21, 37, 18, 77, 43, 74, 47, 33, 8, 67, 71, 42, 93, 63, 69, 41, 13, 86, 64, 23, 30, 48, 60, 50, 27, 83, 12, 9, 56, 58, 80, 85, 97, 35, 54, 38, 31, 92, 68, 46, 49, 39, 72, 95, 19, 7, 34, 91, 59, 76, 40, 84, 25, 29, 6, 90, 75, 16, 17, 36, 3, 10, 88, 98, 65, 1, 15, 45, 87, 78, 81, 4, 32, 70, 11, 94, 61, 26, 62, 52, 66, 57];[1, 3, 4, 8, 9, 10, 11, 12, 13, 15, 16, 17, 18, 23, 26, 28, 31, 32, 34, 35, 36, 40, 49, 51, 56, 57, 58, 59, 61, 62, 65, 66, 68, 69, 70, 71, 72, 74, 76, 81, 82, 84, 85, 87, 91, 92, 94, 95, 97, 98, 99]"
18866.016855,-36022.000000,"[0, 20, 73, 2, 14, 28, 89, 51, 99, 53, 5, 55, 24, 96, 79, 82, 44, 22, 21, 37, 18, 77, 43, 74, 47, 33, 8, 67, 71, 42, 93, 63, 69, 41, 13, 86, 64, 23, 30, 48, 60, 50, 27, 83, 12, 9, 56, 58, 80, 85, 97, 35, 54, 38, 31, 92, 68, 46, 49, 39, 72, 95, 19, 7, 34, 91, 59, 76, 40, 84, 25, 29, 6, 90, 75, 16, 17, 36, 3, 10, 88, 98, 65, 1, 15, 45, 87, 78, 81, 4, 32, 70, 11, 94, 61, 26, 62, 52, 66, 57];[0, 1, 2, 3, 4, 6, 8, 9, 10, 11, 12, 13, 15, 16, 17, 18, 23, 26, 28, 31, 34, 35, 36, 40, 47, 49, 50, 51, 54, 56, 57, 58, 59, 61, 62, 64, 65, 66, 68, 69, 70, 71, 72, 74, 76, 81, 82, 84, 85, 86, 87, 91, 92, 93, 94, 95, 96, 97, 98, 99]"
11433.421372,-27782.000000,"[0, 20, 73, 2, 14, 28, 89, 51, 99, 53, 5, 55, 24, 96, 79, 82, 44, 22, 21, 37, 18, 77, 43, 74, 47, 33, 8, 67, 71, 42, 93, 63, 69, 41, 13, 86, 64, 23, 30, 48, 60, 50, 27, 83, 12, 9, 56, 58, 80, 85, 97, 35, 54, 38, 31, 92, 68, 46, 49, 39, 72, 95, 19, 7, 34, 91, 59, 76, 40, 84, 25, 29, 6, 90, 75, 16, 17, 36, 3, 10, 88, 98, 65, 1, 15, 45, 87, 78, 81, 4, 32, 70, 11, 94, 61, 26, 62, 52, 66, 57];[1, 65, 66, 3, 4, 68, 69, 70, 71, 8, 72, 10, 11, 12, 13, 15, 16, 17, 81, 82, 84, 85, 87, 26, 91, 28, 92, 94, 31, 95, 32, 97, 34, 98, 35, 99, 36, 40, 49, 56, 57, 58, 59, 61, 62]"
16472.019468,-34799.000000,"[0, 20, 73, 2, 14, 28, 89, 51, 99, 53, 5, 55, 24, 96, 79, 82, 44, 22, 21, 37, 18, 77, 43, 74, 47, 33, 8, 67, 71, 42, 93, 63, 69, 41, 13, 86, 64, 23, 30, 48, 60, 50, 27, 83, 12, 9, 56, 58, 80, 85, 97, 35, 54, 38, 31, 92, 68, 46, 49, 39, 72, 95, 19, 7, 34, 91, 59, 76, 40, 84, 25, 29, 6, 90, 75, 16, 17, 36, 3, 10, 88, 98, 65, 1, 15, 45, 87, 78, 81, 4, 32, 70, 11, 94, 61, 26, 62, 52, 66, 57];[0, 1, 2, 3, 4, 8, 9, 10, 11, 12, 13, 15, 16, 17, 18, 23, 26, 28, 31, 32, 34, 35, 36, 40, 47, 49, 51, 54, 56, 57, 58, 59, 61, 62, 64, 65, 66, 68, 69, 70, 71, 72, 74, 76, 81, 82, 84, 85, 87, 91, 92, 93, 94, 97, 98, 99]"
10816.737587,-25539.000000,"[0, 20, 73, 2, 14, 28, 89, 51, 99, 53, 5, 55, 24, 96, 79, 82, 44, 22, 21, 37, 18, 77, 43, 74, 47, 33, 8, 67, 71, 42, 93, 63, 69, 41, 13, 86, 64, 23, 30, 48, 60, 50, 27, 83, 12, 9, 56, 58, 80, 85, 97, 35, 54, 38, 31, 92, 68, 46, 49, 39, 72, 95, 19, 7, 34, 91, 59, 76, 40, 84, 25, 29, 6, 90, 75, 16, 17, 36, 3, 10, 88, 98, 65, 1, 15, 45, 87, 78, 81, 4, 32, 70, 11, 94, 61, 26, 62, 52, 66, 57];[1, 65, 66, 4, 68, 69, 70, 71, 8, 72, 10, 11, 12, 13, 15, 16, 17, 81, 82, 84, 85, 87, 26, 91, 28, 92, 94, 31, 34, 98, 35, 36, 49, 56, 57, 58, 59, 61, 62]"
10272.717561,-22537.000000,"[0, 20, 73, 2, 14, 28, 89, 51, 99, 53, 5, 55, 24, 96, 79, 82, 44, 22, 21, 37, 18, 77, 43, 74, 47, 33, 8, 67, 71, 42, 93, 63, 69, 41, 13, 86, 64, 23, 30, 48, 60, 50, 27, 83, 12, 9, 56, 58, 80, 85, 97, 35, 54, 38, 31, 92, 68, 46, 49, 39, 72, 95, 19, 7, 34, 91, 59, 76, 40, 84, 25, 29, 6, 90, 75, 16, 17, 36, 3, 10, 88, 98, 65, 1, 15, 45, 87, 78, 81, 4, 32, 70, 11, 94, 61, 26, 62, 52, 66, 57];[1, 65, 66, 4, 68, 69, 70, 71, 8, 72, 10, 11, 12, 13, 15, 16, 17, 81, 82, 84, 87, 26, 28, 92, 94, 31, 34, 98, 36, 56, 57, 58, 61, 62]"
10917.415402,-25926.000000,"[0, 20, 73, 2, 14, 28, 89, 51, 99, 53, 5, 55, 24, 96, 79, 82, 44, 22, 21, 37, 18, 77, 43, 74, 47, 33, 8, 67, 71, 42, 93, 63, 69, 41, 13, 86, 64, 23, 30, 48, 60, 50, 27, 83, 12, 9, 56, 58, 80, 85, 97, 35, 54, 38, 31, 92, 68, 46, 49, 39, 72, 95, 19, 7, 34, 91, 59, 76, 40, 84, 25, 29, 6, 90, 75, 16, 17, 36, 3, 10, 88, 98, 65, 1, 15, 45, 87, 78, 81, 4, 32, 70, 11, 94, 61, 26, 62, 52, 66, 57];[1, 65, 66, 4, 68, 69, 70, 71, 8, 72, 10, 11, 12, 13, 15, 16, 17, 81, 82, 84, 85, 87, 26, 91, 28, 92, 94, 31, 95, 34, 98, 35, 36, 40, 49, 56, 57, 58, 59, 61, 62]"
9341.683984,-11547.000000,"[0, 20, 73, 2, 14, 28, 89, 51, 99, 53, 5, 55, 24, 96, 79, 82, 44, 22, 21, 37, 18, 77, 43, 74, 47, 33, 8, 67, 71, 42, 93, 63, 69, 41, 13, 86, 64, 23, 30, 48, 60, 50, 27, 83, 12, 9, 56, 58, 80, 85, 97, 35, 54, 38, 31, 92, 68, 46, 49, 39, 72, 95, 19, 7, 34, 91, 59, 76, 40, 84, 25, 29, 6, 90, 75, 16, 17, 36, 3, 10, 88, 98, 65, 1, 15, 45, 87, 78, 81, 4, 32, 70, 11, 94, 61, 26, 62, 52, 66, 57];[1, 65, 66, 98, 4, 68, 70, 71, 72, 12, 84, 56, 57, 26, 28, 92, 62, 94]"
12619.130972,-30660.000000,"[0, 20, 73, 2, 14, 28, 89, 51, 99, 53, 5, 55, 24, 96, 79, 82, 44, 22, 21, 37, 18, 77, 43, 74, 47, 33, 8, 67, 71, 42, 93, 63, 69, 41, 13, 86, 64, 23, 30, 48, 60, 50, 27, 83, 12, 9, 56, 58, 80, 85, 97, 35, 54, 38, 31, 92, 68, 46, 49, 39, 72, 95, 19, 7, 34, 91, 59, 76, 40, 84, 25, 29, 6, 90, 75, 16, 17, 36, 3, 10, 88, 98, 65, 1, 15, 45, 87, 78, 81, 4, 32, 70, 11, 94, 61, 26, 62, 52, 66, 57];[1, 3, 4, 8, 9, 10, 11, 12, 13, 15, 16, 17, 18, 23, 26, 28, 31, 32, 34, 35, 36, 40, 49, 56, 57, 58, 59, 61, 62, 65, 66, 68, 69, 70, 71, 72, 74, 76, 81, 82, 84, 85, 87, 91, 92, 94, 97, 98, 99]"
10211.001125,-22069.000000,"[0, 20, 73, 2, 14, 28, 89, 51, 99, 53, 5, 55, 24, 96, 79, 82, 44, 22, 21, 37, 18, 77, 43, 74, 47, 33, 8, 67, 71, 42, 93, 63, 69, 41, 13, 86, 64, 23, 30, 48, 60, 50, 27, 83, 12, 9, 56, 58, 80, 85, 97, 35, 54, 38, 31, 92, 68, 46, 49, 39, 72, 95, 19, 7, 34, 91, 59, 76, 40, 84, 25, 29, 6, 90, 75, 16, 17, 36, 3, 10, 88, 98, 65, 1, 15, 45, 87, 78, 81, 4, 32, 70, 11, 94, 61, 26, 62, 52, 66, 57];[1, 65, 66, 4, 68, 69, 70, 71, 8, 72, 10, 11, 12, 13, 15, 16, 17, 81, 82, 84, 87, 26, 28, 92, 94, 31, 98, 36, 56, 57, 58, 61, 62]"
9493.158816,-14783.000000,"[0, 20, 73, 2, 14, 28, 89, 51, 99, 53, 5, 55, 24, 96, 79, 82, 44, 22, 21, 37, 18, 77, 43, 74, 47, 33, 8, 67, 71, 42, 93, 63, 69, 41, 13, 86, 64, 23, 30, 48, 60, 50, 27, 83, 12, 9, 56, 58, 80, 85, 97, 35, 54, 38, 31, 92, 68, 46, 49, 39, 72, 95, 19, 7, 34, 91, 59, 76, 40, 84, 25, 29, 6, 90, 75, 16, 17, 36, 3, 10, 88, 98, 65, 1, 15, 45, 87, 78, 81, 4, 32, 70, 11, 94, 61, 26, 62, 52, 66, 57];[1, 65, 66, 98, 4, 68, 70, 71, 72, 11, 12, 15, 16, 17, 81, 84, 56, 57, 58, 28, 92, 62, 94]"
10479.998098,-23942.000000,"[0, 20, 73, 2, 14, 28, 89, 51, 99, 53, 5, 55, 24, 96, 79, 82, 44, 22, 21, 37, 18, 77, 43, 74, 47, 33, 8, 67, 71, 42, 93, 63, 69, 41, 13, 86, 64, 23, 30, 48, 60, 50, 27, 83, 12, 9, 56, 58, 80, 85, 97, 35, 54, 38, 31, 92, 68, 46, 49, 39, 72, 95, 19, 7, 34, 91, 59, 76, 40, 84, 25, 29, 6, 90, 75, 16, 17, 36, 3, 10, 88, 98, 65, 1, 15, 45, 87, 78, 81, 4, 32, 70, 11, 94, 61, 26, 62, 52, 66, 57];[1, 65, 66, 4, 68, 69, 70, 71, 8, 72, 10, 11, 12, 13, 15, 16, 17, 81, 82, 84, 87, 26, 28, 92, 94, 31, 34, 98, 35, 36, 49, 56, 57, 58, 61, 62]"
9942.391979,-20017.000000,"[0, 20, 73, 2, 14, 28, 89, 51, 99, 53, 5, 55, 24, 96, 79, 82, 44, 22, 21, 37, 18, 77, 43, 74, 47, 33, 8, 67, 71, 42, 93, 63, 69, 41, 13, 86, 64, 23, 30, 48, 60, 50, 27, 83, 12, 9, 56, 58, 80, 85, 97, 35, 54, 38, 31, 92, 68, 46, 49, 39, 72, 95, 19, 7, 34, 91, 59, 76, 40, 84, 25, 29, 6, 90, 75, 16, 17, 36, 3, 10, 88, 98, 65, 1, 15, 45, 87, 78, 81, 4, 32, 70, 11, 94, 61, 26, 62, 52, 66, 57];[1, 65, 66, 4, 68, 69, 70, 71, 8, 72, 11, 12, 15, 16, 17, 81, 82, 84, 26, 28, 92, 94, 98, 36, 49, 56, 57, 58, 61, 62]"
14025.385133,-32783.000000,"[0, 20, 73, 2, 14, 28, 89, 51, 99, 53, 5, 55, 24, 96, 79, 82, 44, 22, 21, 37, 18, 77, 43, 74, 47, 33, 8, 67, 71, 42, 93, 63, 69, 41, 13, 86, 64, 23, 30, 48, 60, 50, 27, 83, 12, 9, 56, 58, 80, 85, 97, 35, 54, 38, 31, 92, 68, 46, 49, 39, 72, 95, 19, 7, 34, 91, 59, 76, 40, 84, 25, 29, 6, 90, 75, 16, 17, 36, 3, 10, 88, 98, 65, 1, 15, 45, 87, 78, 81, 4, 32, 70, 11, 94, 61, 26, 62, 52, 66, 57];[1, 3, 4, 8, 9, 10, 11, 12, 13, 15, 16, 17, 18, 23, 26, 28, 31, 32, 34, 35, 36, 40, 49, 51, 54, 56, 57, 58, 59, 61, 62, 64, 65, 66, 68, 69, 70, 71, 72, 74, 76, 81, 82, 84, 85, 87, 91, 92, 93, 94, 95, 97, 98, 99]"
9634.140210,-16420.000000,"[0, 20, 73, 2, 14, 28, 89, 51, 99, 53, 5, 55, 24, 96, 79, 82, 44, 22, 21, 37, 18, 77, 43, 74, 47, 33, 8, 67, 71, 42, 93, 63, 69, 41, 13, 86, 64, 23, 30, 48, 60, 50, 27, 83, 12, 9, 56, 58, 80, 85, 97, 35, 54, 38, 31, 92, 68, 46, 49, 39, 72, 95, 19, 7, 34, 91, 59, 76, 40, 84, 25, 29, 6, 90, 75, 16, 17, 36, 3, 10, 88, 98, 65, 1, 15, 45, 87, 78, 81, 4, 32, 70, 11, 94, 61, 26, 62, 52, 66, 57];[1, 65, 66, 3, 4, 68, 70, 71, 8, 72, 10, 11, 12, 15, 16, 17, 84, 26, 28, 92, 94, 98, 56, 57, 58, 62]"
10550.607210,-24286.000000,"[0, 20, 73, 2, 14, 28, 89, 51, 99, 53, 5, 55, 24, 96, 79, 82, 44, 22, 21, 37, 18, 77, 43, 74, 47, 33, 8, 67, 71, 42, 93, 63, 69, 41, 13, 86, 64, 23, 30, 48, 60, 50, 27, 83, 12, 9, 56, 58, 80, 85, 97, 35, 54, 38, 31, 92, 68, 46, 49, 39, 72, 95, 19, 7, 34, 91, 59, 76, 40, 84, 25, 29, 6, 90, 75, 16, 17, 36, 3, 10, 88, 98, 65, 1, 15, 45, 87, 78, 81, 4, 32, 70, 11, 94, 61, 26, 62, 52, 66, 57];[1, 65, 66, 4, 68, 69, 70, 71, 8, 72, 10, 11, 12, 13, 15, 16, 17, 81, 82, 84, 87, 26, 91, 28, 92, 94, 31, 34, 98, 36, 49, 56, 57, 58, 61, 62]"
11118.581304,-26389.000000,"[0, 20, 73, 2, 14, 28, 89, 51, 99, 53, 5, 55, 24, 96, 79, 82, 44, 22, 21, 37, 18, 77, 43, 74, 47, 33, 8, 67, 71, 42, 93, 63, 69, 41, 13, 86, 64, 23, 30, 48, 60, 50, 27, 83, 12, 9, 56, 58, 80, 85, 97, 35, 54, 38, 31, 92, 68, 46, 49, 39, 72, 95, 19, 7, 34, 91, 59, 76, 40, 84, 25, 29, 6, 90, 75, 16, 17, 36, 3, 10, 88, 98, 65, 1, 15, 45, 87, 78, 81, 4, 32, 70, 11, 94, 61, 26, 62, 52, 66, 57];[1, 65, 66, 3, 4, 68, 69, 70, 71, 8, 72, 9, 10, 11, 12, 13, 15, 16, 17, 81, 18, 82, 84, 23, 87, 26, 28, 92, 94, 31, 34, 98, 35, 36, 40, 49, 56, 57, 58, 59, 61, 62]"
17441.769997,-35412.000000,"[0, 20, 73, 2, 14, 28, 89, 51, 99, 53, 5, 55, 24, 96, 79, 82, 44, 22, 21, 37, 18, 77, 43, 74, 47, 33, 8, 67, 71, 42, 93, 63, 69, 41, 13, 86, 64, 23, 30, 48, 60, 50, 27, 83, 12, 9, 56, 58, 80, 85, 97, 35, 54, 38, 31, 92, 68, 46, 49, 39, 72, 95, 19, 7, 34, 91, 59, 76, 40, 84, 25, 29, 6, 90, 75, 16, 17, 36, 3, 10, 88, 98, 65, 1, 15, 45, 87, 78, 81, 4, 32, 70, 11, 94, 61, 26, 62, 52, 66, 57];[0, 1, 3, 4, 8, 9, 10, 11, 12, 13, 15, 16, 17, 18, 23, 26, 28, 31, 34, 35, 36, 40, 47, 49, 50, 51, 54, 56, 57, 58, 59, 61, 62, 64, 65, 66, 68, 69, 70, 71, 72, 74, 76, 81, 82, 84, 85, 86, 87, 91, 92, 93, 94, 95, 96, 97, 98, 99]"
9898.710746,-19313.000000,"[0, 20, 73, 2, 14, 28, 89, 51, 99, 53, 5, 55, 24, 96, 79, 82, 44, 22, 21, 37, 18, 77, 43, 74, 47, 33, 8, 67, 71, 42, 93, 63, 69, 41, 13, 86, 64, 23, 30, 48, 60, 50, 27, 83, 12, 9, 56, 58, 80, 85, 97, 35, 54, 38, 31, 92, 68, 46, 49, 39, 72, 95, 19, 7, 34, 91, 59, 76, 40, 84, 25, 29, 6, 90, 75, 16, 17, 36, 3, 10, 88, 98, 65, 1, 15, 45, 87, 78, 81, 4, 32, 70, 11, 94, 61, 26, 62, 52, 66, 57];[1, 65, 66, 4, 68, 70, 71, 8, 72, 10, 11, 12, 13, 15, 16, 17, 81, 84, 26, 28, 92, 94, 31, 98, 36, 56, 57, 58, 62]"
9639.894915,-17085.000000,"[0, 20, 73, 2, 14, 28, 89, 51, 99, 53, 5, 55, 24, 96, 79, 82, 44, 22, 21, 37, 18, 77, 43, 74, 47, 33, 8, 67, 71, 42, 93, 63, 69, 41, 13, 86, 64, 23, 30, 48, 60, 50, 27, 83, 12, 9, 56, 58, 80, 85, 97, 35, 54, 38, 31, 92, 68, 46, 49, 39, 72, 95, 19, 7, 34, 91, 59, 76, 40, 84, 25, 29, 6, 90, 75, 16, 17, 36, 3, 10, 88, 98, 65, 1, 15, 45, 87, 78, 81, 4, 32, 70, 11, 94, 61, 26, 62, 52, 66, 57];[1, 65, 66, 4, 68, 70, 71, 8, 72, 11, 12, 15, 16, 17, 81, 84, 26, 28, 92, 94, 98, 36, 56, 57, 58, 62]"
14208.649801,-32867.000000,"[0, 20, 73, 2, 14, 28, 89, 51, 99, 53, 5, 55, 24, 96, 79, 82, 44, 22, 21, 37, 18, 77, 43, 74, 47, 33, 8, 67, 71, 42, 93, 63, 69, 41, 13, 86, 64, 23, 30, 48, 60, 50, 27, 83, 12, 9, 56, 58, 80, 85, 97, 35, 54, 38, 31, 92, 68, 46, 49, 39, 72, 95, 19, 7, 34, 91, 59, 76, 40, 84, 25, 29, 6, 90, 75, 16, 17, 36, 3, 10, 88, 98, 65, 1, 15, 45, 87, 78, 81, 4, 32, 70, 11, 94, 61, 26, 62, 52, 66, 57];[1, 4, 8, 9, 10, 11, 12, 13, 15, 16, 17, 18, 23, 26, 28, 31, 32, 34, 35, 36, 40, 49, 51, 54, 56, 57, 58, 59, 61, 62, 64, 65, 66, 68, 69, 70, 71, 72, 74, 76, 81, 82, 84, 85, 87, 91, 92, 93, 94, 95, 96, 97, 98, 99]"
11930.277484,-29061.000000,"[0, 20, 73, 2, 14, 28, 89, 51, 99, 53, 5, 55, 24, 96, 79, 82, 44, 22, 21, 37, 18, 77, 43, 74, 47, 33, 8, 67, 71, 42, 93, 63, 69, 41, 13, 86, 64, 23, 30, 48, 60, 50, 27, 83, 12, 9, 56, 58, 80, 85, 97, 35, 54, 38, 31, 92, 68, 46, 49, 39, 72, 95, 19, 7, 34, 91, 59, 76, 40, 84, 25, 29, 6, 90, 75, 16, 17, 36, 3, 10, 88, 98, 65, 1, 15, 45, 87, 78, 81, 4, 32, 70, 11, 94, 61, 26, 62, 52, 66, 57];[1, 65, 66, 3, 4, 68, 69, 70, 71, 8, 72, 10, 11, 12, 13, 15, 16, 17, 81, 18, 82, 84, 85, 23, 87, 26, 91, 28, 92, 94, 31, 95, 32, 97, 34, 98, 35, 99, 36, 40, 49, 51, 56, 57, 58, 59, 61, 62]"
17995.440270,-35647.000000,"[0, 20, 73, 2, 14, 28, 89, 51, 99, 53, 5, 55, 24, 96, 79, 82, 44, 22, 21, 37, 18, 77, 43, 74, 47, 33, 8, 67, 71, 42, 93, 63, 69, 41, 13, 86, 64, 23, 30, 48, 60, 50, 27, 83, 12, 9, 56, 58, 80, 85, 97, 35, 54, 38, 31, 92, 68, 46, 49, 39, 72, 95, 19, 7, 34, 91, 59, 76, 40, 84, 25, 29, 6, 90, 75, 16, 17, 36, 3, 10, 88, 98, 65, 1, 15, 45, 87, 78, 81, 4, 32, 70, 11, 94, 61, 26, 62, 52, 66, 57];[0, 1, 2, 3, 4, 6, 8, 9, 10, 11, 12, 13, 15, 16, 17, 18, 23, 26, 28, 31, 34, 35, 36, 40, 47, 49, 50, 51, 54, 56, 57, 58, 59, 61, 62, 64, 65, 66, 68, 69, 70, 71, 72, 74, 76, 81, 82, 84, 85, 86, 87, 91, 92, 93, 94, 95, 97, 98, 99]"
16758.862746,-35037.000000,"[0, 20, 73, 2, 14, 28, 89, 51, 99, 53, 5, 55, 24, 96, 79, 82, 44, 22, 21, 37, 18, 77, 43, 74, 47, 33, 8, 67, 71, 42, 93, 63, 69, 41, 13, 86, 64, 23, 30, 48, 60, 50, 27, 83, 12, 9, 56, 58, 80, 85, 97, 35, 54, 38, 31, 92, 68, 46, 49, 39, 72, 95, 19, 7, 34, 91, 59, 76, 40, 84, 25, 29, 6, 90, 75, 16, 17, 36, 3, 10, 88, 98, 65, 1, 15, 45, 87, 78, 81, 4, 32, 70, 11, 94, 61, 26, 62, 52, 66, 57];[0, 1, 3, 4, 8, 9, 10, 11, 12, 13, 15, 16, 17, 18, 23, 26, 28, 31, 34, 35, 36, 40, 47, 49, 50, 51, 54, 56, 57, 58, 59, 61, 62, 64, 65, 66, 68, 69, 70, 71, 72, 74, 76, 81, 82, 84, 85, 86, 87, 91, 92, 93, 94, 95, 97, 98, 99]"
9571.959758,-16170.000000,"[0, 20, 73, 2, 14, 28, 89, 51, 99, 53, 5, 55, 24, 96, 79, 82, 44, 22, 21, 37, 18, 77, 43, 74, 47, 33, 8, 67, 71, 42, 93, 63, 69, 41, 13, 86, 64, 23, 30, 48, 60, 50, 27, 83, 12, 9, 56, 58, 80, 85, 97, 35, 54, 38, 31, 92, 68, 46, 49, 39, 72, 95, 19, 7, 34, 91, 59, 76, 40, 84, 25, 29, 6, 90, 75, 16, 17, 36, 3, 10, 88, 98, 65, 1, 15, 45, 87, 78, 81, 4, 32, 70, 11, 94, 61, 26, 62, 52, 66, 57];[1, 65, 66, 4, 68, 70, 71, 72, 11, 12, 15, 16, 17, 81, 84, 26, 28, 92, 94, 98, 36, 56, 57, 58, 62]"
16954.137469,-35138.000000,"[0, 20, 73, 2, 14, 28, 89, 51, 99, 53, 5, 55, 24, 96, 79, 82, 44, 22, 21, 37, 18, 77, 43, 74, 47, 33, 8, 67, 71, 42, 93, 63, 69, 41, 13, 86, 64, 23, 30, 48, 60, 50, 27, 83, 12, 9, 56, 58, 80, 85, 97, 35, 54, 38, 31, 92, 68, 46, 49, 39, 72, 95, 19, 7, 34, 91, 59, 76, 40, 84, 25, 29, 6, 90, 75, 16, 17, 36, 3, 10, 88, 98, 65, 1, 15, 45, 87, 78, 81, 4, 32, 70, 11, 94, 61, 26, 62, 52, 66, 57];[0, 1, 2, 3, 4, 8, 9, 10, 11, 12, 13, 15, 16, 17, 18, 23, 26, 28, 31, 34, 35, 36, 40, 47, 49, 50, 51, 54, 56, 57, 58, 59, 61, 62, 64, 65, 66, 68, 69, 70, 71, 72, 74, 76, 81, 82, 84, 85, 87, 91, 92, 93, 94, 95, 97, 98, 99]"
13432.702527,-31914.000000,"[0, 20, 73, 2, 14, 28, 89, 51, 99, 53, 5, 55, 24, 96, 79, 82, 44, 22, 21, 37, 18, 77, 43, 74, 47, 33, 8, 67, 71, 42, 93, 63, 69, 41, 13, 86, 64, 23, 30, 48, 60, 50, 27, 83, 12, 9, 56, 58, 80, 85, 97, 35, 54, 38, 31, 92, 68, 46, 49, 39, 72, 95, 19, 7, 34, 91, 59, 76, 40, 84, 25, 29, 6, 90, 75, 16, 17, 36, 3, 10, 88, 98, 65, 1, 15, 45, 87, 78, 81, 4, 32, 70, 11, 94, 61, 26, 62, 52, 66, 57];[1, 3, 4, 8, 9, 10, 11, 12, 13, 15, 16, 17, 18, 23, 26, 28, 31, 32, 34, 35, 36, 40, 49, 51, 56, 57, 58, 59, 61, 62, 65, 66, 68, 69, 70, 71, 72, 74, 76, 81, 82, 84, 85, 86, 87, 91, 92, 93, 94, 97, 98, 99]"
9453.486486,-14007.000000,"[0, 20, 73, 2, 14, 28, 89, 51, 99, 53, 5, 55, 24, 96, 79, 82, 44, 22, 21, 37, 18, 77, 43, 74, 47, 33, 8, 67, 71, 42, 93, 63, 69, 41, 13, 86, 64, 23, 30, 48, 60, 50, 27, 83, 12, 9, 56, 58, 80, 85, 97, 35, 54, 38, 31, 92, 68, 46, 49, 39, 72, 95, 19, 7, 34, 91, 59, 76, 40, 84, 25, 29, 6, 90, 75, 16, 17, 36, 3, 10, 88, 98, 65, 1, 15, 45, 87, 78, 81, 4, 32, 70, 11, 94, 61, 26, 62, 52, 66, 57];[1, 65, 66, 98, 4, 68, 70, 71, 72, 11, 12, 15, 16, 17, 84, 56, 57, 58, 28, 92, 62, 94]"
10626.125398,-24660.000000,"[0, 20, 73, 2, 14, 28, 89, 51, 99, 53, 5, 55, 24, 96, 79, 82, 44, 22, 21, 37, 18, 77, 43, 74, 47, 33, 8, 67, 71, 42, 93, 63, 69, 41, 13, 86, 64, 23, 30, 48, 60, 50, 27, 83, 12, 9, 56, 58, 80, 85, 97, 35, 54, 38, 31, 92, 68, 46, 49, 39, 72, 95, 19, 7, 34, 91, 59, 76, 40, 84, 25, 29, 6, 90, 75, 16, 17, 36, 3, 10, 88, 98, 65, 1, 15, 45, 87, 78, 81, 4, 32, 70, 11, 94, 61, 26, 62, 52, 66, 57];[1, 65, 66, 4, 68, 69, 70, 71, 8, 72, 10, 11, 12, 13, 15, 16, 17, 81, 82, 84, 87, 26, 28, 92, 94, 31, 32, 34, 98, 35, 36, 40, 49, 56, 57, 58, 61, 62]"
9773.930853,-18376.000000,"[0, 20, 73, 2, 14, 28, 89, 51, 99, 53, 5, 55, 24, 96, 79, 82, 44, 22, 21, 37, 18, 77, 43, 74, 47, 33, 8, 67, 71, 42, 93, 63, 69, 41, 13, 86, 64, 23, 30, 48, 60, 50, 27, 83, 12, 9, 56, 58, 80, 85, 97, 35, 54, 38, 31, 92, 68, 46, 49, 39, 72, 95, 19, 7, 34, 91, 59, 76, 40, 84, 25, 29, 6, 90, 75, 16, 17, 36, 3, 10, 88, 98, 65, 1, 15, 45, 87, 78, 81, 4, 32, 70, 11, 94, 61, 26, 62, 52, 66, 57];[1, 65, 66, 4, 68, 70, 71, 8, 72, 11, 12, 15, 16, 17, 81, 84, 26, 28, 92, 94, 98, 36, 49, 56, 57, 58, 59, 61, 62]"
9547.951785,-15611.000000,"[0, 20, 73, 2, 14, 28, 89, 51, 99, 53, 5, 55, 24, 96, 79, 82, 44, 22, 21, 37, 18, 77, 43, 74, 47, 33, 8, 67, 71, 42, 93, 63, 69, 41, 13, 86, 64, 23, 30, 48, 60, 50, 27, 83, 12, 9, 56, 58, 80, 85, 97, 35, 54, 38, 31, 92, 68, 46, 49, 39, 72, 95, 19, 7, 34, 91, 59, 76, 40, 84, 25, 29, 6, 90, 75, 16, 17, 36, 3, 10, 88, 98, 65, 1, 15, 45, 87, 78, 81, 4, 32, 70, 11, 94, 61, 26, 62, 52, 66, 57];[1, 65, 66, 4, 68, 70, 71, 72, 11, 12, 15, 16, 17, 81, 84, 26, 28, 92, 94, 98, 56, 57, 58, 59, 62]"
14840.515671,-33542.000000,"[0, 20, 73, 2, 14, 28, 89, 51, 99, 53, 5, 55, 24, 96, 79, 82, 44, 22, 21, 37, 18, 77, 43, 74, 47, 33, 8, 67, 71, 42, 93, 63, 69, 41, 13, 86, 64, 23, 30, 48, 60, 50, 27, 83, 12, 9, 56, 58, 80, 85, 97, 35, 54, 38, 31, 92, 68, 46, 49, 39, 72, 95, 19, 7, 34, 91, 59, 76, 40, 84, 25, 29, 6, 90, 75, 16, 17, 36, 3, 10, 88, 98, 65, 1, 15, 45, 87, 78, 81, 4, 32, 70, 11, 94, 61, 26, 62, 52, 66, 57];[1, 3, 4, 8, 9, 10, 11, 12, 13, 15, 16, 17, 18, 23, 26, 28, 31, 32, 34, 35, 36, 40, 47, 49, 51, 54, 56, 57, 58, 59, 61, 62, 64, 65, 66, 68, 69, 70, 71, 72, 74, 76, 81, 82, 84, 85, 87, 91, 92, 93, 94, 97, 98, 99]"
9514.353289,-15339.000000,"[0, 20, 73, 2, 14, 28, 89, 51, 99, 53, 5, 55, 24, 96, 79, 82, 44, 22, 21, 37, 18, 77, 43, 74, 47, 33, 8, 67, 71, 42, 93, 63, 69, 41, 13, 86, 64, 23, 30, 48, 60, 50, 27, 83, 12, 9, 56, 58, 80, 85, 97, 35, 54, 38, 31, 92, 68, 46, 49, 39, 72, 95, 19, 7, 34, 91, 59, 76, 40, 84, 25, 29, 6, 90, 75, 16, 17, 36, 3, 10, 88, 98, 65, 1, 15, 45, 87, 78, 81, 4, 32, 70, 11, 94, 61, 26, 62, 52, 66, 57];[1, 65, 66, 98, 4, 68, 70, 71, 72, 11, 12, 15, 16, 17, 81, 84, 56, 57, 26, 58, 28, 92, 62, 94]"
18711.189582,-35995.000000,"[0, 20, 73, 2, 14, 28, 89, 51, 99, 53, 5, 55, 24, 96, 79, 82, 44, 22, 21, 37, 18, 77, 43, 74, 47, 33, 8, 67, 71, 42, 93, 63, 69, 41, 13, 86, 64, 23, 30, 48, 60, 50, 27, 83, 12, 9, 56, 58, 80, 85, 97, 35, 54, 38, 31, 92, 68, 46, 49, 39, 72, 95, 19, 7, 34, 91, 59, 76, 40, 84, 25, 29, 6, 90, 75, 16, 17, 36, 3, 10, 88, 98, 65, 1, 15, 45, 87, 78, 81, 4, 32, 70, 11, 94, 61, 26, 62, 52, 66, 57];[0, 1, 2, 3, 4, 8, 9, 10, 11, 12, 13, 15, 16, 17, 18, 23, 26, 28, 31, 34, 35, 36, 40, 47, 49, 50, 51, 54, 56, 57, 58, 59, 61, 62, 64, 65, 66, 68, 69, 70, 71, 72, 74, 76, 81, 82, 84, 85, 86, 87, 91, 92, 93, 94, 95, 96, 97, 98, 99]"
14636.304698,-33457.000000,"[0, 20, 73, 2, 14, 28, 89, 51, 99, 53, 5, 55, 24, 96, 79, 82, 44, 22, 21, 37, 18, 77, 43, 74, 47, 33, 8, 67, 71, 42, 93, 63, 69, 41, 13, 86, 64, 23, 30, 48, 60, 50, 27, 83, 12, 9, 56, 58, 80, 85, 97, 35, 54, 38, 31, 92, 68, 46, 49, 39, 72, 95, 19, 7, 34, 91, 59, 76, 40, 84, 25, 29, 6, 90, 75, 16, 17, 36, 3, 10, 88, 98, 65, 1, 15, 45, 87, 78, 81, 4, 32, 70, 11, 94, 61, 26, 62, 52, 66, 57];[0, 1, 3, 4, 8, 9, 10, 11, 12, 13, 15, 16, 17, 18, 23, 26, 28, 31, 32, 34, 35, 36, 40, 49, 51, 54, 56, 57, 58, 59, 61, 62, 64, 65, 66, 68, 69, 70, 71, 72, 74, 76, 81, 82, 84, 85, 87, 91, 92, 93, 94, 95, 97, 98, 99]"
13878.233122,-32519.000000,"[0, 20, 73, 2, 14, 28, 89, 51, 99, 53, 5, 55, 24, 96, 79, 82, 44, 22, 21, 37, 18, 77, 43, 74, 47, 33, 8, 67, 71, 42, 93, 63, 69, 41, 13, 86, 64, 23, 30, 48, 60, 50, 27, 83, 12, 9, 56, 58, 80, 85, 97, 35, 54, 38, 31, 92, 68, 46, 49, 39, 72, 95, 19, 7, 34, 91, 59, 76, 40, 84, 25, 29, 6, 90, 75, 16, 17, 36, 3, 10, 88, 98, 65, 1, 15, 45, 87, 78, 81, 4, 32, 70, 11, 94, 61, 26, 62, 52, 66, 57];[1, 4, 6, 8, 9, 10, 11, 12, 13, 15, 16, 17, 18, 23, 26, 28, 31, 32, 34, 35, 36, 40, 49, 51, 54, 56, 57, 58, 59, 61, 62, 64, 65, 66, 68, 69, 70, 71, 72, 74, 76, 81, 82, 84, 85, 87, 91, 92, 93, 94, 95, 97, 98, 99]"
10068.954767,-21110.000000,"[0, 20, 73, 2, 14, 28, 89, 51, 99, 53, 5, 55, 24, 96, 79, 82, 44, 22, 21, 37, 18, 77, 43, 74, 47, 33, 8, 67, 71, 42, 93, 63, 69, 41, 13, 86, 64, 23, 30, 48, 60, 50, 27, 83, 12, 9, 56, 58, 80, 85, 97, 35, 54, 38, 31, 92, 68, 46, 49, 39, 72, 95, 19, 7, 34, 91, 59, 76, 40, 84, 25, 29, 6, 90, 75, 16, 17, 36, 3, 10, 88, 98, 65, 1, 15, 45, 87, 78, 81, 4, 32, 70, 11, 94, 61, 26, 62, 52, 66, 57];[1, 65, 66, 4, 68, 69, 70, 71, 8, 72, 11, 12, 15, 16, 17, 81, 82, 84, 87, 26, 28, 92, 94, 32, 98, 36, 49, 56, 57, 58, 61, 62]"
10993.168099,-26257.000000,"[0, 20, 73, 2, 14, 28, 89, 51, 99, 53, 5, 55, 24, 96, 79, 82, 44, 22, 21, 37, 18, 77, 43, 74, 47, 33, 8, 67, 71, 42, 93, 63, 69, 41, 13, 86, 64, 23, 30, 48, 60, 50, 27, 83, 12, 9, 56, 58, 80, 85, 97, 35, 54, 38, 31, 92, 68, 46, 49, 39, 72, 95, 19, 7, 34, 91, 59, 76, 40, 84, 25, 29, 6, 90, 75, 16, 17, 36, 3, 10, 88, 98, 65, 1, 15, 45, 87, 78, 81, 4, 32, 70, 11, 94, 61, 26, 62, 52, 66, 57];[1, 65, 66, 4, 68, 69, 70, 71, 8, 72, 10, 11, 12, 13, 15, 16, 17, 81, 82, 84, 85, 87, 26, 91, 28, 92, 94, 31, 32, 34, 98, 35, 36, 40, 49, 56, 57, 58, 59, 61, 62]"
9359.143290,-12015.000000,"[0, 20, 73, 2, 14, 28, 89, 51, 99, 53, 5, 55, 24, 96, 79, 82, 44, 22, 21, 37, 18, 77, 43, 74, 47, 33, 8, 67, 71, 42, 93, 63, 69, 41, 13, 86, 64, 23, 30, 48, 60, 50, 27, 83, 12, 9, 56, 58, 80, 85, 97, 35, 54, 38, 31, 92, 68, 46, 49, 39, 72, 95, 19, 7, 34, 91, 59, 76, 40, 84, 25, 29, 6, 90, 75, 16, 17, 36, 3, 10, 88, 98, 65, 1, 15, 45, 87, 78, 81, 4, 32, 70, 11, 94, 61, 26, 62, 52, 66, 57];[1, 65, 66, 98, 4, 68, 70, 71, 72, 12, 16, 17, 84, 56, 57, 26, 92, 62, 94]"
17654.398398,-35513.000000,"[0, 20, 73, 2, 14, 28, 89, 51, 99, 53, 5, 55, 24, 96, 79, 82, 44, 22, 21, 37, 18, 77, 43, 74, 47, 33, 8, 67, 71, 42, 93, 63, 69, 41, 13, 86, 64, 23, 30, 48, 60, 50, 27, 83, 12, 9, 56, 58, 80, 85, 97, 35, 54, 38, 31, 92, 68, 46, 49, 39, 72, 95, 19, 7, 34, 91, 59, 76, 40, 84, 25, 29, 6, 90, 75, 16, 17, 36, 3, 10, 88, 98, 65, 1, 15, 45, 87, 78, 81, 4, 32, 70, 11, 94, 61, 26, 62, 52, 66, 57];[0, 1, 2, 3, 4, 8, 9, 10, 11, 12, 13, 15, 16, 17, 18, 23, 26, 28, 31, 34, 35, 36, 40, 47, 49, 50, 51, 54, 56, 57, 58, 59, 61, 62, 64, 65, 66, 68, 69, 70, 71, 72, 74, 76, 81, 82, 84, 85, 87, 91, 92, 93, 94, 95, 96, 97, 98, 99]"
11813.044643,-28776.000000,"[0, 20, 73, 2, 14, 28, 89, 51, 99, 53, 5, 55, 24, 96, 79, 82, 44, 22, 21, 37, 18, 77, 43, 74, 47, 33, 8, 67, 71, 42, 93, 63, 69, 41, 13, 86, 64, 23, 30, 48, 60, 50, 27, 83, 12, 9, 56, 58, 80, 85, 97, 35, 54, 38, 31, 92, 68, 46, 49, 39, 72, 95, 19, 7, 34, 91, 59, 76, 40, 84, 25, 29, 6, 90, 75, 16, 17, 36, 3, 10, 88, 98, 65, 1, 15, 45, 87, 78, 81, 4, 32, 70, 11, 94, 61, 26, 62, 52, 66, 57];[1, 65, 66, 3, 4, 68, 69, 70, 71, 8, 72, 10, 74, 11, 12, 76, 13, 15, 16, 17, 81, 82, 84, 85, 87, 26, 91, 28, 92, 94, 31, 32, 97, 34, 98, 35, 99, 36, 49, 56, 57, 58, 59, 61, 62]"
9725.641994,-17954.000000,"[0, 20, 73, 2, 14, 28, 89, 51, 99, 53, 5, 55, 24, 96, 79, 82, 44, 22, 21, 37, 18, 77, 43, 74, 47, 33, 8, 67, 71, 42, 93, 63, 69, 41, 13, 86, 64, 23, 30, 48, 60, 50, 27, 83, 12, 9, 56, 58, 80, 85, 97, 35, 54, 38, 31, 92, 68, 46, 49, 39, 72, 95, 19, 7, 34, 91, 59, 76, 40, 84, 25, 29, 6, 90, 75, 16, 17, 36, 3, 10, 88, 98, 65, 1, 15, 45, 87, 78, 81, 4, 32, 70, 11, 94, 61, 26, 62, 52, 66, 57];[1, 65, 66, 4, 68, 70, 71, 8, 72, 11, 12, 15, 16, 17, 81, 84, 26, 28, 92, 94, 98, 36, 49, 56, 57, 58, 62]"
12016.469131,-29348.000000,"[0, 20, 73, 2, 14, 28, 89, 51, 99, 53, 5, 55, 24, 96, 79, 82, 44, 22, 21, 37, 18, 77, 43, 74, 47, 33, 8, 67, 71, 42, 93, 63, 69, 41, 13, 86, 64, 23, 30, 48, 60, 50, 27, 83, 12, 9, 56, 58, 80, 85, 97, 35, 54, 38, 31, 92, 68, 46, 49, 39, 72, 95, 19, 7, 34, 91, 59, 76, 40, 84, 25, 29, 6, 90, 75, 16, 17, 36, 3, 10, 88, 98, 65, 1, 15, 45, 87, 78, 81, 4, 32, 70, 11, 94, 61, 26, 62, 52, 66, 57];[1, 65, 66, 3, 4, 68, 69, 70, 71, 8, 72, 9, 10, 11, 12, 13, 15, 16, 17, 81, 18, 82, 84, 85, 23, 87, 26, 91, 28, 92, 94, 31, 95, 32, 97, 34, 98, 35, 99, 36, 40, 49, 56, 57, 58, 59, 61, 62]"
17784.114812,-35551.000000,"[0, 20, 73, 2, 14, 28, 89, 51, 99, 53, 5, 55, 24, 96, 79, 82, 44, 22, 21, 37, 18, 77, 43, 74, 47, 33, 8, 67, 71, 42, 93, 63, 69, 41, 13, 86, 64, 23, 30, 48, 60, 50, 27, 83, 12, 9, 56, 58, 80, 85, 97, 35, 54, 38, 31, 92, 68, 46, 49, 39, 72, 95, 19, 7, 34, 91, 59, 76, 40, 84, 25, 29, 6, 90, 75, 16, 17, 36, 3, 10, 88, 98, 65, 1, 15, 45, 87, 78, 81, 4, 32, 70, 11, 94, 61, 26, 62, 52, 66, 57];[0, 1, 2, 3, 4, 8, 9, 10, 11, 12, 13, 15, 16, 17, 18, 23, 26, 28, 31, 34, 35, 36, 40, 47, 49, 50, 51, 54, 56, 57, 58, 59, 61, 62, 64, 65, 66, 68, 69, 70, 71, 72, 74, 76, 81, 82, 84, 85, 86, 87, 91, 92, 93, 94, 97, 98, 99]"
10730.795271,-25222.000000,"[0, 20, 73, 2, 14, 28, 89, 51, 99, 53, 5, 55, 24, 96, 79, 82, 44, 22, 21, 37, 18, 77, 43, 74, 47, 33, 8, 67, 71, 42, 93, 63, 69, 41, 13, 86, 64, 23, 30, 48, 60, 50, 27, 83, 12, 9, 56, 58, 80, 85, 97, 35, 54, 38, 31, 92, 68, 46, 49, 39, 72, 95, 19, 7, 34, 91, 59, 76, 40, 84, 25, 29, 6, 90, 75, 16, 17, 36, 3, 10, 88, 98, 65, 1, 15, 45, 87, 78, 81, 4, 32, 70, 11, 94, 61, 26, 62, 52, 66, 57];[1, 65, 66, 4, 68, 69, 70, 71, 8, 72, 10, 11, 12, 13, 15, 16, 17, 81, 82, 84, 87, 26, 91, 28, 92, 94, 31, 32, 34, 98, 35, 36, 49, 56, 57, 58, 61, 62]"
16005.985069,-34555.000000,"[0, 20, 73, 2, 14, 28, 89, 51, 99, 53, 5, 55, 24, 96, 79, 82, 44, 22, 21, 37, 18, 77, 43, 74, 47, 33, 8, 67, 71, 42, 93, 63, 69, 41, 13, 86, 64, 23, 30, 48, 60, 50, 27, 83, 12, 9, 56, 58, 80, 85, 97, 35, 54, 38, 31, 92, 68, 46, 49, 39, 72, 95, 19, 7, 34, 91, 59, 76, 40, 84, 25, 29, 6, 90, 75, 16, 17, 36, 3, 10, 88, 98, 65, 1, 15, 45, 87, 78, 81, 4, 32, 70, 11, 94, 61, 26, 62, 52, 66, 57];[0, 1, 3, 4, 8, 9, 10, 11, 12, 13, 15, 16, 17, 18, 23, 26, 28, 31, 34, 35, 36, 40, 47, 49, 50, 51, 54, 56, 57, 58, 59, 61, 62, 64, 65, 66, 68, 69, 70, 71, 72, 74, 76, 81, 82, 84, 85, 87, 91, 92, 93, 94, 95, 97, 98, 99]"
16590.184292,-34930.000000,"[0, 20, 73, 2, 14, 28, 89, 51, 99, 53, 5, 55, 24, 96, 79, 82, 44, 22, 21, 37, 18, 77, 43, 74, 47, 33, 8, 67, 71, 42, 93, 63, 69, 41, 13, 86, 64, 23, 30, 48, 60, 50, 27, 83, 12, 9, 56, 58, 80, 85, 97, 35, 54, 38, 31, 92, 68, 46, 49, 39, 72, 95, 19, 7, 34, 91, 59, 76, 40, 84, 25, 29, 6, 90, 75, 16, 17, 36, 3, 10, 88, 98, 65, 1, 15, 45, 87, 78, 81, 4, 32, 70, 11, 94, 61, 26, 62, 52, 66, 57];[0, 1, 3, 4, 8, 9, 10, 11, 12, 13, 15, 16, 17, 18, 23, 26, 28, 31, 34, 35, 36, 40, 47, 49, 50, 51, 54, 56, 57, 58, 59, 61, 62, 64, 65, 66, 68, 69, 70, 71, 72, 74, 76, 81, 82, 84, 85, 87, 91, 92, 93, 94, 95, 96, 97, 98, 99]"
9476.725990,-14342.000000,"[0, 20, 73, 2, 14, 28, 89, 51, 99, 53, 5, 55, 24, 96, 79, 82, 44, 22, 21, 37, 18, 77, 43, 74, 47, 33, 8, 67, 71, 42, 93, 63, 69, 41, 13, 86, 64, 23, 30, 48, 60, 50, 27, 83, 12, 9, 56, 58, 80, 85, 97, 35, 54, 38, 31, 92, 68, 46, 49, 39, 72, 95, 19, 7, 34, 91, 59, 76, 40, 84, 25, 29, 6, 90, 75, 16, 17, 36, 3, 10, 88, 98, 65, 1, 15, 45, 87, 78, 81, 4, 32, 70, 11, 94, 61, 26, 62, 52, 66, 57];[1, 65, 66, 98, 4, 68, 70, 71, 72, 12, 16, 17, 81, 84, 56, 57, 26, 58, 28, 92, 62, 94]"
14339.744870,-33115.000000,"[0, 20, 73, 2, 14, 28, 89, 51, 99, 53, 5, 55, 24, 96, 79, 82, 44, 22, 21, 37, 18, 77, 43, 74, 47, 33, 8, 67, 71, 42, 93, 63, 69, 41, 13, 86, 64, 23, 30, 48, 60, 50, 27, 83, 12, 9, 56, 58, 80, 85, 97, 35, 54, 38, 31, 92, 68, 46, 49, 39, 72, 95, 19, 7, 34, 91, 59, 76, 40, 84, 25, 29, 6, 90, 75, 16, 17, 36, 3, 10, 88, 98, 65, 1, 15, 45, 87, 78, 81, 4, 32, 70, 11, 94, 61, 26, 62, 52, 66, 57];[0, 1, 3, 4, 8, 9, 10, 11, 12, 13, 15, 16, 17, 18, 23, 26, 28, 31, 32, 34, 35, 36, 40, 49, 51, 54, 56, 57, 58, 59, 61, 62, 64, 65, 66, 68, 69, 70, 71, 72, 74, 76, 81, 82, 84, 85, 87, 91, 92, 94, 95, 97, 98, 99]"
12125.374280,-29515.000000,"[0, 20, 73, 2, 14, 28, 89, 51, 99, 53, 5, 55, 24, 96, 79, 82, 44, 22, 21, 37, 18, 77, 43, 74, 47, 33, 8, 67, 71, 42, 93, 63, 69, 41, 13, 86, 64, 23, 30, 48, 60, 50, 27, 83, 12, 9, 56, 58, 80, 85, 97, 35, 54, 38, 31, 92, 68, 46, 49, 39, 72, 95, 19, 7, 34, 91, 59, 76, 40, 84, 25, 29, 6, 90, 75, 16, 17, 36, 3, 10, 88, 98, 65, 1, 15, 45, 87, 78, 81, 4, 32, 70, 11, 94, 61, 26, 62, 52, 66, 57];[1, 3, 4, 8, 10, 11, 12, 13, 15, 16, 17, 18, 23, 26, 28, 31, 32, 34, 35, 36, 40, 49, 51, 56, 57, 58, 59, 61, 62, 65, 66, 68, 69, 70, 71, 72, 76, 81, 82, 84, 85, 87, 91, 92, 94, 95, 97, 98, 99]"
14964.311584,-33689.000000,"[0, 20, 73, 2, 14, 28, 89, 51, 99, 53, 5, 55, 24, 96, 79, 82, 44, 22, 21, 37, 18, 77, 43, 74, 47, 33, 8, 67, 71, 42, 93, 63, 69, 41, 13, 86, 64, 23, 30, 48, 60, 50, 27, 83, 12, 9, 56, 58, 80, 85, 97, 35, 54, 38, 31, 92, 68, 46, 49, 39, 72, 95, 19, 7, 34, 91, 59, 76, 40, 84, 25, 29, 6, 90, 75, 16, 17, 36, 3, 10, 88, 98, 65, 1, 15, 45, 87, 78, 81, 4, 32, 70, 11, 94, 61, 26, 62, 52, 66, 57];[0, 1, 3, 4, 8, 9, 10, 11, 12, 13, 15, 16, 17, 18, 23, 26, 28, 31, 32, 34, 35, 36, 40, 49, 51, 56, 57, 58, 59, 61, 62, 64, 65, 66, 68, 69, 70, 71, 72, 74, 76, 81, 82, 84, 85, 86, 87, 91, 92, 93, 94, 95, 96, 97, 98, 99]"
12502.738943,-30361.000000,"[0, 20, 73, 2, 14, 28, 89, 51, 99, 53, 5, 55, 24, 96, 79, 82, 44, 22, 21, 37, 18, 77, 43, 74, 47, 33, 8, 67, 71, 42, 93, 63, 69, 41, 13, 86, 64, 23, 30, 48, 60, 50, 27, 83, 12, 9, 56, 58, 80, 85, 97, 35, 54, 38, 31, 92, 68, 46, 49, 39, 72, 95, 19, 7, 34, 91, 59, 76, 40, 84, 25, 29, 6, 90, 75, 16, 17, 36, 3, 10, 88, 98, 65, 1, 15, 45, 87, 78, 81, 4, 32, 70, 11, 94, 61, 26, 62, 52, 66, 57];[1, 4, 8, 9, 10, 11, 12, 13, 15, 16, 17, 26, 28, 31, 32, 34, 35, 36, 40, 49, 51, 56, 57, 58, 59, 61, 62, 65, 66, 68, 69, 70, 71, 72, 74, 76, 81, 82, 84, 85, 87, 91, 92, 93, 94, 95, 97, 98, 99]"
13659.254631,-32200.000000,"[0, 20, 73, 2, 14, 28, 89, 51, 99, 53, 5, 55, 24, 96, 79, 82, 44, 22, 21, 37, 18, 77, 43, 74, 47, 33, 8, 67, 71, 42, 93, 63, 69, 41, 13, 86, 64, 23, 30, 48, 60, 50, 27, 83, 12, 9, 56, 58, 80, 85, 97, 35, 54, 38, 31, 92, 68, 46, 49, 39, 72, 95, 19, 7, 34, 91, 59, 76, 40, 84, 25, 29, 6, 90, 75, 16, 17, 36, 3, 10, 88, 98, 65, 1, 15, 45, 87, 78, 81, 4, 32, 70, 11, 94, 61, 26, 62, 52, 66, 57];[1, 4, 6, 8, 9, 10, 11, 12, 13, 15, 16, 17, 18, 21, 23, 26, 28, 31, 32, 34, 35, 36, 40, 49, 51, 54, 56, 57, 58, 59, 61, 62, 64, 65, 66, 68, 69, 70, 71, 72, 74, 76, 81, 82, 84, 85, 87, 91, 92, 94, 95, 97, 98, 99]"
9920.792938,-19841.000000,"[0, 20, 73, 2, 14, 28, 89, 51, 99, 53, 5, 55, 24, 96, 79, 82, 44, 22, 21, 37, 18, 77, 43, 74, 47, 33, 8, 67, 71, 42, 93, 63, 69, 41, 13, 86, 64, 23, 30, 48, 60, 50, 27, 83, 12, 9, 56, 58, 80, 85, 97, 35, 54, 38, 31, 92, 68, 46, 49, 39, 72, 95, 19, 7, 34, 91, 59, 76, 40, 84, 25, 29, 6, 90, 75, 16, 17, 36, 3, 10, 88, 98, 65, 1, 15, 45, 87, 78, 81, 4, 32, 70, 11, 94, 61, 26, 62, 52, 66, 57];[1, 65, 66, 4, 68, 69, 70, 71, 8, 72, 11, 12, 15, 16, 17, 81, 82, 84, 87, 26, 28, 92, 94, 98, 36, 56, 57, 58, 61, 62]"
10688.127622,-24951.000000,"[0, 20, 73, 2, 14, 28, 89, 51, 99, 53, 5, 55, 24, 96, 79, 82, 44, 22, 21, 37, 18, 77, 43, 74, 47, 33, 8, 67, 71, 42, 93, 63, 69, 41, 13, 86, 64, 23, 30, 48, 60, 50, 27, 83, 12, 9, 56, 58, 80, 85, 97, 35, 54, 38, 31, 92, 68, 46, 49, 39, 72, 95, 19, 7, 34, 91, 59, 76, 40, 84, 25, 29, 6, 90, 75, 16, 17, 36, 3, 10, 88, 98, 65, 1, 15, 45, 87, 78, 81, 4, 32, 70, 11, 94, 61, 26, 62, 52, 66, 57];[1, 65, 66, 3, 4, 68, 69, 70, 71, 8, 72, 10, 11, 12, 13, 15, 16, 17, 81, 82, 84, 87, 26, 28, 92, 94, 31, 32, 34, 98, 35, 36, 40, 49, 56, 57, 58, 61, 62]"
11299.404531,-27334.000000,"[0, 20, 73, 2, 14, 28, 89, 51, 99, 53, 5, 55, 24, 96, 79, 82, 44, 22, 21, 37, 18, 77, 43, 74, 47, 33, 8, 67, 71, 42, 93, 63, 69, 41, 13, 86, 64, 23, 30, 48, 60, 50, 27, 83, 12, 9, 56, 58, 80, 85, 97, 35, 54, 38, 31, 92, 68, 46, 49, 39, 72, 95, 19, 7, 34, 91, 59, 76, 40, 84, 25, 29, 6, 90, 75, 16, 17, 36, 3, 10, 88, 98, 65, 1, 15, 45, 87, 78, 81, 4, 32, 70, 11, 94, 61, 26, 62, 52, 66, 57];[1, 65, 66, 3, 4, 68, 69, 70, 71, 8, 72, 9, 10, 11, 12, 13, 15, 16, 17, 81, 82, 84, 85, 87, 26, 91, 28, 92, 94, 31, 95, 32, 34, 98, 35, 36, 40, 49, 56, 57, 58, 59, 61, 62]"
11172.596272,-26901.000000,"[0, 20, 73, 2, 14, 28, 89, 51, 99, 53, 5, 55, 24, 96, 79, 82, 44, 22, 21, 37, 18, 77, 43, 74, 47, 33, 8, 67, 71, 42, 93, 63, 69, 41, 13, 86, 64, 23, 30, 48, 60, 50, 27, 83, 12, 9, 56, 58, 80, 85, 97, 35, 54, 38, 31, 92, 68, 46, 49, 39, 72, 95, 19, 7, 34, 91, 59, 76, 40, 84, 25, 29, 6, 90, 75, 16, 17, 36, 3, 10, 88, 98, 65, 1, 15, 45, 87, 78, 81, 4, 32, 70, 11, 94, 61, 26, 62, 52, 66, 57];[1, 65, 66, 4, 68, 69, 70, 71, 8, 72, 10, 11, 12, 13, 15, 16, 17, 81, 82, 84, 85, 87, 26, 91, 28, 92, 94, 31, 95, 32, 97, 34, 98, 35, 99, 36, 49, 56, 57, 58, 61, 62]"
13491.669176,-32158.000000,"[0, 20, 73, 2, 14, 28, 89, 51, 99, 53, 5, 55, 24, 96, 79, 82, 44, 22, 21, 37, 18, 77, 43, 74, 47, 33, 8, 67, 71, 42, 93, 63, 69, 41, 13, 86, 64, 23, 30, 48, 60, 50, 27, 83, 12, 9, 56, 58, 80, 85, 97, 35, 54, 38, 31, 92, 68, 46, 49, 39, 72, 95, 19, 7, 34, 91, 59, 76, 40, 84, 25, 29, 6, 90, 75, 16, 17, 36, 3, 10, 88, 98, 65, 1, 15, 45, 87, 78, 81, 4, 32, 70, 11, 94, 61, 26, 62, 52, 66, 57];[1, 3, 4, 8, 9, 10, 11, 12, 13, 15, 16, 17, 18, 23, 26, 28, 31, 32, 34, 35, 36, 40, 49, 51, 56, 57, 58, 59, 61, 62, 64, 65, 66, 68, 69, 70, 71, 72, 74, 76, 81, 82, 84, 85, 87, 91, 92, 93, 94, 95, 97, 98, 99]"
9437.802115,-13459.000000,"[0, 20, 73, 2, 14, 28, 89, 51, 99, 53, 5, 55, 24, 96, 79, 82, 44, 22, 21, 37, 18, 77, 43, 74, 47, 33, 8, 67, 71, 42, 93, 63, 69, 41, 13, 86, 64, 23, 30, 48, 60, 50, 27, 83, 12, 9, 56, 58, 80, 85, 97, 35, 54, 38, 31, 92, 68, 46, 49, 39, 72, 95, 19, 7, 34, 91, 59, 76, 40, 84, 25, 29, 6, 90, 75, 16, 17, 36, 3, 10, 88, 98, 65, 1, 15, 45, 87, 78, 81, 4, 32, 70, 11, 94, 61, 26, 62, 52, 66, 57];[1, 65, 66, 98, 4, 68, 70, 71, 8, 72, 11, 12, 15, 84, 56, 57, 26, 28, 92, 62, 94]"
9877.482485,-18901.000000,"[0, 20, 73, 2, 14, 28, 89, 51, 99, 53, 5, 55, 24, 96, 79, 82, 44, 22, 21, 37, 18, 77, 43, 74, 47, 33, 8, 67, 71, 42, 93, 63, 69, 41, 13, 86, 64, 23, 30, 48, 60, 50, 27, 83, 12, 9, 56, 58, 80, 85, 97, 35, 54, 38, 31, 92, 68, 46, 49, 39, 72, 95, 19, 7, 34, 91, 59, 76, 40, 84, 25, 29, 6, 90, 75, 16, 17, 36, 3, 10, 88, 98, 65, 1, 15, 45, 87, 78, 81, 4, 32, 70, 11, 94, 61, 26, 62, 52, 66, 57];[1, 65, 66, 4, 68, 70, 71, 8, 72, 11, 12, 15, 16, 17, 84, 87, 26, 91, 28, 92, 94, 98, 36, 49, 56, 57, 58, 61, 62]"
10427.954086,-23450.000000,"[0, 20, 73, 2, 14, 28, 89, 51, 99, 53, 5, 55, 24, 96, 79, 82, 44, 22, 21, 37, 18, 77, 43, 74, 47, 33, 8, 67, 71, 42, 93, 63, 69, 41, 13, 86, 64, 23, 30, 48, 60, 50, 27, 83, 12, 9, 56, 58, 80, 85, 97, 35, 54, 38, 31, 92, 68, 46, 49, 39, 72, 95, 19, 7, 34, 91, 59, 76, 40, 84, 25, 29, 6, 90, 75, 16, 17, 36, 3, 10, 88, 98, 65, 1, 15, 45, 87, 78, 81, 4, 32, 70, 11, 94, 61, 26, 62, 52, 66, 57];[1, 65, 66, 4, 68, 69, 70, 71, 8, 72, 10, 11, 12, 13, 15, 16, 17, 81, 82, 84, 87, 26, 91, 28, 92, 94, 32, 98, 36, 49, 56, 57, 58, 61, 62]"
15565.250550,-34216.000000,"[0, 20, 73, 2, 14, 28, 89, 51, 99, 53, 5, 55, 24, 96, 79, 82, 44, 22, 21, 37, 18, 77, 43, 74, 47, 33, 8, 67, 71, 42, 93, 63, 69, 41, 13, 86, 64, 23, 30, 48, 60, 50, 27, 83, 12, 9, 56, 58, 80, 85, 97, 35, 54, 38, 31, 92, 68, 46, 49, 39, 72, 95, 19, 7, 34, 91, 59, 76, 40, 84, 25, 29, 6, 90, 75, 16, 17, 36, 3, 10, 88, 98, 65, 1, 15, 45, 87, 78, 81, 4, 32, 70, 11, 94, 61, 26, 62, 52, 66, 57];[0, 1, 3, 4, 8, 9, 10, 11, 12, 13, 15, 16, 17, 18, 23, 26, 28, 31, 32, 34, 35, 36, 40, 47, 49, 51, 54, 56, 57, 58, 59, 61, 62, 64, 65, 66, 68, 69, 70, 71, 72, 74, 76, 81, 82, 84, 85, 87, 91, 92, 93, 94, 97, 98, 99]"
9324.859331,-10991.000000,"[0, 20, 73, 2, 14, 28, 89, 51, 99, 53, 5, 55, 24, 96, 79, 82, 44, 22, 21, 37, 18, 77, 43, 74, 47, 33, 8, 67, 71, 42, 93, 63, 69, 41, 13, 86, 64, 23, 30, 48, 60, 50, 27, 83, 12, 9, 56, 58, 80, 85, 97, 35, 54, 38, 31, 92, 68, 46, 49, 39, 72, 95, 19, 7, 34, 91, 59, 76, 40, 84, 25, 29, 6, 90, 75, 16, 17, 36, 3, 10, 88, 98, 65, 1, 15, 45, 87, 78, 81, 4, 32, 70, 11, 94, 61, 26, 62, 52, 66, 57];[1, 65, 66, 98, 4, 68, 70, 71, 72, 12, 84, 56, 57, 28, 92, 62, 94]"
9318.661959,-10843.000000,"[0, 20, 73, 2, 14, 28, 89, 51, 99, 53, 5, 55, 24, 96, 79, 82, 44, 22, 21, 37, 18, 77, 43, 74, 47, 33, 8, 67, 71, 42, 93, 63, 69, 41, 13, 86, 64, 23, 30, 48, 60, 50, 27, 83, 12, 9, 56, 58, 80, 85, 97, 35, 54, 38, 31, 92, 68, 46, 49, 39, 72, 95, 19, 7, 34, 91, 59, 76, 40, 84, 25, 29, 6, 90, 75, 16, 17, 36, 3, 10, 88, 98, 65, 1, 15, 45, 87, 78, 81, 4, 32, 70, 11, 94, 61, 26, 62, 52, 66, 57];[1, 65, 66, 98, 4, 68, 70, 71, 72, 12, 84, 56, 57, 26, 28, 62, 94]"
9799.702382,-18754.000000,"[0, 20, 73, 2, 14, 28, 89, 51, 99, 53, 5, 55, 24, 96, 79, 82, 44, 22, 21, 37, 18, 77, 43, 74, 47, 33, 8, 67, 71, 42, 93, 63, 69, 41, 13, 86, 64, 23, 30, 48, 60, 50, 27, 83, 12, 9, 56, 58, 80, 85, 97, 35, 54, 38, 31, 92, 68, 46, 49, 39, 72, 95, 19, 7, 34, 91, 59, 76, 40, 84, 25, 29, 6, 90, 75, 16, 17, 36, 3, 10, 88, 98, 65, 1, 15, 45, 87, 78, 81, 4, 32, 70, 11, 94, 61, 26, 62, 52, 66, 57];[1, 65, 66, 4, 68, 70, 71, 8, 72, 11, 12, 15, 16, 17, 81, 82, 84, 87, 26, 28, 92, 94, 98, 36, 56, 57, 58, 62]"
15837.854019,-34294.000000,"[0, 20, 73, 2, 14, 28, 89, 51, 99, 53, 5, 55, 24, 96, 79, 82, 44, 22, 21, 37, 18, 77, 43, 74, 47, 33, 8, 67, 71, 42, 93, 63, 69, 41, 13, 86, 64, 23, 30, 48, 60, 50, 27, 83, 12, 9, 56, 58, 80, 85, 97, 35, 54, 38, 31, 92, 68, 46, 49, 39, 72, 95, 19, 7, 34, 91, 59, 76, 40, 84, 25, 29, 6, 90, 75, 16, 17, 36, 3, 10, 88, 98, 65, 1, 15, 45, 87, 78, 81, 4, 32, 70, 11, 94, 61, 26, 62, 52, 66, 57];[1, 3, 4, 8, 9, 10, 11, 12, 13, 15, 16, 17, 18, 23, 26, 28, 31, 34, 35, 36, 40, 47, 49, 50, 51, 54, 56, 57, 58, 59, 61, 62, 64, 65, 66, 68, 69, 70, 71, 72, 74, 76, 81, 82, 84, 85, 86, 87, 91, 92, 93, 94, 97, 98, 99]"
11378.313858,-27475.000000,"[0, 20, 73, 2, 14, 28, 89, 51, 99, 53, 5, 55, 24, 96, 79, 82, 44, 22, 21, 37, 18, 77, 43, 74, 47, 33, 8, 67, 71, 42, 93, 63, 69, 41, 13, 86, 64, 23, 30, 48, 60, 50, 27, 83, 12, 9, 56, 58, 80, 85, 97, 35, 54, 38, 31, 92, 68, 46, 49, 39, 72, 95, 19, 7, 34, 91, 59, 76, 40, 84, 25, 29, 6, 90, 75, 16, 17, 36, 3, 10, 88, 98, 65, 1, 15, 45, 87, 78, 81, 4, 32, 70, 11, 94, 61, 26, 62, 52, 66, 57];[1, 65, 66, 3, 4, 68, 69, 70, 71, 8, 72, 10, 74, 11, 12, 13, 15, 16, 17, 81, 82, 84, 85, 87, 26, 91, 28, 92, 94, 31, 32, 34, 98, 35, 36, 40, 49, 56, 57, 58, 59, 61, 62]"
11673.944492,-28499.000000,"[0, 20, 73, 2, 14, 28, 89, 51, 99, 53, 5, 55, 24, 96, 79, 82, 44, 22, 21, 37, 18, 77, 43, 74, 47, 33, 8, 67, 71, 42, 93, 63, 69, 41, 13, 86, 64, 23, 30, 48, 60, 50, 27, 83, 12, 9, 56, 58, 80, 85, 97, 35, 54, 38, 31, 92, 68, 46, 49, 39, 72, 95, 19, 7, 34, 91, 59, 76, 40, 84, 25, 29, 6, 90, 75, 16, 17, 36, 3, 10, 88, 98, 65, 1, 15, 45, 87, 78, 81, 4, 32, 70, 11, 94, 61, 26, 62, 52, 66, 57];[1, 65, 66, 3, 4, 68, 69, 70, 71, 8, 72, 9, 10, 11, 12, 13, 15, 16, 17, 81, 82, 84, 85, 87, 26, 91, 28, 92, 94, 31, 95, 32, 97, 34, 98, 35, 99, 36, 40, 49, 56, 57, 58, 59, 61, 62]"
10128.291818,-21376.000000,"[0, 20, 73, 2, 14, 28, 89, 51, 99, 53, 5, 55, 24, 96, 79, 82, 44, 22, 21, 37, 18, 77, 43, 74, 47, 33, 8, 67, 71, 42, 93, 63, 69, 41, 13, 86, 64, 23, 30, 48, 60, 50, 27, 83, 12, 9, 56, 58, 80, 85, 97, 35, 54, 38, 31, 92, 68, 46, 49, 39, 72, 95, 19, 7, 34, 91, 59, 76, 40, 84, 25, 29, 6, 90, 75, 16, 17, 36, 3, 10, 88, 98, 65, 1, 15, 45, 87, 78, 81, 4, 32, 70, 11, 94, 61, 26, 62, 52, 66, 57];[1, 65, 66, 4, 68, 69, 70, 71, 8, 72, 10, 11, 12, 13, 15, 16, 17, 81, 82, 84, 26, 28, 92, 94, 31, 98, 36, 56, 57, 58, 61, 62]"
9724.915196,-17600.000000,"[0, 20, 73, 2, 14, 28, 89, 51, 99, 53, 5, 55, 24, 96, 79, 82, 44, 22, 21, 37, 18, 77, 43, 74, 47, 33, 8, 67, 71, 42, 93, 63, 69, 41, 13, 86, 64, 23, 30, 48, 60, 50, 27, 83, 12, 9, 56, 58, 80, 85, 97, 35, 54, 38, 31, 92, 68, 46, 49, 39, 72, 95, 19, 7, 34, 91, 59, 76, 40, 84, 25, 29, 6, 90, 75, 16, 17, 36, 3, 10, 88, 98, 65, 1, 15, 45, 87, 78, 81, 4, 32, 70, 11, 94, 61, 26, 62, 52, 66, 57];[1, 65, 66, 4, 68, 70, 71, 8, 72, 11, 12, 15, 16, 17, 84, 26, 28, 92, 94, 98, 36, 49, 56, 57, 58, 59, 61, 62]"
9675.680238,-17357.000000,"[0, 20, 73, 2, 14, 28, 89, 51, 99, 53, 5, 55, 24, 96, 79, 82, 44, 22, 21, 37, 18, 77, 43, 74, 47, 33, 8, 67, 71, 42, 93, 63, 69, 41, 13, 86, 64, 23, 30, 48, 60, 50, 27, 83, 12, 9, 56, 58, 80, 85, 97, 35, 54, 38, 31, 92, 68, 46, 49, 39, 72, 95, 19, 7, 34, 91, 59, 76, 40, 84, 25, 29, 6, 90, 75, 16, 17, 36, 3, 10, 88, 98, 65, 1, 15, 45, 87, 78, 81, 4, 32, 70, 11, 94, 61, 26, 62, 52, 66, 57];[1, 65, 66, 4, 68, 70, 71, 8, 72, 11, 12, 15, 16, 17, 81, 84, 26, 28, 92, 94, 98, 36, 56, 57, 58, 59, 62]"
17142.688816,-35174.000000,"[0, 20, 73, 2, 14, 28, 89, 51, 99, 53, 5, 55, 24, 96, 79, 82, 44, 22, 21, 37, 18, 77, 43, 74, 47, 33, 8, 67, 71, 42, 93, 63, 69, 41, 13, 86, 64, 23, 30, 48, 60, 50, 27, 83, 12, 9, 56, 58, 80, 85, 97, 35, 54, 38, 31, 92, 68, 46, 49, 39, 72, 95, 19, 7, 34, 91, 59, 76, 40, 84, 25, 29, 6, 90, 75, 16, 17, 36, 3, 10, 88, 98, 65, 1, 15, 45, 87, 78, 81, 4, 32, 70, 11, 94, 61, 26, 62, 52, 66, 57];[0, 1, 2, 3, 4, 8, 9, 10, 11, 12, 13, 15, 16, 17, 18, 23, 26, 28, 31, 32, 34, 35, 36, 40, 47, 49, 51, 54, 56, 57, 58, 59, 61, 62, 64, 65, 66, 68, 69, 70, 71, 72, 74, 76, 81, 82, 84, 85, 87, 91, 92, 93, 94, 96, 97, 98, 99]"
15619.161681,-34285.000000,"[0, 20, 73, 2, 14, 28, 89, 51, 99, 53, 5, 55, 24, 96, 79, 82, 44, 22, 21, 37, 18, 77, 43, 74, 47, 33, 8, 67, 71, 42, 93, 63, 69, 41, 13, 86, 64, 23, 30, 48, 60, 50, 27, 83, 12, 9, 56, 58, 80, 85, 97, 35, 54, 38, 31, 92, 68, 46, 49, 39, 72, 95, 19, 7, 34, 91, 59, 76, 40, 84, 25, 29, 6, 90, 75, 16, 17, 36, 3, 10, 88, 98, 65, 1, 15, 45, 87, 78, 81, 4, 32, 70, 11, 94, 61, 26, 62, 52, 66, 57];[0, 1, 3, 4, 8, 9, 10, 11, 12, 13, 15, 16, 17, 18, 23, 26, 28, 31, 32, 34, 35, 36, 40, 47, 49, 51, 54, 56, 57, 58, 59, 61, 62, 64, 65, 66, 68, 69, 70, 71, 72, 74, 76, 81, 82, 84, 85, 87, 91, 92, 93, 94, 95, 97, 98, 99]"
14523.811125,-33314.000000,"[0, 20, 73, 2, 14, 28, 89, 51, 99, 53, 5, 55, 24, 96, 79, 82, 44, 22, 21, 37, 18, 77, 43, 74, 47, 33, 8, 67, 71, 42, 93, 63, 69, 41, 13, 86, 64, 23, 30, 48, 60, 50, 27, 83, 12, 9, 56, 58, 80, 85, 97, 35, 54, 38, 31, 92, 68, 46, 49, 39, 72, 95, 19, 7, 34, 91, 59, 76, 40, 84, 25, 29, 6, 90, 75, 16, 17, 36, 3, 10, 88, 98, 65, 1, 15, 45, 87, 78, 81, 4, 32, 70, 11, 94, 61, 26, 62, 52, 66, 57];[0, 1, 3, 4, 8, 9, 10, 11, 12, 13, 15, 16, 17, 18, 23, 26, 28, 31, 32, 34, 35, 36, 40, 49, 51, 56, 57, 58, 59, 61, 62, 64, 65, 66, 68, 69, 70, 71, 72, 74, 76, 81, 82, 84, 85, 86, 87, 91, 92, 93, 94, 95, 97, 98, 99]"
17278.803038,-35300.000000,"[0, 20, 73, 2, 14, 28, 89, 51, 99, 53, 5, 55, 24, 96, 79, 82, 44, 22, 21, 37, 18, 77, 43, 74, 47, 33, 8, 67, 71, 42, 93, 63, 69, 41, 13, 86, 64, 23, 30, 48, 60, 50, 27, 83, 12, 9, 56, 58, 80, 85, 97, 35, 54, 38, 31, 92, 68, 46, 49, 39, 72, 95, 19, 7, 34, 91, 59, 76, 40, 84, 25, 29, 6, 90, 75, 16, 17, 36, 3, 10, 88, 98, 65, 1, 15, 45, 87, 78, 81, 4, 32, 70, 11, 94, 61, 26, 62, 52, 66, 57];[0, 1, 3, 4, 8, 9, 10, 11, 12, 13, 15, 16, 17, 18, 23, 24, 26, 28, 31, 34, 35, 36, 40, 47, 49, 50, 51, 54, 56, 57, 58, 59, 61, 62, 64, 65, 66, 68, 69, 70, 71, 72, 74, 76, 81, 82, 84, 85, 87, 91, 92, 93, 94, 95, 97, 98, 99]"
12760.562192,-30895.000000,"[0, 20, 73, 2, 14, 28, 89, 51, 99, 53, 5, 55, 24, 96, 79, 82, 44, 22, 21, 37, 18, 77, 43, 74, 47, 33, 8, 67, 71, 42, 93, 63, 69, 41, 13, 86, 64, 23, 30, 48, 60, 50, 27, 83, 12, 9, 56, 58, 80, 85, 97, 35, 54, 38, 31, 92, 68, 46, 49, 39, 72, 95, 19, 7, 34, 91, 59, 76, 40, 84, 25, 29, 6, 90, 75, 16, 17, 36, 3, 10, 88, 98, 65, 1, 15, 45, 87, 78, 81, 4, 32, 70, 11, 94, 61, 26, 62, 52, 66, 57];[1, 4, 6, 8, 9, 10, 11, 12, 13, 15, 16, 17, 18, 23, 26, 28, 31, 32, 34, 35, 36, 40, 49, 51, 56, 57, 58, 59, 61, 62, 65, 66, 68, 69, 70, 71, 72, 74, 76, 81, 82, 84, 85, 87, 91, 92, 94, 95, 97, 98, 99]"
15906.822680,-34399.000000,"[0, 20, 73, 2, 14, 28, 89, 51, 99, 53, 5, 55, 24, 96, 79, 82, 44, 22, 21, 37, 18, 77, 43, 74, 47, 33, 8, 67, 71, 42, 93, 63, 69, 41, 13, 86, 64, 23, 30, 48, 60, 50, 27, 83, 12, 9, 56, 58, 80, 85, 97, 35, 54, 38, 31, 92, 68, 46, 49, 39, 72, 95, 19, 7, 34, 91, 59, 76, 40, 84, 25, 29, 6, 90, 75, 16, 17, 36, 3, 10, 88, 98, 65, 1, 15, 45, 87, 78, 81, 4, 32, 70, 11, 94, 61, 26, 62, 52, 66, 57];[0, 1, 2, 3, 4, 8, 9, 10, 11, 12, 13, 15, 16, 17, 18, 23, 26, 28, 31, 34, 35, 36, 40, 47, 49, 51, 54, 56, 57, 58, 59, 61, 62, 64, 65, 66, 68, 69, 70, 71, 72, 74, 76, 81, 82, 84, 85, 87, 91, 92, 93, 94, 97, 98, 99]"
10428.999912,-23473.000000,"[0, 20, 73, 2, 14, 28, 89, 51, 99, 53, 5, 55, 24, 96, 79, 82, 44, 22, 21, 37, 18, 77, 43, 74, 47, 33, 8, 67, 71, 42, 93, 63, 69, 41, 13, 86, 64, 23, 30, 48, 60, 50, 27, 83, 12, 9, 56, 58, 80, 85, 97, 35, 54, 38, 31, 92, 68, 46, 49, 39, 72, 95, 19, 7, 34, 91, 59, 76, 40, 84, 25, 29, 6, 90, 75, 16, 17, 36, 3, 10, 88, 98, 65, 1, 15, 45, 87, 78, 81, 4, 32, 70, 11, 94, 61, 26, 62, 52, 66, 57];[1, 65, 66, 4, 68, 69, 70, 71, 8, 72, 10, 11, 12, 13, 15, 16, 17, 81, 82, 84, 87, 26, 28, 92, 94, 31, 32, 34, 98, 35, 36, 56, 57, 58, 61, 62]"
14473.883279,-33142.000000,"[0, 20, 73, 2, 14, 28, 89, 51, 99, 53, 5, 55, 24, 96, 79, 82, 44, 22, 21, 37, 18, 77, 43, 74, 47, 33, 8, 67, 71, 42, 93, 63, 69, 41, 13, 86, 64, 23, 30, 48, 60, 50, 27, 83, 12, 9, 56, 58, 80, 85, 97, 35, 54, 38, 31, 92, 68, 46, 49, 39, 72, 95, 19, 7, 34, 91, 59, 76, 40, 84, 25, 29, 6, 90, 75, 16, 17, 36, 3, 10, 88, 98, 65, 1, 15, 45, 87, 78, 81, 4, 32, 70, 11, 94, 61, 26, 62, 52, 66, 57];[1, 3, 4, 8, 9, 10, 11, 12, 13, 15, 16, 17, 18, 23, 26, 28, 31, 34, 35, 36, 40, 47, 49, 51, 54, 56, 57, 58, 59, 61, 62, 64, 65, 66, 68, 69, 70, 71, 72, 74, 76, 81, 82, 84, 85, 87, 91, 92, 93, 94, 97, 98, 99]"
11760.622570,-28544.000000,"[0, 20, 73, 2, 14, 28, 89, 51, 99, 53, 5, 55, 24, 96, 79, 82, 44, 22, 21, 37, 18, 77, 43, 74, 47, 33, 8, 67, 71, 42, 93, 63, 69, 41, 13, 86, 64, 23, 30, 48, 60, 50, 27, 83, 12, 9, 56, 58, 80, 85, 97, 35, 54, 38, 31, 92, 68, 46, 49, 39, 72, 95, 19, 7, 34, 91, 59, 76, 40, 84, 25, 29, 6, 90, 75, 16, 17, 36, 3, 10, 88, 98, 65, 1, 15, 45, 87, 78, 81, 4, 32, 70, 11, 94, 61, 26, 62, 52, 66, 57];[1, 65, 66, 3, 4, 68, 69, 70, 71, 8, 72, 9, 10, 11, 12, 13, 15, 16, 17, 81, 18, 82, 84, 85, 23, 87, 26, 91, 28, 92, 94, 31, 32, 34, 98, 35, 36, 40, 49, 51, 56, 57, 58, 59, 61, 62]"
11217.432611,-27043.000000,"[0, 20, 73, 2, 14, 28, 89, 51, 99, 53, 5, 55, 24, 96, 79, 82, 44, 22, 21, 37, 18, 77, 43, 74, 47, 33, 8, 67, 71, 42, 93, 63, 69, 41, 13, 86, 64, 23, 30, 48, 60, 50, 27, 83, 12, 9, 56, 58, 80, 85, 97, 35, 54, 38, 31, 92, 68, 46, 49, 39, 72, 95, 19, 7, 34, 91, 59, 76, 40, 84, 25, 29, 6, 90, 75, 16, 17, 36, 3, 10, 88, 98, 65, 1, 15, 45, 87, 78, 81, 4, 32, 70, 11, 94, 61, 26, 62, 52, 66, 57];[1, 65, 66, 4, 68, 69, 70, 71, 8, 72, 9, 10, 11, 12, 13, 15, 16, 17, 81, 82, 84, 85, 87, 26, 91, 28, 92, 94, 31, 95, 32, 34, 98, 35, 36, 40, 49, 56, 57, 58, 59, 61, 62]"
