8156.000000,-0.000000,"[0, 57, 66, 52, 62, 26, 61, 94, 11, 70, 32, 20, 73, 2, 14, 28, 89, 51, 99, 96, 53, 5, 55, 24, 35, 54, 38, 31, 92, 68, 46, 49, 39, 72, 95, 19, 34, 7, 91, 59, 76, 40, 84, 25, 29, 6, 75, 90, 16, 88, 17, 36, 3, 10, 98, 65, 93, 63, 69, 41, 13, 86, 64, 23, 30, 48, 60, 50, 27, 83, 9, 12, 56, 58, 80, 97, 85, 79, 82, 18, 44, 22, 21, 37, 77, 43, 74, 8, 47, 33, 67, 71, 42, 1, 15, 45, 87, 81, 4, 78];[]"
17309.898037,-21998.000000,"[0, 78, 52, 62, 26, 61, 94, 11, 70, 32, 20, 73, 2, 14, 28, 89, 51, 99, 96, 53, 5, 55, 24, 35, 54, 38, 31, 92, 68, 46, 49, 39, 72, 95, 19, 34, 7, 91, 59, 76, 40, 84, 25, 29, 6, 75, 90, 16, 1, 42, 71, 67, 33, 47, 8, 74, 43, 77, 37, 21, 22, 44, 18, 82, 79, 85, 97, 80, 58, 56, 12, 9, 83, 27, 50, 60, 48, 30, 23, 64, 86, 13, 41, 69, 63, 88, 17, 36, 3, 10, 98, 65, 93, 15, 45, 87, 81, 4, 66, 57];[1, 65, 66, 4, 68, 69, 70, 71, 8, 72, 9, 74, 12, 13, 15, 16, 17, 18, 82, 84, 23, 28, 92, 94, 31, 34, 35, 99, 36, 49, 51, 56, 57, 58]"
8156.000000,-0.000000,"[0, 78, 4, 81, 87, 45, 15, 1, 42, 71, 67, 33, 47, 8, 74, 43, 77, 37, 21, 22, 44, 18, 82, 79, 85, 97, 80, 58, 56, 12, 9, 83, 27, 50, 60, 48, 30, 23, 64, 86, 13, 41, 69, 63, 93, 65, 98, 10, 3, 36, 17, 88, 16, 90, 75, 6, 29, 25, 84, 40, 76, 59, 91, 7, 34, 19, 95, 72, 39, 49, 46, 68, 92, 31, 38, 54, 35, 24, 55, 5, 53, 96, 99, 51, 89, 28, 14, 2, 73, 20, 32, 70, 11, 94, 61, 26, 62, 52, 66, 57];[]"
16852.179283,-21813.000000,"[0, 78, 52, 62, 26, 61, 94, 11, 70, 32, 20, 73, 2, 14, 28, 89, 51, 99, 96, 53, 5, 55, 24, 35, 54, 38, 31, 92, 68, 46, 49, 39, 72, 95, 19, 34, 7, 91, 59, 76, 40, 84, 25, 29, 6, 75, 90, 16, 1, 42, 71, 67, 33, 47, 8, 74, 43, 77, 37, 21, 22, 44, 18, 82, 79, 85, 97, 80, 58, 56, 12, 9, 83, 27, 50, 60, 48, 30, 23, 64, 86, 13, 41, 69, 63, 88, 17, 36, 3, 10, 98, 65, 93, 15, 45, 87, 81, 4, 66, 57];[1, 65, 66, 4, 68, 69, 70, 71, 8, 72, 9, 74, 12, 13, 15, 16, 17, 18, 82, 84, 21, 23, 28, 92, 94, 31, 95, 34, 35, 36, 49, 51, 56, 57, 58]"
16064.072199,-21693.000000,"[0, 78, 52, 62, 26, 61, 94, 11, 70, 32, 20, 73, 2, 14, 28, 89, 51, 99, 96, 53, 5, 55, 24, 35, 54, 38, 31, 92, 68, 46, 49, 39, 72, 95, 19, 34, 7, 91, 59, 76, 40, 84, 25, 29, 6, 75, 90, 16, 1, 42, 71, 67, 33, 47, 8, 74, 43, 77, 37, 21, 22, 44, 18, 82, 79, 85, 97, 80, 58, 56, 12, 9, 83, 27, 50, 60, 48, 30, 23, 64, 86, 13, 41, 69, 63, 88, 17, 36, 3, 10, 98, 65, 93, 15, 45, 87, 81, 4, 66, 57];[1, 65, 66, 4, 68, 69, 70, 71, 8, 72, 74, 12, 13, 15, 16, 17, 81, 82, 84, 21, 23, 28, 92, 94, 31, 34, 35, 99, 36, 49, 51, 56, 57, 58]"
8257.732843,-5016.000000,"[0, 57, 66, 52, 62, 26, 61, 94, 11, 70, 32, 20, 73, 2, 14, 28, 89, 51, 99, 96, 53, 5, 55, 24, 35, 54, 38, 31, 92, 68, 46, 49, 39, 72, 95, 19, 34, 7, 91, 59, 76, 40, 84, 25, 29, 6, 75, 90, 16, 88, 17, 36, 3, 10, 98, 65, 93, 63, 69, 41, 13, 86, 64, 23, 30, 48, 60, 50, 27, 83, 9, 12, 56, 58, 80, 97, 85, 79, 82, 18, 44, 22, 21, 37, 77, 43, 74, 8, 47, 33, 67, 71, 42, 1, 15, 45, 87, 4, 81, 78];[1, 81, 82, 4, 71, 56, 12, 78, 15]"
14528.322256,-21156.000000,"[0, 78, 52, 62, 26, 61, 94, 11, 70, 32, 20, 73, 2, 14, 28, 89, 51, 99, 96, 53, 5, 55, 24, 35, 54, 38, 31, 92, 68, 46, 49, 39, 72, 95, 19, 34, 7, 91, 59, 76, 40, 84, 25, 29, 6, 75, 90, 16, 1, 42, 71, 67, 33, 47, 8, 74, 43, 77, 37, 21, 22, 44, 18, 82, 79, 85, 97, 80, 58, 56, 12, 9, 83, 27, 50, 60, 48, 30, 23, 64, 86, 13, 41, 69, 63, 88, 17, 36, 3, 10, 98, 65, 93, 15, 45, 87, 81, 4, 66, 57];[1, 65, 66, 4, 68, 69, 70, 71, 8, 72, 74, 12, 13, 15, 16, 17, 81, 18, 82, 84, 23, 28, 92, 93, 94, 31, 34, 36, 49, 56, 57, 58]"
10764.058092,-17744.000000,"[0, 57, 66, 52, 62, 26, 61, 94, 11, 70, 32, 20, 73, 2, 14, 28, 89, 51, 99, 96, 53, 5, 55, 24, 35, 54, 38, 31, 92, 68, 46, 49, 39, 72, 95, 19, 34, 7, 91, 59, 76, 40, 84, 25, 29, 6, 75, 90, 16, 88, 17, 36, 3, 10, 98, 65, 93, 63, 69, 41, 13, 86, 64, 23, 30, 48, 60, 50, 27, 83, 9, 12, 56, 58, 80, 97, 85, 79, 82, 18, 44, 22, 21, 37, 77, 43, 74, 8, 47, 33, 67, 71, 42, 1, 15, 45, 87, 4, 81, 78];[1, 4, 68, 69, 70, 71, 8, 72, 9, 74, 12, 13, 78, 15, 16, 81, 18, 82, 84, 85, 87, 28, 92, 94, 47, 56, 57, 58]"
15292.683929,-21482.000000,"[0, 78, 52, 62, 26, 61, 94, 11, 70, 32, 20, 73, 2, 14, 28, 89, 51, 99, 96, 53, 5, 55, 24, 35, 54, 38, 31, 92, 68, 46, 49, 39, 72, 95, 19, 34, 7, 91, 59, 76, 40, 84, 25, 29, 6, 75, 90, 16, 1, 42, 71, 67, 33, 47, 8, 74, 43, 77, 37, 21, 22, 44, 18, 82, 79, 85, 97, 80, 58, 56, 12, 9, 83, 27, 50, 60, 48, 30, 23, 64, 86, 13, 41, 69, 63, 88, 17, 36, 3, 10, 98, 65, 93, 15, 45, 87, 81, 4, 66, 57];[1, 65, 66, 4, 68, 69, 70, 71, 8, 72, 9, 12, 13, 15, 16, 17, 81, 18, 82, 84, 23, 28, 92, 93, 94, 31, 34, 35, 36, 49, 56, 57, 58]"
10984.055575,-17960.000000,"[0, 57, 66, 52, 62, 26, 61, 94, 11, 70, 32, 20, 73, 2, 14, 28, 89, 51, 99, 96, 53, 5, 55, 24, 35, 54, 38, 31, 92, 68, 46, 49, 39, 72, 95, 19, 34, 7, 91, 59, 76, 40, 84, 25, 29, 6, 75, 90, 16, 88, 17, 36, 3, 10, 98, 65, 93, 63, 69, 41, 13, 86, 64, 23, 30, 48, 60, 50, 27, 83, 9, 12, 56, 58, 80, 97, 85, 79, 82, 18, 44, 22, 21, 37, 77, 43, 74, 8, 47, 33, 67, 71, 42, 1, 15, 45, 87, 4, 81, 78];[1, 65, 4, 68, 69, 70, 71, 8, 72, 74, 12, 13, 78, 15, 16, 17, 81, 82, 84, 85, 87, 28, 92, 47, 56, 57, 58]"
14300.885267,-21041.000000,"[0, 78, 52, 62, 26, 61, 94, 11, 70, 32, 20, 73, 2, 14, 28, 89, 51, 99, 96, 53, 5, 55, 24, 35, 54, 38, 31, 92, 68, 46, 49, 39, 72, 95, 19, 34, 7, 91, 59, 76, 40, 84, 25, 29, 6, 75, 90, 16, 1, 42, 71, 67, 33, 47, 8, 74, 43, 77, 37, 21, 22, 44, 18, 82, 79, 85, 97, 80, 58, 56, 12, 9, 83, 27, 50, 60, 48, 30, 23, 64, 86, 13, 41, 69, 63, 88, 17, 36, 3, 10, 98, 65, 93, 15, 45, 87, 81, 4, 66, 57];[1, 65, 66, 4, 68, 69, 70, 71, 8, 72, 9, 74, 12, 13, 15, 16, 17, 81, 82, 84, 21, 23, 28, 92, 93, 94, 31, 36, 49, 56, 57, 58]"
15856.253570,-21685.000000,"[0, 78, 52, 62, 26, 61, 94, 11, 70, 32, 20, 73, 2, 14, 28, 89, 51, 99, 96, 53, 5, 55, 24, 35, 54, 38, 31, 92, 68, 46, 49, 39, 72, 95, 19, 34, 7, 91, 59, 76, 40, 84, 25, 29, 6, 75, 90, 16, 1, 42, 71, 67, 33, 47, 8, 74, 43, 77, 37, 21, 22, 44, 18, 82, 79, 85, 97, 80, 58, 56, 12, 9, 83, 27, 50, 60, 48, 30, 23, 64, 86, 13, 41, 69, 63, 88, 17, 36, 3, 10, 98, 65, 93, 15, 45, 87, 81, 4, 66, 57];[1, 65, 66, 4, 68, 69, 70, 71, 8, 72, 74, 12, 13, 15, 16, 17, 81, 82, 84, 85, 23, 28, 92, 94, 31, 34, 35, 99, 36, 49, 56, 57, 58]"
15635.299084,-21604.000000,"[0, 78, 52, 62, 26, 61, 94, 11, 70, 32, 20, 73, 2, 14, 28, 89, 51, 99, 96, 53, 5, 55, 24, 35, 54, 38, 31, 92, 68, 46, 49, 39, 72, 95, 19, 34, 7, 91, 59, 76, 40, 84, 25, 29, 6, 75, 90, 16, 1, 42, 71, 67, 33, 47, 8, 74, 43, 77, 37, 21, 22, 44, 18, 82, 79, 85, 97, 80, 58, 56, 12, 9, 83, 27, 50, 60, 48, 30, 23, 64, 86, 13, 41, 69, 63, 88, 17, 36, 3, 10, 98, 65, 93, 15, 45, 87, 81, 4, 66, 57];[1, 65, 66, 4, 68, 69, 70, 71, 8, 72, 74, 12, 13, 15, 16, 17, 81, 18, 82, 84, 85, 23, 28, 92, 94, 31, 99, 35, 36, 49, 56, 57, 58]"
16407.642482,-21699.000000,"[0, 78, 52, 62, 26, 61, 94, 11, 70, 32, 20, 73, 2, 14, 28, 89, 51, 99, 96, 53, 5, 55, 24, 35, 54, 38, 31, 92, 68, 46, 49, 39, 72, 95, 19, 34, 7, 91, 59, 76, 40, 84, 25, 29, 6, 75, 90, 16, 1, 42, 71, 67, 33, 47, 8, 74, 43, 77, 37, 21, 22, 44, 18, 82, 79, 85, 97, 80, 58, 56, 12, 9, 83, 27, 50, 60, 48, 30, 23, 64, 86, 13, 41, 69, 63, 88, 17, 36, 3, 10, 98, 65, 93, 15, 45, 87, 81, 4, 66, 57];[1, 65, 66, 4, 68, 69, 70, 71, 8, 72, 9, 74, 12, 13, 15, 16, 17, 18, 82, 84, 85, 23, 28, 92, 94, 31, 95, 34, 36, 49, 51, 56, 57, 58]"
8193.073395,-3264.000000,"[0, 57, 66, 52, 62, 26, 61, 94, 11, 70, 32, 20, 73, 2, 14, 28, 89, 51, 99, 96, 53, 5, 55, 24, 35, 54, 38, 31, 92, 68, 46, 49, 39, 72, 95, 19, 34, 7, 91, 59, 76, 40, 84, 25, 29, 6, 75, 90, 16, 88, 17, 36, 3, 10, 98, 65, 93, 63, 69, 41, 13, 86, 64, 23, 30, 48, 60, 50, 27, 83, 9, 12, 56, 58, 80, 97, 85, 79, 82, 18, 44, 22, 21, 37, 77, 43, 74, 8, 47, 33, 67, 71, 42, 1, 15, 45, 87, 81, 4, 78];[1, 4, 71, 56, 12, 78, 15]"
10306.586369,-16959.000000,"[0, 57, 66, 52, 62, 26, 61, 94, 11, 70, 32, 20, 73, 2, 14, 28, 89, 51, 99, 96, 53, 5, 55, 24, 35, 54, 38, 31, 92, 68, 46, 49, 39, 72, 95, 19, 34, 7, 91, 59, 76, 40, 84, 25, 29, 6, 75, 90, 16, 88, 17, 36, 3, 10, 98, 65, 93, 63, 69, 41, 13, 86, 64, 23, 30, 48, 60, 50, 27, 83, 9, 12, 56, 58, 80, 97, 85, 79, 82, 18, 44, 22, 21, 37, 77, 43, 74, 8, 47, 33, 67, 71, 42, 1, 15, 45, 87, 4, 81, 78];[1, 4, 68, 69, 70, 71, 8, 72, 9, 74, 12, 13, 78, 15, 16, 81, 18, 82, 84, 87, 28, 92, 47, 56, 57, 58]"
8548.111687,-9232.000000,"[0, 57, 66, 52, 62, 26, 61, 94, 11, 70, 32, 20, 73, 2, 14, 28, 89, 51, 99, 96, 53, 5, 55, 24, 35, 54, 38, 31, 92, 68, 46, 49, 39, 72, 95, 19, 34, 7, 91, 59, 76, 40, 84, 25, 29, 6, 75, 90, 16, 88, 17, 36, 3, 10, 98, 65, 93, 63, 69, 41, 13, 86, 64, 23, 30, 48, 60, 50, 27, 83, 9, 12, 56, 58, 80, 97, 85, 79, 82, 18, 44, 22, 21, 37, 77, 43, 74, 8, 47, 33, 67, 71, 42, 1, 15, 45, 87, 4, 81, 78];[1, 4, 70, 71, 8, 12, 78, 15, 16, 81, 82, 87, 56, 58, 92]"
8800.784575,-11224.000000,"[0, 57, 66, 52, 62, 26, 61, 94, 11, 70, 32, 20, 73, 2, 14, 28, 89, 51, 99, 96, 53, 5, 55, 24, 35, 54, 38, 31, 92, 68, 46, 49, 39, 72, 95, 19, 34, 7, 91, 59, 76, 40, 84, 25, 29, 6, 75, 90, 16, 88, 17, 36, 3, 10, 98, 65, 93, 63, 69, 41, 13, 86, 64, 23, 30, 48, 60, 50, 27, 83, 9, 12, 56, 58, 80, 97, 85, 79, 82, 18, 44, 22, 21, 37, 77, 43, 74, 8, 47, 33, 67, 71, 42, 1, 15, 45, 87, 4, 81, 78];[1, 4, 70, 71, 8, 74, 12, 78, 15, 81, 82, 84, 87, 56, 58, 28, 92]"
8161.135385,-531.000000,"[0, 57, 66, 52, 62, 26, 61, 94, 11, 70, 32, 20, 73, 2, 14, 28, 89, 51, 99, 96, 53, 5, 55, 24, 35, 54, 38, 31, 92, 68, 46, 49, 39, 72, 95, 19, 34, 7, 91, 59, 76, 40, 84, 25, 29, 6, 75, 90, 16, 88, 17, 36, 3, 10, 98, 65, 93, 63, 69, 41, 13, 86, 64, 23, 30, 48, 60, 50, 27, 83, 9, 12, 56, 58, 80, 97, 85, 79, 82, 18, 44, 22, 21, 37, 77, 43, 74, 8, 47, 33, 67, 71, 42, 1, 15, 45, 87, 81, 4, 78];[71, 78]"
10438.099071,-17197.000000,"[0, 57, 66, 52, 62, 26, 61, 94, 11, 70, 32, 20, 73, 2, 14, 28, 89, 51, 99, 96, 53, 5, 55, 24, 35, 54, 38, 31, 92, 68, 46, 49, 39, 72, 95, 19, 34, 7, 91, 59, 76, 40, 84, 25, 29, 6, 75, 90, 16, 88, 17, 36, 3, 10, 98, 65, 93, 63, 69, 41, 13, 86, 64, 23, 30, 48, 60, 50, 27, 83, 9, 12, 56, 58, 80, 97, 85, 79, 82, 18, 44, 22, 21, 37, 77, 43, 74, 8, 47, 33, 67, 71, 42, 1, 15, 45, 87, 4, 81, 78];[1, 65, 4, 68, 69, 70, 71, 8, 72, 74, 12, 13, 78, 15, 16, 81, 82, 84, 85, 87, 28, 92, 47, 56, 57, 58]"
11662.064677,-18838.000000,"[0, 57, 66, 52, 62, 26, 61, 94, 11, 70, 32, 20, 73, 2, 14, 28, 89, 51, 99, 96, 53, 5, 55, 24, 35, 54, 38, 31, 92, 68, 46, 49, 39, 72, 95, 19, 34, 7, 91, 59, 76, 40, 84, 25, 29, 6, 75, 90, 16, 88, 17, 36, 3, 10, 98, 65, 93, 63, 69, 41, 13, 86, 64, 23, 30, 48, 60, 50, 27, 83, 9, 12, 56, 58, 80, 97, 85, 79, 82, 18, 44, 22, 21, 37, 77, 43, 74, 8, 47, 33, 67, 71, 42, 1, 15, 45, 87, 4, 81, 78];[1, 65, 66, 4, 68, 69, 70, 71, 8, 72, 9, 74, 12, 13, 78, 15, 16, 81, 18, 82, 84, 87, 28, 92, 47, 56, 57, 58]"
13222.949463,-20324.000000,"[0, 78, 52, 62, 26, 61, 94, 11, 70, 32, 20, 73, 2, 14, 28, 89, 51, 99, 96, 53, 5, 55, 24, 35, 54, 38, 31, 92, 68, 46, 49, 39, 72, 95, 19, 34, 7, 91, 59, 76, 40, 84, 25, 29, 6, 75, 90, 16, 1, 42, 71, 67, 33, 47, 8, 74, 43, 77, 37, 21, 22, 44, 18, 82, 79, 85, 97, 80, 58, 56, 12, 9, 83, 27, 50, 60, 48, 30, 23, 64, 86, 13, 41, 69, 63, 88, 17, 36, 3, 10, 98, 65, 93, 15, 45, 87, 81, 4, 66, 57];[1, 65, 66, 4, 68, 69, 70, 71, 8, 72, 74, 12, 13, 15, 16, 17, 81, 82, 84, 21, 23, 28, 92, 93, 94, 31, 36, 49, 56, 57, 58]"
8358.957951,-7077.000000,"[0, 57, 66, 52, 62, 26, 61, 94, 11, 70, 32, 20, 73, 2, 14, 28, 89, 51, 99, 96, 53, 5, 55, 24, 35, 54, 38, 31, 92, 68, 46, 49, 39, 72, 95, 19, 34, 7, 91, 59, 76, 40, 84, 25, 29, 6, 75, 90, 16, 88, 17, 36, 3, 10, 98, 65, 93, 63, 69, 41, 13, 86, 64, 23, 30, 48, 60, 50, 27, 83, 9, 12, 56, 58, 80, 97, 85, 79, 82, 18, 44, 22, 21, 37, 77, 43, 74, 8, 47, 33, 67, 71, 42, 1, 15, 45, 87, 4, 81, 78];[1, 81, 82, 4, 71, 87, 8, 56, 58, 12, 78]"
8273.962369,-5510.000000,"[0, 57, 66, 52, 62, 26, 61, 94, 11, 70, 32, 20, 73, 2, 14, 28, 89, 51, 99, 96, 53, 5, 55, 24, 35, 54, 38, 31, 92, 68, 46, 49, 39, 72, 95, 19, 34, 7, 91, 59, 76, 40, 84, 25, 29, 6, 75, 90, 16, 88, 17, 36, 3, 10, 98, 65, 93, 63, 69, 41, 13, 86, 64, 23, 30, 48, 60, 50, 27, 83, 9, 12, 56, 58, 80, 97, 85, 79, 82, 18, 44, 22, 21, 37, 77, 43, 74, 8, 47, 33, 67, 71, 42, 1, 15, 45, 87, 4, 81, 78];[1, 81, 82, 4, 71, 8, 56, 12, 78]"
8328.183795,-6624.000000,"[0, 57, 66, 52, 62, 26, 61, 94, 11, 70, 32, 20, 73, 2, 14, 28, 89, 51, 99, 96, 53, 5, 55, 24, 35, 54, 38, 31, 92, 68, 46, 49, 39, 72, 95, 19, 34, 7, 91, 59, 76, 40, 84, 25, 29, 6, 75, 90, 16, 88, 17, 36, 3, 10, 98, 65, 93, 63, 69, 41, 13, 86, 64, 23, 30, 48, 60, 50, 27, 83, 9, 12, 56, 58, 80, 97, 85, 79, 82, 18, 44, 22, 21, 37, 77, 43, 74, 8, 47, 33, 67, 71, 42, 1, 15, 45, 87, 4, 81, 78];[1, 81, 82, 4, 71, 87, 8, 56, 12, 78, 15]"
13557.960935,-20496.000000,"[0, 78, 52, 62, 26, 61, 94, 11, 70, 32, 20, 73, 2, 14, 28, 89, 51, 99, 96, 53, 5, 55, 24, 35, 54, 38, 31, 92, 68, 46, 49, 39, 72, 95, 19, 34, 7, 91, 59, 76, 40, 84, 25, 29, 6, 75, 90, 16, 1, 42, 71, 67, 33, 47, 8, 74, 43, 77, 37, 21, 22, 44, 18, 82, 79, 85, 97, 80, 58, 56, 12, 9, 83, 27, 50, 60, 48, 30, 23, 64, 86, 13, 41, 69, 63, 88, 17, 36, 3, 10, 98, 65, 93, 15, 45, 87, 81, 4, 66, 57];[1, 65, 66, 4, 68, 69, 70, 71, 8, 72, 74, 12, 13, 15, 16, 17, 81, 82, 84, 21, 85, 23, 28, 92, 94, 31, 95, 36, 49, 56, 57, 58]"
8208.345315,-3758.000000,"[0, 57, 66, 52, 62, 26, 61, 94, 11, 70, 32, 20, 73, 2, 14, 28, 89, 51, 99, 96, 53, 5, 55, 24, 35, 54, 38, 31, 92, 68, 46, 49, 39, 72, 95, 19, 34, 7, 91, 59, 76, 40, 84, 25, 29, 6, 75, 90, 16, 88, 17, 36, 3, 10, 98, 65, 93, 63, 69, 41, 13, 86, 64, 23, 30, 48, 60, 50, 27, 83, 9, 12, 56, 58, 80, 97, 85, 79, 82, 18, 44, 22, 21, 37, 77, 43, 74, 8, 47, 33, 67, 71, 42, 1, 15, 45, 87, 81, 4, 78];[1, 4, 71, 8, 56, 12, 78]"
9565.650699,-14880.000000,"[0, 57, 66, 52, 62, 26, 61, 94, 11, 70, 32, 20, 73, 2, 14, 28, 89, 51, 99, 96, 53, 5, 55, 24, 35, 54, 38, 31, 92, 68, 46, 49, 39, 72, 95, 19, 34, 7, 91, 59, 76, 40, 84, 25, 29, 6, 75, 90, 16, 88, 17, 36, 3, 10, 98, 65, 93, 63, 69, 41, 13, 86, 64, 23, 30, 48, 60, 50, 27, 83, 9, 12, 56, 58, 80, 97, 85, 79, 82, 18, 44, 22, 21, 37, 77, 43, 74, 8, 47, 33, 67, 71, 42, 1, 15, 45, 87, 4, 81, 78];[1, 4, 69, 70, 71, 8, 72, 74, 12, 13, 78, 15, 16, 81, 18, 82, 84, 87, 56, 57, 58, 28, 92]"
13369.255697,-20478.000000,"[0, 78, 52, 62, 26, 61, 94, 11, 70, 32, 20, 73, 2, 14, 28, 89, 51, 99, 96, 53, 5, 55, 24, 35, 54, 38, 31, 92, 68, 46, 49, 39, 72, 95, 19, 34, 7, 91, 59, 76, 40, 84, 25, 29, 6, 75, 90, 16, 1, 42, 71, 67, 33, 47, 8, 74, 43, 77, 37, 21, 22, 44, 18, 82, 79, 85, 97, 80, 58, 56, 12, 9, 83, 27, 50, 60, 48, 30, 23, 64, 86, 13, 41, 69, 63, 88, 17, 36, 3, 10, 98, 65, 93, 15, 45, 87, 81, 4, 66, 57];[1, 65, 66, 4, 68, 69, 70, 71, 8, 72, 9, 12, 13, 15, 16, 17, 81, 18, 82, 84, 23, 28, 92, 93, 94, 31, 36, 49, 56, 57, 58]"
9893.525111,-15956.000000,"[0, 57, 66, 52, 62, 26, 61, 94, 11, 70, 32, 20, 73, 2, 14, 28, 89, 51, 99, 96, 53, 5, 55, 24, 35, 54, 38, 31, 92, 68, 46, 49, 39, 72, 95, 19, 34, 7, 91, 59, 76, 40, 84, 25, 29, 6, 75, 90, 16, 88, 17, 36, 3, 10, 98, 65, 93, 63, 69, 41, 13, 86, 64, 23, 30, 48, 60, 50, 27, 83, 9, 12, 56, 58, 80, 97, 85, 79, 82, 18, 44, 22, 21, 37, 77, 43, 74, 8, 47, 33, 67, 71, 42, 1, 15, 45, 87, 4, 81, 78];[1, 4, 68, 69, 70, 71, 8, 74, 12, 13, 78, 15, 47, 16, 81, 18, 82, 84, 87, 56, 57, 58, 28, 92]"
9005.496346,-12415.000000,"[0, 57, 66, 52, 62, 26, 61, 94, 11, 70, 32, 20, 73, 2, 14, 28, 89, 51, 99, 96, 53, 5, 55, 24, 35, 54, 38, 31, 92, 68, 46, 49, 39, 72, 95, 19, 34, 7, 91, 59, 76, 40, 84, 25, 29, 6, 75, 90, 16, 88, 17, 36, 3, 10, 98, 65, 93, 63, 69, 41, 13, 86, 64, 23, 30, 48, 60, 50, 27, 83, 9, 12, 56, 58, 80, 97, 85, 79, 82, 18, 44, 22, 21, 37, 77, 43, 74, 8, 47, 33, 67, 71, 42, 1, 15, 45, 87, 4, 81, 78];[1, 4, 70, 71, 8, 74, 12, 13, 78, 15, 16, 81, 82, 84, 87, 56, 58, 28, 92]"
14139.569597,-20946.000000,"[0, 78, 52, 62, 26, 61, 94, 11, 70, 32, 20, 73, 2, 14, 28, 89, 51, 99, 96, 53, 5, 55, 24, 35, 54, 38, 31, 92, 68, 46, 49, 39, 72, 95, 19, 34, 7, 91, 59, 76, 40, 84, 25, 29, 6, 75, 90, 16, 1, 42, 71, 67, 33, 47, 8, 74, 43, 77, 37, 21, 22, 44, 18, 82, 79, 85, 97, 80, 58, 56, 12, 9, 83, 27, 50, 60, 48, 30, 23, 64, 86, 13, 41, 69, 63, 88, 17, 36, 3, 10, 98, 65, 93, 15, 45, 87, 81, 4, 66, 57];[1, 65, 66, 4, 68, 69, 70, 71, 8, 72, 9, 12, 13, 15, 16, 17, 81, 18, 82, 84, 23, 28, 92, 93, 94, 31, 34, 36, 49, 56, 57, 58]"
8417.022711,-8146.000000,"[0, 57, 66, 52, 62, 26, 61, 94, 11, 70, 32, 20, 73, 2, 14, 28, 89, 51, 99, 96, 53, 5, 55, 24, 35, 54, 38, 31, 92, 68, 46, 49, 39, 72, 95, 19, 34, 7, 91, 59, 76, 40, 84, 25, 29, 6, 75, 90, 16, 88, 17, 36, 3, 10, 98, 65, 93, 63, 69, 41, 13, 86, 64, 23, 30, 48, 60, 50, 27, 83, 9, 12, 56, 58, 80, 97, 85, 79, 82, 18, 44, 22, 21, 37, 77, 43, 74, 8, 47, 33, 67, 71, 42, 1, 15, 45, 87, 4, 81, 78];[1, 4, 70, 71, 8, 12, 78, 15, 81, 82, 87, 56, 58]"
9065.796405,-12720.000000,"[0, 57, 66, 52, 62, 26, 61, 94, 11, 70, 32, 20, 73, 2, 14, 28, 89, 51, 99, 96, 53, 5, 55, 24, 35, 54, 38, 31, 92, 68, 46, 49, 39, 72, 95, 19, 34, 7, 91, 59, 76, 40, 84, 25, 29, 6, 75, 90, 16, 88, 17, 36, 3, 10, 98, 65, 93, 63, 69, 41, 13, 86, 64, 23, 30, 48, 60, 50, 27, 83, 9, 12, 56, 58, 80, 97, 85, 79, 82, 18, 44, 22, 21, 37, 77, 43, 74, 8, 47, 33, 67, 71, 42, 1, 15, 45, 87, 4, 81, 78];[1, 4, 70, 71, 8, 72, 74, 12, 78, 15, 47, 16, 81, 82, 84, 87, 56, 58, 28, 92]"
15456.268293,-21536.000000,"[0, 78, 52, 62, 26, 61, 94, 11, 70, 32, 20, 73, 2, 14, 28, 89, 51, 99, 96, 53, 5, 55, 24, 35, 54, 38, 31, 92, 68, 46, 49, 39, 72, 95, 19, 34, 7, 91, 59, 76, 40, 84, 25, 29, 6, 75, 90, 16, 1, 42, 71, 67, 33, 47, 8, 74, 43, 77, 37, 21, 22, 44, 18, 82, 79, 85, 97, 80, 58, 56, 12, 9, 83, 27, 50, 60, 48, 30, 23, 64, 86, 13, 41, 69, 63, 88, 17, 36, 3, 10, 98, 65, 93, 15, 45, 87, 81, 4, 66, 57];[1, 65, 66, 4, 68, 69, 70, 71, 8, 72, 74, 12, 13, 15, 16, 17, 81, 18, 82, 84, 85, 23, 28, 92, 94, 31, 34, 99, 36, 49, 56, 57, 58]"
8165.731779,-1809.000000,"[0, 57, 66, 52, 62, 26, 61, 94, 11, 70, 32, 20, 73, 2, 14, 28, 89, 51, 99, 96, 53, 5, 55, 24, 35, 54, 38, 31, 92, 68, 46, 49, 39, 72, 95, 19, 34, 7, 91, 59, 76, 40, 84, 25, 29, 6, 75, 90, 16, 88, 17, 36, 3, 10, 98, 65, 93, 63, 69, 41, 13, 86, 64, 23, 30, 48, 60, 50, 27, 83, 9, 12, 56, 58, 80, 97, 85, 79, 82, 18, 44, 22, 21, 37, 77, 43, 74, 8, 47, 33, 67, 71, 42, 1, 15, 45, 87, 81, 4, 78];[1, 4, 12]"
9663.189150,-15159.000000,"[0, 57, 66, 52, 62, 26, 61, 94, 11, 70, 32, 20, 73, 2, 14, 28, 89, 51, 99, 96, 53, 5, 55, 24, 35, 54, 38, 31, 92, 68, 46, 49, 39, 72, 95, 19, 34, 7, 91, 59, 76, 40, 84, 25, 29, 6, 75, 90, 16, 88, 17, 36, 3, 10, 98, 65, 93, 63, 69, 41, 13, 86, 64, 23, 30, 48, 60, 50, 27, 83, 9, 12, 56, 58, 80, 97, 85, 79, 82, 18, 44, 22, 21, 37, 77, 43, 74, 8, 47, 33, 67, 71, 42, 1, 15, 45, 87, 4, 81, 78];[1, 4, 68, 69, 70, 71, 8, 74, 12, 13, 78, 15, 47, 16, 81, 82, 84, 85, 87, 56, 58, 28, 92]"
9820.421244,-15592.000000,"[0, 57, 66, 52, 62, 26, 61, 94, 11, 70, 32, 20, 73, 2, 14, 28, 89, 51, 99, 96, 53, 5, 55, 24, 35, 54, 38, 31, 92, 68, 46, 49, 39, 72, 95, 19, 34, 7, 91, 59, 76, 40, 84, 25, 29, 6, 75, 90, 16, 88, 17, 36, 3, 10, 98, 65, 93, 63, 69, 41, 13, 86, 64, 23, 30, 48, 60, 50, 27, 83, 9, 12, 56, 58, 80, 97, 85, 79, 82, 18, 44, 22, 21, 37, 77, 43, 74, 8, 47, 33, 67, 71, 42, 1, 15, 45, 87, 4, 81, 78];[1, 4, 68, 69, 70, 71, 8, 74, 12, 78, 15, 47, 16, 81, 18, 82, 84, 85, 87, 56, 57, 58, 28, 92]"
12559.415581,-19761.000000,"[0, 78, 52, 62, 26, 61, 94, 11, 70, 32, 20, 73, 2, 14, 28, 89, 51, 99, 96, 53, 5, 55, 24, 35, 54, 38, 31, 92, 68, 46, 49, 39, 72, 95, 19, 34, 7, 91, 59, 76, 40, 84, 25, 29, 6, 75, 90, 16, 1, 42, 71, 67, 33, 47, 8, 74, 43, 77, 37, 21, 22, 44, 18, 82, 79, 85, 97, 80, 58, 56, 12, 9, 83, 27, 50, 60, 48, 30, 23, 64, 86, 13, 41, 69, 63, 88, 17, 36, 3, 10, 98, 65, 93, 15, 45, 87, 81, 4, 66, 57];[1, 65, 66, 4, 68, 69, 70, 71, 8, 72, 12, 13, 15, 16, 17, 81, 18, 82, 84, 23, 28, 92, 93, 94, 31, 36, 49, 56, 57, 58]"
8244.356953,-4269.000000,"[0, 57, 66, 52, 62, 26, 61, 94, 11, 70, 32, 20, 73, 2, 14, 28, 89, 51, 99, 96, 53, 5, 55, 24, 35, 54, 38, 31, 92, 68, 46, 49, 39, 72, 95, 19, 34, 7, 91, 59, 76, 40, 84, 25, 29, 6, 75, 90, 16, 88, 17, 36, 3, 10, 98, 65, 93, 63, 69, 41, 13, 86, 64, 23, 30, 48, 60, 50, 27, 83, 9, 12, 56, 58, 80, 97, 85, 79, 82, 18, 44, 22, 21, 37, 77, 43, 74, 8, 47, 33, 67, 71, 42, 1, 15, 45, 87, 4, 81, 78];[1, 81, 82, 4, 12, 78, 15]"
8752.591184,-10833.000000,"[0, 57, 66, 52, 62, 26, 61, 94, 11, 70, 32, 20, 73, 2, 14, 28, 89, 51, 99, 96, 53, 5, 55, 24, 35, 54, 38, 31, 92, 68, 46, 49, 39, 72, 95, 19, 34, 7, 91, 59, 76, 40, 84, 25, 29, 6, 75, 90, 16, 88, 17, 36, 3, 10, 98, 65, 93, 63, 69, 41, 13, 86, 64, 23, 30, 48, 60, 50, 27, 83, 9, 12, 56, 58, 80, 97, 85, 79, 82, 18, 44, 22, 21, 37, 77, 43, 74, 8, 47, 33, 67, 71, 42, 1, 15, 45, 87, 4, 81, 78];[1, 4, 70, 71, 8, 72, 74, 12, 78, 15, 81, 82, 84, 87, 56, 58, 92]"
9280.490637,-13808.000000,"[0, 57, 66, 52, 62, 26, 61, 94, 11, 70, 32, 20, 73, 2, 14, 28, 89, 51, 99, 96, 53, 5, 55, 24, 35, 54, 38, 31, 92, 68, 46, 49, 39, 72, 95, 19, 34, 7, 91, 59, 76, 40, 84, 25, 29, 6, 75, 90, 16, 88, 17, 36, 3, 10, 98, 65, 93, 63, 69, 41, 13, 86, 64, 23, 30, 48, 60, 50, 27, 83, 9, 12, 56, 58, 80, 97, 85, 79, 82, 18, 44, 22, 21, 37, 77, 43, 74, 8, 47, 33, 67, 71, 42, 1, 15, 45, 87, 4, 81, 78];[1, 4, 68, 69, 70, 71, 8, 72, 74, 12, 78, 15, 16, 81, 82, 84, 85, 87, 56, 58, 28, 92]"
8498.261708,-8823.000000,"[0, 57, 66, 52, 62, 26, 61, 94, 11, 70, 32, 20, 73, 2, 14, 28, 89, 51, 99, 96, 53, 5, 55, 24, 35, 54, 38, 31, 92, 68, 46, 49, 39, 72, 95, 19, 34, 7, 91, 59, 76, 40, 84, 25, 29, 6, 75, 90, 16, 88, 17, 36, 3, 10, 98, 65, 93, 63, 69, 41, 13, 86, 64, 23, 30, 48, 60, 50, 27, 83, 9, 12, 56, 58, 80, 97, 85, 79, 82, 18, 44, 22, 21, 37, 77, 43, 74, 8, 47, 33, 67, 71, 42, 1, 15, 45, 87, 4, 81, 78];[1, 4, 70, 71, 8, 12, 78, 15, 81, 82, 87, 56, 58, 28]"
9486.849524,-14605.000000,"[0, 57, 66, 52, 62, 26, 61, 94, 11, 70, 32, 20, 73, 2, 14, 28, 89, 51, 99, 96, 53, 5, 55, 24, 35, 54, 38, 31, 92, 68, 46, 49, 39, 72, 95, 19, 34, 7, 91, 59, 76, 40, 84, 25, 29, 6, 75, 90, 16, 88, 17, 36, 3, 10, 98, 65, 93, 63, 69, 41, 13, 86, 64, 23, 30, 48, 60, 50, 27, 83, 9, 12, 56, 58, 80, 97, 85, 79, 82, 18, 44, 22, 21, 37, 77, 43, 74, 8, 47, 33, 67, 71, 42, 1, 15, 45, 87, 4, 81, 78];[1, 4, 68, 69, 70, 71, 8, 72, 74, 12, 78, 15, 16, 81, 18, 82, 84, 87, 56, 57, 58, 28, 92]"
12931.828078,-20155.000000,"[0, 78, 52, 62, 26, 61, 94, 11, 70, 32, 20, 73, 2, 14, 28, 89, 51, 99, 96, 53, 5, 55, 24, 35, 54, 38, 31, 92, 68, 46, 49, 39, 72, 95, 19, 34, 7, 91, 59, 76, 40, 84, 25, 29, 6, 75, 90, 16, 1, 42, 71, 67, 33, 47, 8, 74, 43, 77, 37, 21, 22, 44, 18, 82, 79, 85, 97, 80, 58, 56, 12, 9, 83, 27, 50, 60, 48, 30, 23, 64, 86, 13, 41, 69, 63, 88, 17, 36, 3, 10, 98, 65, 93, 15, 45, 87, 81, 4, 66, 57];[1, 65, 66, 4, 68, 69, 70, 71, 8, 72, 9, 12, 13, 15, 16, 17, 81, 18, 82, 84, 85, 23, 28, 92, 93, 94, 36, 49, 56, 57, 58]"
15023.000219,-21405.000000,"[0, 78, 52, 62, 26, 61, 94, 11, 70, 32, 20, 73, 2, 14, 28, 89, 51, 99, 96, 53, 5, 55, 24, 35, 54, 38, 31, 92, 68, 46, 49, 39, 72, 95, 19, 34, 7, 91, 59, 76, 40, 84, 25, 29, 6, 75, 90, 16, 1, 42, 71, 67, 33, 47, 8, 74, 43, 77, 37, 21, 22, 44, 18, 82, 79, 85, 97, 80, 58, 56, 12, 9, 83, 27, 50, 60, 48, 30, 23, 64, 86, 13, 41, 69, 63, 88, 17, 36, 3, 10, 98, 65, 93, 15, 45, 87, 81, 4, 66, 57];[1, 65, 66, 4, 68, 69, 70, 71, 8, 72, 9, 74, 12, 13, 15, 16, 17, 81, 18, 82, 84, 23, 28, 92, 93, 94, 31, 36, 49, 56, 57, 58]"
8854.183748,-11606.000000,"[0, 57, 66, 52, 62, 26, 61, 94, 11, 70, 32, 20, 73, 2, 14, 28, 89, 51, 99, 96, 53, 5, 55, 24, 35, 54, 38, 31, 92, 68, 46, 49, 39, 72, 95, 19, 34, 7, 91, 59, 76, 40, 84, 25, 29, 6, 75, 90, 16, 88, 17, 36, 3, 10, 98, 65, 93, 63, 69, 41, 13, 86, 64, 23, 30, 48, 60, 50, 27, 83, 9, 12, 56, 58, 80, 97, 85, 79, 82, 18, 44, 22, 21, 37, 77, 43, 74, 8, 47, 33, 67, 71, 42, 1, 15, 45, 87, 4, 81, 78];[1, 4, 70, 71, 8, 74, 12, 78, 15, 16, 81, 82, 84, 87, 56, 58, 28, 92]"
9123.809314,-13077.000000,"[0, 57, 66, 52, 62, 26, 61, 94, 11, 70, 32, 20, 73, 2, 14, 28, 89, 51, 99, 96, 53, 5, 55, 24, 35, 54, 38, 31, 92, 68, 46, 49, 39, 72, 95, 19, 34, 7, 91, 59, 76, 40, 84, 25, 29, 6, 75, 90, 16, 88, 17, 36, 3, 10, 98, 65, 93, 63, 69, 41, 13, 86, 64, 23, 30, 48, 60, 50, 27, 83, 9, 12, 56, 58, 80, 97, 85, 79, 82, 18, 44, 22, 21, 37, 77, 43, 74, 8, 47, 33, 67, 71, 42, 1, 15, 45, 87, 4, 81, 78];[1, 4, 68, 69, 70, 71, 8, 74, 12, 78, 15, 16, 81, 82, 84, 87, 56, 58, 28, 92]"
8163.072573,-984.000000,"[0, 57, 66, 52, 62, 26, 61, 94, 11, 70, 32, 20, 73, 2, 14, 28, 89, 51, 99, 96, 53, 5, 55, 24, 35, 54, 38, 31, 92, 68, 46, 49, 39, 72, 95, 19, 34, 7, 91, 59, 76, 40, 84, 25, 29, 6, 75, 90, 16, 88, 17, 36, 3, 10, 98, 65, 93, 63, 69, 41, 13, 86, 64, 23, 30, 48, 60, 50, 27, 83, 9, 12, 56, 58, 80, 97, 85, 79, 82, 18, 44, 22, 21, 37, 77, 43, 74, 8, 47, 33, 67, 71, 42, 1, 15, 45, 87, 81, 4, 78];[1, 71, 78]"
8632.419187,-9909.000000,"[0, 57, 66, 52, 62, 26, 61, 94, 11, 70, 32, 20, 73, 2, 14, 28, 89, 51, 99, 96, 53, 5, 55, 24, 35, 54, 38, 31, 92, 68, 46, 49, 39, 72, 95, 19, 34, 7, 91, 59, 76, 40, 84, 25, 29, 6, 75, 90, 16, 88, 17, 36, 3, 10, 98, 65, 93, 63, 69, 41, 13, 86, 64, 23, 30, 48, 60, 50, 27, 83, 9, 12, 56, 58, 80, 97, 85, 79, 82, 18, 44, 22, 21, 37, 77, 43, 74, 8, 47, 33, 67, 71, 42, 1, 15, 45, 87, 4, 81, 78];[1, 4, 70, 71, 8, 12, 78, 15, 16, 81, 82, 87, 56, 58, 28, 92]"
10632.009484,-17584.000000,"[0, 57, 66, 52, 62, 26, 61, 94, 11, 70, 32, 20, 73, 2, 14, 28, 89, 51, 99, 96, 53, 5, 55, 24, 35, 54, 38, 31, 92, 68, 46, 49, 39, 72, 95, 19, 34, 7, 91, 59, 76, 40, 84, 25, 29, 6, 75, 90, 16, 88, 17, 36, 3, 10, 98, 65, 93, 63, 69, 41, 13, 86, 64, 23, 30, 48, 60, 50, 27, 83, 9, 12, 56, 58, 80, 97, 85, 79, 82, 18, 44, 22, 21, 37, 77, 43, 74, 8, 47, 33, 67, 71, 42, 1, 15, 45, 87, 4, 81, 78];[1, 65, 4, 68, 69, 70, 71, 8, 72, 74, 12, 13, 78, 15, 16, 81, 18, 82, 84, 85, 87, 28, 92, 47, 56, 57, 58]"
12420.144887,-19634.000000,"[0, 57, 66, 52, 62, 26, 61, 94, 11, 70, 32, 20, 73, 2, 14, 28, 89, 51, 99, 96, 53, 5, 55, 24, 35, 54, 38, 31, 92, 68, 46, 49, 39, 72, 95, 19, 34, 7, 91, 59, 76, 40, 84, 25, 29, 6, 75, 90, 16, 1, 42, 71, 67, 33, 47, 8, 74, 43, 77, 37, 21, 22, 44, 18, 82, 79, 85, 97, 80, 58, 56, 12, 9, 83, 27, 50, 60, 48, 30, 23, 64, 86, 13, 41, 69, 63, 88, 17, 36, 3, 10, 98, 65, 93, 15, 45, 87, 4, 81, 78];[1, 65, 4, 68, 69, 70, 71, 8, 72, 74, 12, 13, 78, 15, 16, 17, 81, 82, 84, 85, 23, 87, 28, 92, 94, 36, 49, 56, 57, 58]"
10069.908011,-16401.000000,"[0, 57, 66, 52, 62, 26, 61, 94, 11, 70, 32, 20, 73, 2, 14, 28, 89, 51, 99, 96, 53, 5, 55, 24, 35, 54, 38, 31, 92, 68, 46, 49, 39, 72, 95, 19, 34, 7, 91, 59, 76, 40, 84, 25, 29, 6, 75, 90, 16, 88, 17, 36, 3, 10, 98, 65, 93, 63, 69, 41, 13, 86, 64, 23, 30, 48, 60, 50, 27, 83, 9, 12, 56, 58, 80, 97, 85, 79, 82, 18, 44, 22, 21, 37, 77, 43, 74, 8, 47, 33, 67, 71, 42, 1, 15, 45, 87, 4, 81, 78];[1, 4, 68, 69, 70, 71, 8, 74, 12, 13, 78, 15, 16, 81, 18, 82, 84, 85, 87, 28, 92, 47, 56, 57, 58]"
8604.621314,-9592.000000,"[0, 57, 66, 52, 62, 26, 61, 94, 11, 70, 32, 20, 73, 2, 14, 28, 89, 51, 99, 96, 53, 5, 55, 24, 35, 54, 38, 31, 92, 68, 46, 49, 39, 72, 95, 19, 34, 7, 91, 59, 76, 40, 84, 25, 29, 6, 75, 90, 16, 88, 17, 36, 3, 10, 98, 65, 93, 63, 69, 41, 13, 86, 64, 23, 30, 48, 60, 50, 27, 83, 9, 12, 56, 58, 80, 97, 85, 79, 82, 18, 44, 22, 21, 37, 77, 43, 74, 8, 47, 33, 67, 71, 42, 1, 15, 45, 87, 4, 81, 78];[1, 4, 70, 71, 8, 12, 78, 15, 16, 81, 18, 82, 87, 56, 58, 28]"
13689.341498,-20688.000000,"[0, 78, 52, 62, 26, 61, 94, 11, 70, 32, 20, 73, 2, 14, 28, 89, 51, 99, 96, 53, 5, 55, 24, 35, 54, 38, 31, 92, 68, 46, 49, 39, 72, 95, 19, 34, 7, 91, 59, 76, 40, 84, 25, 29, 6, 75, 90, 16, 1, 42, 71, 67, 33, 47, 8, 74, 43, 77, 37, 21, 22, 44, 18, 82, 79, 85, 97, 80, 58, 56, 12, 9, 83, 27, 50, 60, 48, 30, 23, 64, 86, 13, 41, 69, 63, 88, 17, 36, 3, 10, 98, 65, 93, 15, 45, 87, 81, 4, 66, 57];[1, 65, 66, 4, 68, 69, 70, 71, 8, 72, 74, 12, 13, 15, 16, 17, 81, 18, 82, 84, 23, 28, 92, 93, 94, 31, 36, 49, 56, 57, 58]"
8462.440377,-8528.000000,"[0, 57, 66, 52, 62, 26, 61, 94, 11, 70, 32, 20, 73, 2, 14, 28, 89, 51, 99, 96, 53, 5, 55, 24, 35, 54, 38, 31, 92, 68, 46, 49, 39, 72, 95, 19, 34, 7, 91, 59, 76, 40, 84, 25, 29, 6, 75, 90, 16, 88, 17, 36, 3, 10, 98, 65, 93, 63, 69, 41, 13, 86, 64, 23, 30, 48, 60, 50, 27, 83, 9, 12, 56, 58, 80, 97, 85, 79, 82, 18, 44, 22, 21, 37, 77, 43, 74, 8, 47, 33, 67, 71, 42, 1, 15, 45, 87, 4, 81, 78];[1, 4, 70, 71, 8, 12, 78, 15, 16, 81, 82, 87, 56, 58]"
9955.492359,-16242.000000,"[0, 57, 66, 52, 62, 26, 61, 94, 11, 70, 32, 20, 73, 2, 14, 28, 89, 51, 99, 96, 53, 5, 55, 24, 35, 54, 38, 31, 92, 68, 46, 49, 39, 72, 95, 19, 34, 7, 91, 59, 76, 40, 84, 25, 29, 6, 75, 90, 16, 88, 17, 36, 3, 10, 98, 65, 93, 63, 69, 41, 13, 86, 64, 23, 30, 48, 60, 50, 27, 83, 9, 12, 56, 58, 80, 97, 85, 79, 82, 18, 44, 22, 21, 37, 77, 43, 74, 8, 47, 33, 67, 71, 42, 1, 15, 45, 87, 4, 81, 78];[1, 4, 68, 69, 70, 71, 8, 72, 74, 12, 13, 78, 15, 16, 81, 18, 82, 84, 87, 28, 92, 47, 56, 57, 58]"
13051.214067,-20250.000000,"[0, 78, 52, 62, 26, 61, 94, 11, 70, 32, 20, 73, 2, 14, 28, 89, 51, 99, 96, 53, 5, 55, 24, 35, 54, 38, 31, 92, 68, 46, 49, 39, 72, 95, 19, 34, 7, 91, 59, 76, 40, 84, 25, 29, 6, 75, 90, 16, 1, 42, 71, 67, 33, 47, 8, 74, 43, 77, 37, 21, 22, 44, 18, 82, 79, 85, 97, 80, 58, 56, 12, 9, 83, 27, 50, 60, 48, 30, 23, 64, 86, 13, 41, 69, 63, 88, 17, 36, 3, 10, 98, 65, 93, 15, 45, 87, 81, 4, 66, 57];[1, 65, 66, 4, 68, 69, 70, 71, 8, 72, 9, 74, 12, 13, 15, 16, 17, 81, 82, 84, 23, 28, 92, 93, 94, 36, 49, 56, 57, 58]"
13999.717149,-20809.000000,"[0, 78, 52, 62, 26, 61, 94, 11, 70, 32, 20, 73, 2, 14, 28, 89, 51, 99, 96, 53, 5, 55, 24, 35, 54, 38, 31, 92, 68, 46, 49, 39, 72, 95, 19, 34, 7, 91, 59, 76, 40, 84, 25, 29, 6, 75, 90, 16, 1, 42, 71, 67, 33, 47, 8, 74, 43, 77, 37, 21, 22, 44, 18, 82, 79, 85, 97, 80, 58, 56, 12, 9, 83, 27, 50, 60, 48, 30, 23, 64, 86, 13, 41, 69, 63, 88, 17, 36, 3, 10, 98, 65, 93, 15, 45, 87, 81, 4, 66, 57];[1, 65, 66, 4, 68, 69, 70, 71, 8, 72, 9, 74, 12, 13, 15, 16, 17, 81, 18, 82, 84, 85, 23, 28, 92, 94, 95, 36, 49, 56, 57, 58]"
10536.744927,-17404.000000,"[0, 57, 66, 52, 62, 26, 61, 94, 11, 70, 32, 20, 73, 2, 14, 28, 89, 51, 99, 96, 53, 5, 55, 24, 35, 54, 38, 31, 92, 68, 46, 49, 39, 72, 95, 19, 34, 7, 91, 59, 76, 40, 84, 25, 29, 6, 75, 90, 16, 88, 17, 36, 3, 10, 98, 65, 93, 63, 69, 41, 13, 86, 64, 23, 30, 48, 60, 50, 27, 83, 9, 12, 56, 58, 80, 97, 85, 79, 82, 18, 44, 22, 21, 37, 77, 43, 74, 8, 47, 33, 67, 71, 42, 1, 15, 45, 87, 4, 81, 78];[1, 4, 68, 69, 70, 71, 8, 72, 9, 74, 12, 13, 78, 15, 16, 81, 18, 82, 84, 85, 87, 28, 92, 47, 56, 57, 58]"
9346.409693,-14172.000000,"[0, 57, 66, 52, 62, 26, 61, 94, 11, 70, 32, 20, 73, 2, 14, 28, 89, 51, 99, 96, 53, 5, 55, 24, 35, 54, 38, 31, 92, 68, 46, 49, 39, 72, 95, 19, 34, 7, 91, 59, 76, 40, 84, 25, 29, 6, 75, 90, 16, 88, 17, 36, 3, 10, 98, 65, 93, 63, 69, 41, 13, 86, 64, 23, 30, 48, 60, 50, 27, 83, 9, 12, 56, 58, 80, 97, 85, 79, 82, 18, 44, 22, 21, 37, 77, 43, 74, 8, 47, 33, 67, 71, 42, 1, 15, 45, 87, 4, 81, 78];[1, 4, 68, 69, 70, 71, 8, 72, 74, 12, 13, 78, 15, 16, 81, 82, 84, 87, 56, 58, 28, 92]"
8165.170134,-1414.000000,"[0, 57, 66, 52, 62, 26, 61, 94, 11, 70, 32, 20, 73, 2, 14, 28, 89, 51, 99, 96, 53, 5, 55, 24, 35, 54, 38, 31, 92, 68, 46, 49, 39, 72, 95, 19, 34, 7, 91, 59, 76, 40, 84, 25, 29, 6, 75, 90, 16, 88, 17, 36, 3, 10, 98, 65, 93, 63, 69, 41, 13, 86, 64, 23, 30, 48, 60, 50, 27, 83, 9, 12, 56, 58, 80, 97, 85, 79, 82, 18, 44, 22, 21, 37, 77, 43, 74, 8, 47, 33, 67, 71, 42, 1, 15, 45, 87, 81, 4, 78];[1, 4]"
11812.233387,-18993.000000,"[0, 78, 52, 62, 26, 61, 94, 11, 70, 32, 20, 73, 2, 14, 28, 89, 51, 99, 96, 53, 5, 55, 24, 35, 54, 38, 31, 92, 68, 46, 49, 39, 72, 95, 19, 34, 7, 91, 59, 76, 40, 84, 25, 29, 6, 75, 90, 16, 1, 42, 71, 67, 33, 47, 8, 74, 43, 77, 37, 21, 22, 44, 18, 82, 79, 85, 97, 80, 58, 56, 12, 9, 83, 27, 50, 60, 48, 30, 23, 64, 86, 13, 41, 69, 63, 88, 17, 36, 3, 10, 98, 65, 93, 15, 45, 87, 81, 4, 66, 57];[1, 65, 66, 4, 68, 69, 70, 71, 8, 72, 12, 13, 15, 16, 17, 81, 18, 82, 84, 23, 28, 92, 93, 94, 36, 49, 56, 57, 58]"
12782.639400,-19989.000000,"[0, 78, 52, 62, 26, 61, 94, 11, 70, 32, 20, 73, 2, 14, 28, 89, 51, 99, 96, 53, 5, 55, 24, 35, 54, 38, 31, 92, 68, 46, 49, 39, 72, 95, 19, 34, 7, 91, 59, 76, 40, 84, 25, 29, 6, 75, 90, 16, 1, 42, 71, 67, 33, 47, 8, 74, 43, 77, 37, 21, 22, 44, 18, 82, 79, 85, 97, 80, 58, 56, 12, 9, 83, 27, 50, 60, 48, 30, 23, 64, 86, 13, 41, 69, 63, 88, 17, 36, 3, 10, 98, 65, 93, 15, 45, 87, 81, 4, 66, 57];[1, 65, 66, 4, 68, 69, 70, 71, 8, 72, 74, 12, 13, 15, 16, 17, 81, 18, 82, 84, 23, 28, 92, 93, 94, 95, 36, 49, 56, 57, 58]"
9723.394933,-15433.000000,"[0, 57, 66, 52, 62, 26, 61, 94, 11, 70, 32, 20, 73, 2, 14, 28, 89, 51, 99, 96, 53, 5, 55, 24, 35, 54, 38, 31, 92, 68, 46, 49, 39, 72, 95, 19, 34, 7, 91, 59, 76, 40, 84, 25, 29, 6, 75, 90, 16, 88, 17, 36, 3, 10, 98, 65, 93, 63, 69, 41, 13, 86, 64, 23, 30, 48, 60, 50, 27, 83, 9, 12, 56, 58, 80, 97, 85, 79, 82, 18, 44, 22, 21, 37, 77, 43, 74, 8, 47, 33, 67, 71, 42, 1, 15, 45, 87, 4, 81, 78];[1, 4, 68, 69, 70, 71, 8, 72, 74, 12, 78, 15, 47, 16, 81, 18, 82, 84, 87, 56, 57, 58, 28, 92]"
14741.886910,-21213.000000,"[0, 78, 52, 62, 26, 61, 94, 11, 70, 32, 20, 73, 2, 14, 28, 89, 51, 99, 96, 53, 5, 55, 24, 35, 54, 38, 31, 92, 68, 46, 49, 39, 72, 95, 19, 34, 7, 91, 59, 76, 40, 84, 25, 29, 6, 75, 90, 16, 1, 42, 71, 67, 33, 47, 8, 74, 43, 77, 37, 21, 22, 44, 18, 82, 79, 85, 97, 80, 58, 56, 12, 9, 83, 27, 50, 60, 48, 30, 23, 64, 86, 13, 41, 69, 63, 88, 17, 36, 3, 10, 98, 65, 93, 15, 45, 87, 81, 4, 66, 57];[1, 65, 66, 4, 68, 69, 70, 71, 8, 72, 9, 74, 12, 13, 15, 16, 17, 81, 82, 84, 21, 85, 23, 28, 92, 94, 31, 95, 36, 49, 56, 57, 58]"
8313.544649,-6203.000000,"[0, 57, 66, 52, 62, 26, 61, 94, 11, 70, 32, 20, 73, 2, 14, 28, 89, 51, 99, 96, 53, 5, 55, 24, 35, 54, 38, 31, 92, 68, 46, 49, 39, 72, 95, 19, 34, 7, 91, 59, 76, 40, 84, 25, 29, 6, 75, 90, 16, 88, 17, 36, 3, 10, 98, 65, 93, 63, 69, 41, 13, 86, 64, 23, 30, 48, 60, 50, 27, 83, 9, 12, 56, 58, 80, 97, 85, 79, 82, 18, 44, 22, 21, 37, 77, 43, 74, 8, 47, 33, 67, 71, 42, 1, 15, 45, 87, 4, 81, 78];[1, 81, 82, 4, 71, 87, 8, 56, 12, 78]"
8681.153101,-10297.000000,"[0, 57, 66, 52, 62, 26, 61, 94, 11, 70, 32, 20, 73, 2, 14, 28, 89, 51, 99, 96, 53, 5, 55, 24, 35, 54, 38, 31, 92, 68, 46, 49, 39, 72, 95, 19, 34, 7, 91, 59, 76, 40, 84, 25, 29, 6, 75, 90, 16, 88, 17, 36, 3, 10, 98, 65, 93, 63, 69, 41, 13, 86, 64, 23, 30, 48, 60, 50, 27, 83, 9, 12, 56, 58, 80, 97, 85, 79, 82, 18, 44, 22, 21, 37, 77, 43, 74, 8, 47, 33, 67, 71, 42, 1, 15, 45, 87, 4, 81, 78];[1, 4, 70, 71, 8, 12, 78, 15, 81, 82, 84, 87, 56, 58, 28, 92]"
8286.414722,-5931.000000,"[0, 57, 66, 52, 62, 26, 61, 94, 11, 70, 32, 20, 73, 2, 14, 28, 89, 51, 99, 96, 53, 5, 55, 24, 35, 54, 38, 31, 92, 68, 46, 49, 39, 72, 95, 19, 34, 7, 91, 59, 76, 40, 84, 25, 29, 6, 75, 90, 16, 88, 17, 36, 3, 10, 98, 65, 93, 63, 69, 41, 13, 86, 64, 23, 30, 48, 60, 50, 27, 83, 9, 12, 56, 58, 80, 97, 85, 79, 82, 18, 44, 22, 21, 37, 77, 43, 74, 8, 47, 33, 67, 71, 42, 1, 15, 45, 87, 4, 81, 78];[1, 81, 82, 4, 71, 8, 56, 12, 78, 15]"
8955.174516,-12024.000000,"[0, 57, 66, 52, 62, 26, 61, 94, 11, 70, 32, 20, 73, 2, 14, 28, 89, 51, 99, 96, 53, 5, 55, 24, 35, 54, 38, 31, 92, 68, 46, 49, 39, 72, 95, 19, 34, 7, 91, 59, 76, 40, 84, 25, 29, 6, 75, 90, 16, 88, 17, 36, 3, 10, 98, 65, 93, 63, 69, 41, 13, 86, 64, 23, 30, 48, 60, 50, 27, 83, 9, 12, 56, 58, 80, 97, 85, 79, 82, 18, 44, 22, 21, 37, 77, 43, 74, 8, 47, 33, 67, 71, 42, 1, 15, 45, 87, 4, 81, 78];[1, 4, 70, 71, 8, 72, 74, 12, 13, 78, 15, 16, 81, 82, 84, 87, 56, 58, 92]"
8181.620269,-2761.000000,"[0, 57, 66, 52, 62, 26, 61, 94, 11, 70, 32, 20, 73, 2, 14, 28, 89, 51, 99, 96, 53, 5, 55, 24, 35, 54, 38, 31, 92, 68, 46, 49, 39, 72, 95, 19, 34, 7, 91, 59, 76, 40, 84, 25, 29, 6, 75, 90, 16, 88, 17, 36, 3, 10, 98, 65, 93, 63, 69, 41, 13, 86, 64, 23, 30, 48, 60, 50, 27, 83, 9, 12, 56, 58, 80, 97, 85, 79, 82, 18, 44, 22, 21, 37, 77, 43, 74, 8, 47, 33, 67, 71, 42, 1, 15, 45, 87, 81, 4, 78];[1, 4, 71, 12, 78, 15]"
9416.346004,-14331.000000,"[0, 57, 66, 52, 62, 26, 61, 94, 11, 70, 32, 20, 73, 2, 14, 28, 89, 51, 99, 96, 53, 5, 55, 24, 35, 54, 38, 31, 92, 68, 46, 49, 39, 72, 95, 19, 34, 7, 91, 59, 76, 40, 84, 25, 29, 6, 75, 90, 16, 88, 17, 36, 3, 10, 98, 65, 93, 63, 69, 41, 13, 86, 64, 23, 30, 48, 60, 50, 27, 83, 9, 12, 56, 58, 80, 97, 85, 79, 82, 18, 44, 22, 21, 37, 77, 43, 74, 8, 47, 33, 67, 71, 42, 1, 15, 45, 87, 4, 81, 78];[1, 4, 68, 69, 70, 71, 8, 74, 12, 13, 78, 15, 16, 81, 82, 84, 85, 87, 56, 58, 28, 92]"
11338.973171,-18455.000000,"[0, 57, 66, 52, 62, 26, 61, 94, 11, 70, 32, 20, 73, 2, 14, 28, 89, 51, 99, 96, 53, 5, 55, 24, 35, 54, 38, 31, 92, 68, 46, 49, 39, 72, 95, 19, 34, 7, 91, 59, 76, 40, 84, 25, 29, 6, 75, 90, 16, 88, 17, 36, 3, 10, 98, 65, 93, 63, 69, 41, 13, 86, 64, 23, 30, 48, 60, 50, 27, 83, 9, 12, 56, 58, 80, 97, 85, 79, 82, 18, 44, 22, 21, 37, 77, 43, 74, 8, 47, 33, 67, 71, 42, 1, 15, 45, 87, 4, 81, 78];[1, 65, 66, 4, 68, 69, 70, 71, 8, 72, 9, 74, 12, 13, 78, 15, 16, 81, 18, 82, 84, 85, 87, 28, 92, 56, 57, 58]"
12688.688328,-19920.000000,"[0, 78, 52, 62, 26, 61, 94, 11, 70, 32, 20, 73, 2, 14, 28, 89, 51, 99, 96, 53, 5, 55, 24, 35, 54, 38, 31, 92, 68, 46, 49, 39, 72, 95, 19, 34, 7, 91, 59, 76, 40, 84, 25, 29, 6, 75, 90, 16, 1, 42, 71, 67, 33, 47, 8, 74, 43, 77, 37, 21, 22, 44, 18, 82, 79, 85, 97, 80, 58, 56, 12, 9, 83, 27, 50, 60, 48, 30, 23, 64, 86, 13, 41, 69, 63, 88, 17, 36, 3, 10, 98, 65, 93, 15, 45, 87, 81, 4, 66, 57];[1, 65, 66, 4, 68, 69, 70, 71, 8, 72, 74, 12, 13, 15, 16, 17, 81, 18, 82, 84, 23, 28, 92, 93, 94, 36, 49, 56, 57, 58]"
11088.885788,-18121.000000,"[0, 57, 66, 52, 62, 26, 61, 94, 11, 70, 32, 20, 73, 2, 14, 28, 89, 51, 99, 96, 53, 5, 55, 24, 35, 54, 38, 31, 92, 68, 46, 49, 39, 72, 95, 19, 34, 7, 91, 59, 76, 40, 84, 25, 29, 6, 75, 90, 16, 88, 17, 36, 3, 10, 98, 65, 93, 63, 69, 41, 13, 86, 64, 23, 30, 48, 60, 50, 27, 83, 9, 12, 56, 58, 80, 97, 85, 79, 82, 18, 44, 22, 21, 37, 77, 43, 74, 8, 47, 33, 67, 71, 42, 1, 15, 45, 87, 4, 81, 78];[1, 65, 66, 4, 68, 69, 70, 71, 8, 72, 74, 12, 13, 78, 15, 16, 81, 18, 82, 84, 87, 28, 92, 47, 56, 57, 58]"
12285.889759,-19533.000000,"[0, 78, 52, 62, 26, 61, 94, 11, 70, 32, 20, 73, 2, 14, 28, 89, 51, 99, 96, 53, 5, 55, 24, 35, 54, 38, 31, 92, 68, 46, 49, 39, 72, 95, 19, 34, 7, 91, 59, 76, 40, 84, 25, 29, 6, 75, 90, 16, 1, 42, 71, 67, 33, 47, 8, 74, 43, 77, 37, 21, 22, 44, 18, 82, 79, 85, 97, 80, 58, 56, 12, 9, 83, 27, 50, 60, 48, 30, 23, 64, 86, 13, 41, 69, 63, 88, 17, 36, 3, 10, 98, 65, 93, 15, 45, 87, 81, 4, 66, 57];[1, 65, 66, 4, 68, 69, 70, 71, 8, 72, 74, 12, 13, 15, 16, 17, 81, 82, 84, 23, 28, 92, 93, 94, 36, 49, 56, 57, 58]"
8401.433013,-7725.000000,"[0, 57, 66, 52, 62, 26, 61, 94, 11, 70, 32, 20, 73, 2, 14, 28, 89, 51, 99, 96, 53, 5, 55, 24, 35, 54, 38, 31, 92, 68, 46, 49, 39, 72, 95, 19, 34, 7, 91, 59, 76, 40, 84, 25, 29, 6, 75, 90, 16, 88, 17, 36, 3, 10, 98, 65, 93, 63, 69, 41, 13, 86, 64, 23, 30, 48, 60, 50, 27, 83, 9, 12, 56, 58, 80, 97, 85, 79, 82, 18, 44, 22, 21, 37, 77, 43, 74, 8, 47, 33, 67, 71, 42, 1, 15, 45, 87, 4, 81, 78];[1, 81, 82, 4, 70, 71, 87, 8, 56, 58, 12, 78]"
8374.333929,-7498.000000,"[0, 57, 66, 52, 62, 26, 61, 94, 11, 70, 32, 20, 73, 2, 14, 28, 89, 51, 99, 96, 53, 5, 55, 24, 35, 54, 38, 31, 92, 68, 46, 49, 39, 72, 95, 19, 34, 7, 91, 59, 76, 40, 84, 25, 29, 6, 75, 90, 16, 88, 17, 36, 3, 10, 98, 65, 93, 63, 69, 41, 13, 86, 64, 23, 30, 48, 60, 50, 27, 83, 9, 12, 56, 58, 80, 97, 85, 79, 82, 18, 44, 22, 21, 37, 77, 43, 74, 8, 47, 33, 67, 71, 42, 1, 15, 45, 87, 4, 81, 78];[1, 81, 82, 4, 71, 87, 8, 56, 58, 12, 78, 15]"
8171.309888,-2340.000000,"[0, 57, 66, 52, 62, 26, 61, 94, 11, 70, 32, 20, 73, 2, 14, 28, 89, 51, 99, 96, 53, 5, 55, 24, 35, 54, 38, 31, 92, 68, 46, 49, 39, 72, 95, 19, 34, 7, 91, 59, 76, 40, 84, 25, 29, 6, 75, 90, 16, 88, 17, 36, 3, 10, 98, 65, 93, 63, 69, 41, 13, 86, 64, 23, 30, 48, 60, 50, 27, 83, 9, 12, 56, 58, 80, 97, 85, 79, 82, 18, 44, 22, 21, 37, 77, 43, 74, 8, 47, 33, 67, 71, 42, 1, 15, 45, 87, 81, 4, 78];[1, 4, 71, 12, 78]"
11526.212784,-18687.000000,"[0, 57, 66, 52, 62, 26, 61, 94, 11, 70, 32, 20, 73, 2, 14, 28, 89, 51, 99, 96, 53, 5, 55, 24, 35, 54, 38, 31, 92, 68, 46, 49, 39, 72, 95, 19, 34, 7, 91, 59, 76, 40, 84, 25, 29, 6, 75, 90, 16, 88, 17, 36, 3, 10, 98, 65, 93, 63, 69, 41, 13, 86, 64, 23, 30, 48, 60, 50, 27, 83, 9, 12, 56, 58, 80, 97, 85, 79, 82, 18, 44, 22, 21, 37, 77, 43, 74, 8, 47, 33, 67, 71, 42, 1, 15, 45, 87, 4, 81, 78];[1, 65, 4, 68, 69, 70, 71, 8, 72, 74, 12, 13, 78, 15, 16, 17, 81, 18, 82, 84, 85, 87, 28, 92, 94, 47, 56, 57, 58]"
9231.656370,-13522.000000,"[0, 57, 66, 52, 62, 26, 61, 94, 11, 70, 32, 20, 73, 2, 14, 28, 89, 51, 99, 96, 53, 5, 55, 24, 35, 54, 38, 31, 92, 68, 46, 49, 39, 72, 95, 19, 34, 7, 91, 59, 76, 40, 84, 25, 29, 6, 75, 90, 16, 88, 17, 36, 3, 10, 98, 65, 93, 63, 69, 41, 13, 86, 64, 23, 30, 48, 60, 50, 27, 83, 9, 12, 56, 58, 80, 97, 85, 79, 82, 18, 44, 22, 21, 37, 77, 43, 74, 8, 47, 33, 67, 71, 42, 1, 15, 45, 87, 4, 81, 78];[1, 4, 68, 69, 70, 71, 8, 74, 12, 78, 15, 16, 81, 82, 84, 85, 87, 56, 58, 28, 92]"
8707.319958,-10520.000000,"[0, 57, 66, 52, 62, 26, 61, 94, 11, 70, 32, 20, 73, 2, 14, 28, 89, 51, 99, 96, 53, 5, 55, 24, 35, 54, 38, 31, 92, 68, 46, 49, 39, 72, 95, 19, 34, 7, 91, 59, 76, 40, 84, 25, 29, 6, 75, 90, 16, 88, 17, 36, 3, 10, 98, 65, 93, 63, 69, 41, 13, 86, 64, 23, 30, 48, 60, 50, 27, 83, 9, 12, 56, 58, 80, 97, 85, 79, 82, 18, 44, 22, 21, 37, 77, 43, 74, 8, 47, 33, 67, 71, 42, 1, 15, 45, 87, 4, 81, 78];[1, 4, 70, 71, 8, 74, 12, 78, 15, 81, 82, 84, 87, 56, 58, 28]"
12185.134909,-19438.000000,"[0, 78, 52, 62, 26, 61, 94, 11, 70, 32, 20, 73, 2, 14, 28, 89, 51, 99, 96, 53, 5, 55, 24, 35, 54, 38, 31, 92, 68, 46, 49, 39, 72, 95, 19, 34, 7, 91, 59, 76, 40, 84, 25, 29, 6, 75, 90, 16, 1, 42, 71, 67, 33, 47, 8, 74, 43, 77, 37, 21, 22, 44, 18, 82, 79, 85, 97, 80, 58, 56, 12, 9, 83, 27, 50, 60, 48, 30, 23, 64, 86, 13, 41, 69, 63, 88, 17, 36, 3, 10, 98, 65, 93, 15, 45, 87, 81, 4, 66, 57];[1, 65, 66, 4, 68, 69, 70, 71, 8, 72, 12, 13, 15, 16, 17, 81, 18, 82, 84, 85, 23, 28, 92, 93, 94, 36, 49, 56, 57, 58]"
9170.557207,-13363.000000,"[0, 57, 66, 52, 62, 26, 61, 94, 11, 70, 32, 20, 73, 2, 14, 28, 89, 51, 99, 96, 53, 5, 55, 24, 35, 54, 38, 31, 92, 68, 46, 49, 39, 72, 95, 19, 34, 7, 91, 59, 76, 40, 84, 25, 29, 6, 75, 90, 16, 88, 17, 36, 3, 10, 98, 65, 93, 63, 69, 41, 13, 86, 64, 23, 30, 48, 60, 50, 27, 83, 9, 12, 56, 58, 80, 97, 85, 79, 82, 18, 44, 22, 21, 37, 77, 43, 74, 8, 47, 33, 67, 71, 42, 1, 15, 45, 87, 4, 81, 78];[1, 4, 68, 69, 70, 71, 8, 72, 74, 12, 78, 15, 16, 81, 82, 84, 87, 56, 58, 28, 92]"
14818.571583,-21259.000000,"[0, 78, 52, 62, 26, 61, 94, 11, 70, 32, 20, 73, 2, 14, 28, 89, 51, 99, 96, 53, 5, 55, 24, 35, 54, 38, 31, 92, 68, 46, 49, 39, 72, 95, 19, 34, 7, 91, 59, 76, 40, 84, 25, 29, 6, 75, 90, 16, 1, 42, 71, 67, 33, 47, 8, 74, 43, 77, 37, 21, 22, 44, 18, 82, 79, 85, 97, 80, 58, 56, 12, 9, 83, 27, 50, 60, 48, 30, 23, 64, 86, 13, 41, 69, 63, 88, 17, 36, 3, 10, 98, 65, 93, 15, 45, 87, 81, 4, 66, 57];[1, 65, 66, 4, 68, 69, 70, 71, 8, 72, 74, 12, 13, 15, 16, 17, 81, 18, 82, 84, 85, 23, 28, 92, 94, 31, 34, 36, 49, 56, 57, 58]"
11440.808140,-18641.000000,"[0, 57, 66, 52, 62, 26, 61, 94, 11, 70, 32, 20, 73, 2, 14, 28, 89, 51, 99, 96, 53, 5, 55, 24, 35, 54, 38, 31, 92, 68, 46, 49, 39, 72, 95, 19, 34, 7, 91, 59, 76, 40, 84, 25, 29, 6, 75, 90, 16, 88, 17, 36, 3, 10, 98, 65, 93, 63, 69, 41, 13, 86, 64, 23, 30, 48, 60, 50, 27, 83, 9, 12, 56, 58, 80, 97, 85, 79, 82, 18, 44, 22, 21, 37, 77, 43, 74, 8, 47, 33, 67, 71, 42, 1, 15, 45, 87, 4, 81, 78];[1, 65, 4, 68, 69, 70, 71, 8, 72, 9, 74, 12, 13, 78, 15, 16, 81, 18, 82, 84, 85, 87, 28, 92, 94, 47, 56, 57, 58]"
10186.501232,-16756.000000,"[0, 57, 66, 52, 62, 26, 61, 94, 11, 70, 32, 20, 73, 2, 14, 28, 89, 51, 99, 96, 53, 5, 55, 24, 35, 54, 38, 31, 92, 68, 46, 49, 39, 72, 95, 19, 34, 7, 91, 59, 76, 40, 84, 25, 29, 6, 75, 90, 16, 88, 17, 36, 3, 10, 98, 65, 93, 63, 69, 41, 13, 86, 64, 23, 30, 48, 60, 50, 27, 83, 9, 12, 56, 58, 80, 97, 85, 79, 82, 18, 44, 22, 21, 37, 77, 43, 74, 8, 47, 33, 67, 71, 42, 1, 15, 45, 87, 4, 81, 78];[1, 4, 68, 69, 70, 71, 8, 72, 74, 12, 13, 78, 15, 16, 81, 18, 82, 84, 85, 87, 28, 92, 95, 47, 56, 57, 58]"
12090.872073,-19294.000000,"[0, 57, 66, 52, 62, 26, 61, 94, 11, 70, 32, 20, 73, 2, 14, 28, 89, 51, 99, 96, 53, 5, 55, 24, 35, 54, 38, 31, 92, 68, 46, 49, 39, 72, 95, 19, 34, 7, 91, 59, 76, 40, 84, 25, 29, 6, 75, 90, 16, 1, 42, 71, 67, 33, 47, 8, 74, 43, 77, 37, 21, 22, 44, 18, 82, 79, 85, 97, 80, 58, 56, 12, 9, 83, 27, 50, 60, 48, 30, 23, 64, 86, 13, 41, 69, 63, 88, 17, 36, 3, 10, 98, 65, 93, 15, 45, 87, 4, 81, 78];[1, 65, 4, 68, 69, 70, 71, 8, 72, 74, 12, 13, 78, 15, 16, 17, 81, 82, 84, 85, 23, 87, 28, 92, 36, 49, 56, 57, 58]"
11935.796957,-19000.000000,"[0, 57, 66, 52, 62, 26, 61, 94, 11, 70, 32, 20, 73, 2, 14, 28, 89, 51, 99, 96, 53, 5, 55, 24, 35, 54, 38, 31, 92, 68, 46, 49, 39, 72, 95, 19, 34, 7, 91, 59, 76, 40, 84, 25, 29, 6, 75, 90, 16, 88, 17, 36, 3, 10, 98, 65, 93, 63, 69, 41, 13, 86, 64, 23, 30, 48, 60, 50, 27, 83, 9, 12, 56, 58, 80, 97, 85, 79, 82, 18, 44, 22, 21, 37, 77, 43, 74, 8, 47, 33, 67, 71, 42, 1, 15, 45, 87, 4, 81, 78];[1, 65, 66, 67, 4, 68, 69, 70, 71, 8, 72, 9, 74, 12, 13, 78, 15, 16, 81, 18, 82, 84, 85, 87, 28, 92, 56, 57, 58]"
12054.956680,-19079.000000,"[0, 78, 52, 62, 26, 61, 94, 11, 70, 32, 20, 73, 2, 14, 28, 89, 51, 99, 96, 53, 5, 55, 24, 35, 54, 38, 31, 92, 68, 46, 49, 39, 72, 95, 19, 34, 7, 91, 59, 76, 40, 84, 25, 29, 6, 75, 90, 16, 1, 42, 71, 67, 33, 47, 8, 74, 43, 77, 37, 21, 22, 44, 18, 82, 79, 85, 97, 80, 58, 56, 12, 9, 83, 27, 50, 60, 48, 30, 23, 64, 86, 13, 41, 69, 63, 88, 17, 36, 3, 10, 98, 65, 93, 15, 45, 87, 81, 4, 66, 57];[1, 65, 66, 4, 68, 69, 70, 71, 8, 72, 12, 13, 15, 16, 17, 81, 18, 82, 84, 23, 28, 92, 31, 36, 49, 56, 57, 58]"
8896.578101,-11892.000000,"[0, 57, 66, 52, 62, 26, 61, 94, 11, 70, 32, 20, 73, 2, 14, 28, 89, 51, 99, 96, 53, 5, 55, 24, 35, 54, 38, 31, 92, 68, 46, 49, 39, 72, 95, 19, 34, 7, 91, 59, 76, 40, 84, 25, 29, 6, 75, 90, 16, 88, 17, 36, 3, 10, 98, 65, 93, 63, 69, 41, 13, 86, 64, 23, 30, 48, 60, 50, 27, 83, 9, 12, 56, 58, 80, 97, 85, 79, 82, 18, 44, 22, 21, 37, 77, 43, 74, 8, 47, 33, 67, 71, 42, 1, 15, 45, 87, 4, 81, 78];[1, 4, 70, 71, 8, 72, 74, 12, 78, 15, 16, 81, 82, 84, 87, 56, 58, 28, 92]"
14981.475355,-21328.000000,"[0, 78, 52, 62, 26, 61, 94, 11, 70, 32, 20, 73, 2, 14, 28, 89, 51, 99, 96, 53, 5, 55, 24, 35, 54, 38, 31, 92, 68, 46, 49, 39, 72, 95, 19, 34, 7, 91, 59, 76, 40, 84, 25, 29, 6, 75, 90, 16, 1, 42, 71, 67, 33, 47, 8, 74, 43, 77, 37, 21, 22, 44, 18, 82, 79, 85, 97, 80, 58, 56, 12, 9, 83, 27, 50, 60, 48, 30, 23, 64, 86, 13, 41, 69, 63, 88, 17, 36, 3, 10, 98, 65, 93, 15, 45, 87, 81, 4, 66, 57];[1, 65, 66, 4, 68, 69, 70, 71, 8, 72, 74, 12, 13, 15, 16, 17, 81, 18, 82, 84, 85, 23, 28, 92, 94, 31, 95, 34, 36, 49, 56, 57, 58]"
10136.702450,-16687.000000,"[0, 57, 66, 52, 62, 26, 61, 94, 11, 70, 32, 20, 73, 2, 14, 28, 89, 51, 99, 96, 53, 5, 55, 24, 35, 54, 38, 31, 92, 68, 46, 49, 39, 72, 95, 19, 34, 7, 91, 59, 76, 40, 84, 25, 29, 6, 75, 90, 16, 88, 17, 36, 3, 10, 98, 65, 93, 63, 69, 41, 13, 86, 64, 23, 30, 48, 60, 50, 27, 83, 9, 12, 56, 58, 80, 97, 85, 79, 82, 18, 44, 22, 21, 37, 77, 43, 74, 8, 47, 33, 67, 71, 42, 1, 15, 45, 87, 4, 81, 78];[1, 4, 68, 69, 70, 71, 8, 72, 74, 12, 13, 78, 15, 16, 81, 18, 82, 84, 85, 87, 28, 92, 47, 56, 57, 58]"
11159.673601,-18301.000000,"[0, 57, 66, 52, 62, 26, 61, 94, 11, 70, 32, 20, 73, 2, 14, 28, 89, 51, 99, 96, 53, 5, 55, 24, 35, 54, 38, 31, 92, 68, 46, 49, 39, 72, 95, 19, 34, 7, 91, 59, 76, 40, 84, 25, 29, 6, 75, 90, 16, 88, 17, 36, 3, 10, 98, 65, 93, 63, 69, 41, 13, 86, 64, 23, 30, 48, 60, 50, 27, 83, 9, 12, 56, 58, 80, 97, 85, 79, 82, 18, 44, 22, 21, 37, 77, 43, 74, 8, 47, 33, 67, 71, 42, 1, 15, 45, 87, 4, 81, 78];[1, 65, 4, 68, 69, 70, 71, 8, 72, 9, 74, 12, 13, 78, 15, 16, 81, 18, 82, 84, 85, 87, 28, 92, 47, 56, 57, 58]"
8219.301282,-4179.000000,"[0, 57, 66, 52, 62, 26, 61, 94, 11, 70, 32, 20, 73, 2, 14, 28, 89, 51, 99, 96, 53, 5, 55, 24, 35, 54, 38, 31, 92, 68, 46, 49, 39, 72, 95, 19, 34, 7, 91, 59, 76, 40, 84, 25, 29, 6, 75, 90, 16, 88, 17, 36, 3, 10, 98, 65, 93, 63, 69, 41, 13, 86, 64, 23, 30, 48, 60, 50, 27, 83, 9, 12, 56, 58, 80, 97, 85, 79, 82, 18, 44, 22, 21, 37, 77, 43, 74, 8, 47, 33, 67, 71, 42, 1, 15, 45, 87, 81, 4, 78];[1, 4, 71, 8, 56, 12, 78, 15]"
16495.279132,-21721.000000,"[0, 78, 52, 62, 26, 61, 94, 11, 70, 32, 20, 73, 2, 14, 28, 89, 51, 99, 96, 53, 5, 55, 24, 35, 54, 38, 31, 92, 68, 46, 49, 39, 72, 95, 19, 34, 7, 91, 59, 76, 40, 84, 25, 29, 6, 75, 90, 16, 1, 42, 71, 67, 33, 47, 8, 74, 43, 77, 37, 21, 22, 44, 18, 82, 79, 85, 97, 80, 58, 56, 12, 9, 83, 27, 50, 60, 48, 30, 23, 64, 86, 13, 41, 69, 63, 88, 17, 36, 3, 10, 98, 65, 93, 15, 45, 87, 81, 4, 66, 57];[1, 65, 66, 4, 68, 69, 70, 71, 8, 72, 9, 74, 12, 13, 15, 16, 17, 18, 82, 84, 23, 28, 92, 94, 31, 34, 35, 36, 49, 51, 56, 57, 58]"
16704.065495,-21790.000000,"[0, 78, 52, 62, 26, 61, 94, 11, 70, 32, 20, 73, 2, 14, 28, 89, 51, 99, 96, 53, 5, 55, 24, 35, 54, 38, 31, 92, 68, 46, 49, 39, 72, 95, 19, 34, 7, 91, 59, 76, 40, 84, 25, 29, 6, 75, 90, 16, 1, 42, 71, 67, 33, 47, 8, 74, 43, 77, 37, 21, 22, 44, 18, 82, 79, 85, 97, 80, 58, 56, 12, 9, 83, 27, 50, 60, 48, 30, 23, 64, 86, 13, 41, 69, 63, 88, 17, 36, 3, 10, 98, 65, 93, 15, 45, 87, 81, 4, 66, 57];[1, 65, 66, 4, 68, 69, 70, 71, 8, 72, 9, 74, 12, 13, 15, 16, 17, 18, 82, 84, 23, 28, 92, 94, 31, 95, 34, 35, 36, 49, 51, 56, 57, 58]"
11243.712501,-18347.000000,"[0, 57, 66, 52, 62, 26, 61, 94, 11, 70, 32, 20, 73, 2, 14, 28, 89, 51, 99, 96, 53, 5, 55, 24, 35, 54, 38, 31, 92, 68, 46, 49, 39, 72, 95, 19, 34, 7, 91, 59, 76, 40, 84, 25, 29, 6, 75, 90, 16, 88, 17, 36, 3, 10, 98, 65, 93, 63, 69, 41, 13, 86, 64, 23, 30, 48, 60, 50, 27, 83, 9, 12, 56, 58, 80, 97, 85, 79, 82, 18, 44, 22, 21, 37, 77, 43, 74, 8, 47, 33, 67, 71, 42, 1, 15, 45, 87, 4, 81, 78];[1, 65, 4, 68, 69, 70, 71, 8, 72, 74, 12, 13, 78, 15, 16, 17, 81, 18, 82, 84, 85, 87, 28, 92, 47, 56, 57, 58]"
16636.208368,-21744.000000,"[0, 78, 52, 62, 26, 61, 94, 11, 70, 32, 20, 73, 2, 14, 28, 89, 51, 99, 96, 53, 5, 55, 24, 35, 54, 38, 31, 92, 68, 46, 49, 39, 72, 95, 19, 34, 7, 91, 59, 76, 40, 84, 25, 29, 6, 75, 90, 16, 1, 42, 71, 67, 33, 47, 8, 74, 43, 77, 37, 21, 22, 44, 18, 82, 79, 85, 97, 80, 58, 56, 12, 9, 83, 27, 50, 60, 48, 30, 23, 64, 86, 13, 41, 69, 63, 88, 17, 36, 3, 10, 98, 65, 93, 15, 45, 87, 81, 4, 66, 57];[1, 65, 66, 4, 68, 69, 70, 71, 8, 72, 9, 74, 12, 13, 15, 16, 17, 18, 82, 84, 21, 23, 28, 92, 94, 31, 34, 35, 36, 49, 51, 56, 57, 58]"
13856.683721,-20769.000000,"[0, 78, 52, 62, 26, 61, 94, 11, 70, 32, 20, 73, 2, 14, 28, 89, 51, 99, 96, 53, 5, 55, 24, 35, 54, 38, 31, 92, 68, 46, 49, 39, 72, 95, 19, 34, 7, 91, 59, 76, 40, 84, 25, 29, 6, 75, 90, 16, 1, 42, 71, 67, 33, 47, 8, 74, 43, 77, 37, 21, 22, 44, 18, 82, 79, 85, 97, 80, 58, 56, 12, 9, 83, 27, 50, 60, 48, 30, 23, 64, 86, 13, 41, 69, 63, 88, 17, 36, 3, 10, 98, 65, 93, 15, 45, 87, 81, 4, 66, 57];[1, 65, 66, 4, 68, 69, 70, 71, 8, 72, 74, 12, 13, 15, 16, 17, 81, 82, 84, 23, 28, 92, 93, 94, 31, 34, 36, 49, 56, 57, 58]"
