8540.179614,-5430.000000,"[0, 78, 87, 45, 15, 1, 42, 71, 67, 8, 33, 47, 77, 43, 74, 58, 80, 85, 97, 56, 12, 9, 83, 27, 50, 60, 48, 30, 23, 64, 86, 13, 41, 93, 63, 69, 65, 98, 88, 3, 10, 36, 17, 16, 90, 75, 29, 6, 25, 84, 40, 76, 59, 91, 7, 34, 19, 95, 72, 39, 49, 46, 68, 92, 31, 38, 54, 35, 24, 55, 5, 53, 96, 79, 82, 44, 18, 22, 21, 37, 99, 51, 89, 28, 14, 2, 73, 20, 32, 70, 11, 94, 61, 26, 62, 52, 66, 57, 4, 81];[1, 66, 68, 84, 21, 70, 71, 12, 28, 92]"
20190.347484,-45384.000000,"[0, 81, 4, 57, 66, 52, 62, 26, 61, 94, 11, 70, 32, 20, 73, 2, 14, 28, 89, 51, 99, 37, 21, 22, 18, 44, 82, 79, 96, 53, 5, 55, 24, 35, 54, 38, 31, 92, 68, 46, 49, 39, 72, 95, 19, 34, 7, 91, 59, 76, 40, 84, 25, 6, 29, 75, 90, 16, 17, 36, 10, 3, 88, 98, 65, 69, 63, 93, 41, 13, 86, 64, 23, 30, 48, 60, 50, 27, 83, 9, 12, 56, 97, 85, 80, 58, 74, 43, 77, 47, 33, 8, 67, 71, 42, 1, 15, 45, 87, 78];[0, 1, 2, 3, 4, 8, 9, 10, 11, 12, 13, 15, 16, 17, 18, 19, 20, 21, 22, 23, 24, 26, 27, 28, 31, 32, 34, 35, 36, 37, 39, 40, 41, 42, 43, 44, 47, 48, 49, 50, 51, 54, 55, 56, 57, 58, 59, 60, 61, 62, 63, 64, 65, 66, 67, 68, 69, 70, 71, 72, 73, 74, 76, 77, 78, 79, 80, 81, 82, 84, 85, 86, 87, 90, 91, 92, 93, 94, 95, 96, 97, 98, 99]"
8540.179614,-5430.000000,"[0, 78, 87, 45, 15, 1, 42, 71, 67, 8, 33, 47, 77, 43, 74, 58, 80, 85, 97, 56, 12, 9, 83, 27, 50, 60, 48, 30, 23, 64, 86, 13, 41, 93, 63, 69, 65, 98, 88, 10, 3, 36, 17, 16, 90, 75, 29, 6, 25, 84, 40, 76, 59, 91, 7, 34, 19, 95, 72, 39, 49, 46, 68, 92, 31, 38, 54, 35, 24, 55, 5, 53, 96, 79, 82, 44, 18, 22, 21, 37, 99, 51, 89, 28, 14, 2, 73, 20, 32, 70, 11, 94, 61, 26, 62, 52, 66, 57, 4, 81];[1, 66, 68, 84, 21, 70, 71, 12, 28, 92]"
8576.947954,-9494.000000,"[0, 78, 87, 45, 15, 1, 42, 71, 67, 8, 33, 47, 77, 43, 74, 58, 80, 85, 97, 56, 12, 9, 83, 27, 50, 60, 48, 30, 23, 64, 86, 13, 41, 93, 63, 69, 65, 98, 88, 3, 10, 36, 17, 16, 90, 75, 29, 6, 25, 84, 40, 76, 59, 91, 7, 34, 19, 95, 72, 39, 49, 46, 68, 92, 31, 38, 54, 35, 24, 55, 5, 53, 96, 79, 82, 44, 18, 22, 21, 37, 99, 51, 89, 28, 14, 2, 73, 20, 32, 70, 11, 94, 61, 26, 62, 52, 66, 57, 4, 81];[1, 66, 68, 70, 71, 72, 12, 81, 82, 84, 21, 57, 28, 92, 62, 94]"
9156.139548,-21477.000000,"[0, 81, 4, 57, 66, 52, 62, 26, 61, 94, 11, 70, 32, 20, 73, 2, 14, 28, 89, 51, 99, 37, 21, 22, 18, 44, 82, 79, 96, 53, 5, 55, 24, 35, 54, 38, 31, 92, 68, 46, 49, 39, 72, 95, 19, 34, 7, 91, 59, 76, 40, 84, 25, 6, 29, 75, 90, 16, 17, 36, 10, 3, 88, 98, 65, 69, 63, 93, 41, 13, 86, 64, 23, 30, 48, 60, 50, 27, 83, 9, 12, 56, 97, 85, 80, 58, 74, 43, 77, 47, 33, 8, 67, 71, 42, 1, 15, 45, 87, 78];[1, 65, 67, 68, 69, 70, 71, 8, 72, 9, 74, 12, 13, 77, 78, 15, 16, 17, 82, 84, 85, 23, 87, 28, 92, 97, 99, 42, 43, 47, 49, 56, 57, 58]"
8683.664308,-13323.000000,"[0, 78, 87, 45, 15, 1, 42, 71, 67, 8, 33, 47, 77, 43, 74, 58, 80, 85, 97, 56, 12, 9, 83, 27, 50, 60, 48, 30, 23, 64, 86, 13, 41, 93, 63, 69, 65, 98, 88, 3, 10, 36, 17, 16, 90, 75, 29, 6, 25, 84, 40, 76, 59, 91, 7, 34, 19, 95, 72, 39, 49, 46, 68, 92, 31, 38, 54, 35, 24, 55, 5, 53, 96, 79, 82, 44, 18, 22, 21, 37, 99, 51, 89, 28, 14, 2, 73, 20, 32, 70, 11, 94, 61, 26, 62, 52, 66, 57, 4, 81];[1, 66, 4, 68, 70, 71, 8, 72, 11, 12, 81, 82, 84, 21, 56, 57, 58, 28, 92, 62, 94]"
8623.945192,-11832.000000,"[0, 78, 87, 45, 15, 1, 42, 71, 67, 8, 33, 47, 77, 43, 74, 58, 80, 85, 97, 56, 12, 9, 83, 27, 50, 60, 48, 30, 23, 64, 86, 13, 41, 93, 63, 69, 65, 98, 88, 3, 10, 36, 17, 16, 90, 75, 29, 6, 25, 84, 40, 76, 59, 91, 7, 34, 19, 95, 72, 39, 49, 46, 68, 92, 31, 38, 54, 35, 24, 55, 5, 53, 96, 79, 82, 44, 18, 22, 21, 37, 99, 51, 89, 28, 14, 2, 73, 20, 32, 70, 11, 94, 61, 26, 62, 52, 66, 57, 4, 81];[1, 66, 4, 68, 70, 71, 72, 12, 81, 82, 84, 21, 56, 57, 58, 28, 92, 62, 94]"
17355.649474,-44412.000000,"[0, 81, 4, 57, 66, 52, 62, 26, 61, 94, 11, 70, 32, 20, 73, 2, 14, 28, 89, 51, 99, 37, 21, 22, 18, 44, 82, 79, 96, 53, 5, 55, 24, 35, 54, 38, 31, 92, 68, 46, 49, 39, 72, 95, 19, 34, 7, 91, 59, 76, 40, 84, 25, 6, 29, 75, 90, 16, 17, 36, 10, 3, 88, 98, 65, 69, 63, 93, 41, 13, 86, 64, 23, 30, 48, 60, 50, 27, 83, 9, 12, 56, 97, 85, 80, 58, 74, 43, 77, 47, 33, 8, 67, 71, 42, 1, 15, 45, 87, 78];[0, 1, 2, 3, 4, 6, 8, 9, 10, 11, 12, 13, 15, 16, 17, 18, 19, 20, 22, 23, 24, 26, 27, 28, 31, 34, 35, 36, 37, 39, 40, 41, 42, 43, 45, 47, 48, 49, 50, 51, 54, 55, 56, 57, 58, 59, 60, 61, 62, 63, 64, 65, 66, 67, 68, 69, 70, 71, 72, 73, 74, 76, 77, 78, 80, 81, 82, 84, 85, 86, 87, 91, 92, 93, 94, 95, 96, 97, 98, 99]"
8549.284729,-7532.000000,"[0, 78, 87, 45, 15, 1, 42, 71, 67, 8, 33, 47, 77, 43, 74, 58, 80, 85, 97, 56, 12, 9, 83, 27, 50, 60, 48, 30, 23, 64, 86, 13, 41, 93, 63, 69, 65, 98, 88, 3, 10, 36, 17, 16, 90, 75, 29, 6, 25, 84, 40, 76, 59, 91, 7, 34, 19, 95, 72, 39, 49, 46, 68, 92, 31, 38, 54, 35, 24, 55, 5, 53, 96, 79, 82, 44, 18, 22, 21, 37, 99, 51, 89, 28, 14, 2, 73, 20, 32, 70, 11, 94, 61, 26, 62, 52, 66, 57, 4, 81];[1, 66, 4, 68, 70, 71, 72, 12, 84, 21, 57, 28, 92]"
13932.790735,-41197.000000,"[0, 81, 4, 57, 66, 52, 62, 26, 61, 94, 11, 70, 32, 20, 73, 2, 14, 28, 89, 51, 99, 37, 21, 22, 18, 44, 82, 79, 96, 53, 5, 55, 24, 35, 54, 38, 31, 92, 68, 46, 49, 39, 72, 95, 19, 34, 7, 91, 59, 76, 40, 84, 25, 6, 29, 75, 90, 16, 17, 36, 10, 3, 88, 98, 65, 69, 63, 93, 41, 13, 86, 64, 23, 30, 48, 60, 50, 27, 83, 9, 12, 56, 97, 85, 80, 58, 74, 43, 77, 47, 33, 8, 67, 71, 42, 1, 15, 45, 87, 78];[0, 1, 2, 3, 4, 6, 8, 9, 10, 11, 12, 13, 15, 16, 17, 18, 19, 23, 24, 28, 31, 34, 35, 36, 37, 40, 41, 42, 43, 45, 47, 48, 49, 50, 51, 54, 55, 56, 57, 58, 59, 60, 62, 64, 65, 66, 67, 68, 69, 70, 71, 72, 74, 76, 77, 78, 80, 81, 82, 84, 85, 86, 87, 91, 92, 93, 94, 95, 97, 98, 99]"
8835.557107,-14568.000000,"[0, 81, 4, 57, 66, 52, 62, 26, 61, 94, 11, 70, 32, 20, 73, 2, 14, 28, 89, 51, 99, 37, 21, 22, 18, 44, 82, 79, 96, 53, 5, 55, 24, 35, 54, 38, 31, 92, 68, 46, 49, 39, 72, 95, 19, 34, 7, 91, 59, 76, 40, 84, 25, 6, 29, 75, 90, 16, 17, 36, 3, 10, 88, 98, 65, 69, 63, 93, 41, 13, 86, 64, 23, 30, 48, 60, 50, 27, 83, 9, 12, 56, 97, 85, 80, 58, 74, 43, 77, 47, 33, 8, 67, 71, 42, 1, 15, 45, 87, 78];[1, 68, 69, 70, 71, 8, 72, 9, 74, 12, 13, 77, 78, 15, 16, 84, 23, 27, 28, 92, 95, 42, 43, 56, 57, 58]"
9345.321668,-23559.000000,"[0, 81, 4, 57, 66, 52, 62, 26, 61, 94, 11, 70, 32, 20, 73, 2, 14, 28, 89, 51, 99, 37, 21, 22, 18, 44, 82, 79, 96, 53, 5, 55, 24, 35, 54, 38, 31, 92, 68, 46, 49, 39, 72, 95, 19, 34, 7, 91, 59, 76, 40, 84, 25, 6, 29, 75, 90, 16, 17, 36, 10, 3, 88, 98, 65, 69, 63, 93, 41, 13, 86, 64, 23, 30, 48, 60, 50, 27, 83, 9, 12, 56, 97, 85, 80, 58, 74, 43, 77, 47, 33, 8, 67, 71, 42, 1, 15, 45, 87, 78];[1, 65, 67, 68, 69, 70, 71, 8, 72, 9, 74, 12, 13, 77, 78, 15, 16, 17, 82, 84, 85, 23, 87, 28, 92, 94, 97, 98, 99, 36, 42, 43, 47, 49, 56, 57, 58]"
14162.664662,-41572.000000,"[0, 81, 4, 57, 66, 52, 62, 26, 61, 94, 11, 70, 32, 20, 73, 2, 14, 28, 89, 51, 99, 37, 21, 22, 18, 44, 82, 79, 96, 53, 5, 55, 24, 35, 54, 38, 31, 92, 68, 46, 49, 39, 72, 95, 19, 34, 7, 91, 59, 76, 40, 84, 25, 6, 29, 75, 90, 16, 17, 36, 10, 3, 88, 98, 65, 69, 63, 93, 41, 13, 86, 64, 23, 30, 48, 60, 50, 27, 83, 9, 12, 56, 97, 85, 80, 58, 74, 43, 77, 47, 33, 8, 67, 71, 42, 1, 15, 45, 87, 78];[0, 1, 2, 3, 4, 6, 8, 9, 10, 11, 12, 13, 15, 16, 17, 18, 19, 23, 24, 28, 31, 34, 35, 36, 37, 40, 41, 42, 43, 45, 47, 48, 49, 50, 51, 54, 55, 56, 57, 58, 59, 60, 62, 64, 65, 66, 67, 68, 69, 70, 71, 72, 74, 76, 77, 78, 80, 81, 82, 84, 85, 86, 87, 91, 92, 93, 94, 95, 96, 97, 98, 99]"
9071.956935,-20252.000000,"[0, 81, 4, 57, 66, 52, 62, 26, 61, 94, 11, 70, 32, 20, 73, 2, 14, 28, 89, 51, 99, 37, 21, 22, 18, 44, 82, 79, 96, 53, 5, 55, 24, 35, 54, 38, 31, 92, 68, 46, 49, 39, 72, 95, 19, 34, 7, 91, 59, 76, 40, 84, 25, 6, 29, 75, 90, 16, 17, 36, 10, 3, 88, 98, 65, 69, 63, 93, 41, 13, 86, 64, 23, 30, 48, 60, 50, 27, 83, 9, 12, 56, 97, 85, 80, 58, 74, 43, 77, 47, 33, 8, 67, 71, 42, 1, 15, 45, 87, 78];[1, 65, 67, 68, 69, 70, 71, 8, 72, 9, 74, 12, 13, 77, 78, 15, 16, 82, 84, 85, 87, 28, 92, 97, 99, 42, 43, 47, 49, 56, 57, 58]"
11173.386741,-35160.000000,"[0, 81, 4, 57, 66, 52, 62, 26, 61, 94, 11, 70, 32, 20, 73, 2, 14, 28, 89, 51, 99, 37, 21, 22, 18, 44, 82, 79, 96, 53, 5, 55, 24, 35, 54, 38, 31, 92, 68, 46, 49, 39, 72, 95, 19, 34, 7, 91, 59, 76, 40, 84, 25, 6, 29, 75, 90, 16, 17, 36, 10, 3, 88, 98, 65, 69, 63, 93, 41, 13, 86, 64, 23, 30, 48, 60, 50, 27, 83, 9, 12, 56, 97, 85, 80, 58, 74, 43, 77, 47, 33, 8, 67, 71, 42, 1, 15, 45, 87, 78];[1, 3, 4, 8, 9, 10, 12, 13, 15, 16, 17, 23, 27, 28, 31, 34, 35, 36, 40, 41, 42, 43, 45, 47, 48, 49, 50, 51, 56, 57, 58, 59, 60, 64, 65, 66, 67, 68, 69, 70, 71, 72, 74, 76, 77, 78, 80, 82, 84, 85, 86, 87, 91, 92, 93, 94, 95, 96, 97, 98, 99]"
13681.241707,-40891.000000,"[0, 81, 4, 57, 66, 62, 52, 26, 61, 94, 11, 70, 32, 20, 73, 2, 14, 28, 89, 51, 99, 37, 21, 22, 18, 44, 82, 79, 96, 53, 5, 55, 24, 35, 54, 38, 31, 92, 68, 46, 49, 39, 72, 95, 19, 34, 7, 91, 59, 76, 40, 84, 25, 6, 29, 75, 90, 16, 17, 36, 10, 3, 88, 98, 65, 69, 63, 93, 41, 13, 86, 64, 23, 30, 48, 60, 50, 27, 83, 9, 12, 56, 97, 85, 80, 58, 74, 43, 77, 47, 33, 8, 67, 71, 42, 1, 15, 45, 87, 78];[0, 1, 2, 3, 4, 8, 9, 10, 12, 13, 15, 16, 17, 18, 19, 23, 24, 28, 31, 34, 35, 36, 37, 40, 41, 42, 43, 45, 47, 48, 49, 50, 51, 54, 56, 57, 58, 59, 60, 62, 64, 65, 66, 67, 68, 69, 70, 71, 72, 74, 76, 77, 78, 80, 81, 82, 84, 85, 86, 87, 91, 92, 93, 94, 95, 96, 97, 98, 99]"
14793.249865,-42377.000000,"[0, 81, 4, 57, 66, 52, 62, 26, 61, 94, 11, 70, 32, 20, 73, 2, 14, 28, 89, 51, 99, 37, 21, 22, 18, 44, 82, 79, 96, 53, 5, 55, 24, 35, 54, 38, 31, 92, 68, 46, 49, 39, 72, 95, 19, 34, 7, 91, 59, 76, 40, 84, 25, 6, 29, 75, 90, 16, 17, 36, 10, 3, 88, 98, 65, 69, 63, 93, 41, 13, 86, 64, 23, 30, 48, 60, 50, 27, 83, 9, 12, 56, 97, 85, 80, 58, 74, 43, 77, 47, 33, 8, 67, 71, 42, 1, 15, 45, 87, 78];[0, 1, 2, 3, 4, 8, 9, 10, 11, 12, 13, 15, 16, 17, 18, 19, 20, 21, 22, 23, 24, 28, 31, 34, 35, 36, 37, 40, 41, 42, 43, 45, 47, 48, 49, 50, 51, 54, 56, 57, 58, 59, 60, 62, 64, 65, 66, 67, 68, 69, 70, 71, 72, 74, 76, 77, 78, 80, 81, 82, 84, 85, 86, 87, 91, 92, 93, 94, 95, 96, 97, 98, 99]"
8842.683102,-15991.000000,"[0, 81, 4, 57, 66, 52, 62, 26, 61, 94, 11, 70, 32, 20, 73, 2, 14, 28, 89, 51, 99, 37, 21, 22, 18, 44, 82, 79, 96, 53, 5, 55, 24, 35, 54, 38, 31, 92, 68, 46, 49, 39, 72, 95, 19, 34, 7, 91, 59, 76, 40, 84, 25, 6, 29, 75, 90, 16, 17, 36, 10, 3, 88, 98, 65, 69, 63, 93, 41, 13, 86, 64, 23, 30, 48, 60, 50, 27, 83, 9, 12, 56, 97, 85, 80, 58, 74, 43, 77, 47, 33, 8, 67, 71, 42, 1, 15, 45, 87, 78];[1, 67, 68, 69, 70, 71, 8, 72, 9, 74, 12, 13, 78, 15, 16, 82, 84, 85, 87, 28, 92, 42, 43, 56, 57, 58]"
10134.507464,-29996.000000,"[0, 81, 4, 57, 66, 52, 62, 26, 61, 94, 11, 70, 32, 20, 73, 2, 14, 28, 89, 51, 99, 37, 21, 22, 18, 44, 82, 79, 96, 53, 5, 55, 24, 35, 54, 38, 31, 92, 68, 46, 49, 39, 72, 95, 19, 34, 7, 91, 59, 76, 40, 84, 25, 6, 29, 75, 90, 16, 17, 36, 10, 3, 88, 98, 65, 69, 63, 93, 41, 13, 86, 64, 23, 30, 48, 60, 50, 27, 83, 9, 12, 56, 97, 85, 80, 58, 74, 43, 77, 47, 33, 8, 67, 71, 42, 1, 15, 45, 87, 78];[64, 1, 65, 66, 67, 4, 68, 69, 70, 71, 8, 72, 9, 10, 74, 12, 76, 13, 77, 78, 15, 16, 17, 82, 84, 85, 23, 87, 28, 92, 93, 94, 31, 97, 34, 98, 35, 99, 36, 42, 43, 47, 48, 49, 56, 57, 58]"
9636.581630,-26152.000000,"[0, 81, 4, 57, 66, 52, 62, 26, 61, 94, 11, 70, 32, 20, 73, 2, 14, 28, 89, 51, 99, 37, 21, 22, 18, 44, 82, 79, 96, 53, 5, 55, 24, 35, 54, 38, 31, 92, 68, 46, 49, 39, 72, 95, 19, 34, 7, 91, 59, 76, 40, 84, 25, 6, 29, 75, 90, 16, 17, 36, 10, 3, 88, 98, 65, 69, 63, 93, 41, 13, 86, 64, 23, 30, 48, 60, 50, 27, 83, 9, 12, 56, 97, 85, 80, 58, 74, 43, 77, 47, 33, 8, 67, 71, 42, 1, 15, 45, 87, 78];[64, 1, 65, 66, 67, 4, 68, 69, 70, 71, 8, 72, 9, 74, 12, 13, 77, 78, 15, 16, 17, 82, 84, 85, 86, 23, 87, 28, 92, 93, 94, 97, 98, 99, 42, 43, 47, 49, 56, 57, 58]"
11034.110297,-34716.000000,"[0, 81, 4, 57, 66, 52, 62, 26, 61, 94, 11, 70, 32, 20, 73, 2, 14, 28, 89, 51, 99, 37, 21, 22, 18, 44, 82, 79, 96, 53, 5, 55, 24, 35, 54, 38, 31, 92, 68, 46, 49, 39, 72, 95, 19, 34, 7, 91, 59, 76, 40, 84, 25, 6, 29, 75, 90, 16, 17, 36, 10, 3, 88, 98, 65, 69, 63, 93, 41, 13, 86, 64, 23, 30, 48, 60, 50, 27, 83, 9, 12, 56, 97, 85, 80, 58, 74, 43, 77, 47, 33, 8, 67, 71, 42, 1, 15, 45, 87, 78];[1, 3, 4, 8, 9, 10, 12, 13, 15, 16, 17, 23, 27, 28, 31, 34, 35, 36, 40, 41, 42, 43, 45, 47, 48, 49, 50, 51, 56, 57, 58, 59, 60, 64, 65, 66, 67, 68, 69, 70, 71, 72, 74, 76, 77, 78, 80, 82, 84, 85, 86, 87, 91, 92, 93, 94, 97, 98, 99]"
10926.045526,-34041.000000,"[0, 81, 4, 57, 66, 52, 62, 26, 61, 94, 11, 70, 32, 20, 73, 2, 14, 28, 89, 51, 99, 37, 21, 22, 18, 44, 82, 79, 96, 53, 5, 55, 24, 35, 54, 38, 31, 92, 68, 46, 49, 39, 72, 95, 19, 34, 7, 91, 59, 76, 40, 84, 25, 6, 29, 75, 90, 16, 17, 36, 10, 3, 88, 98, 65, 69, 63, 93, 41, 13, 86, 64, 23, 30, 48, 60, 50, 27, 83, 9, 12, 56, 97, 85, 80, 58, 74, 43, 77, 47, 33, 8, 67, 71, 42, 1, 15, 45, 87, 78];[1, 4, 8, 9, 10, 12, 13, 15, 16, 17, 23, 27, 28, 31, 34, 35, 36, 40, 41, 42, 43, 45, 47, 48, 49, 50, 51, 56, 57, 58, 59, 60, 64, 65, 66, 67, 68, 69, 70, 71, 72, 74, 76, 77, 78, 82, 84, 85, 87, 91, 92, 93, 94, 95, 96, 97, 98, 99]"
11745.661523,-36872.000000,"[0, 81, 4, 57, 66, 52, 62, 26, 61, 94, 11, 70, 32, 20, 73, 2, 14, 28, 89, 51, 99, 37, 21, 22, 18, 44, 82, 79, 96, 53, 5, 55, 24, 35, 54, 38, 31, 92, 68, 46, 49, 39, 72, 95, 19, 34, 7, 91, 59, 76, 40, 84, 25, 6, 29, 75, 90, 16, 17, 36, 10, 3, 88, 98, 65, 69, 63, 93, 41, 13, 86, 64, 23, 30, 48, 60, 50, 27, 83, 9, 12, 56, 97, 85, 80, 58, 74, 43, 77, 47, 33, 8, 67, 71, 42, 1, 15, 45, 87, 78];[0, 1, 2, 3, 4, 8, 9, 10, 12, 13, 15, 16, 17, 18, 19, 23, 28, 31, 34, 35, 36, 40, 41, 42, 43, 45, 47, 48, 49, 50, 51, 56, 57, 58, 59, 60, 64, 65, 66, 67, 68, 69, 70, 71, 72, 74, 76, 77, 78, 80, 82, 84, 85, 86, 87, 91, 92, 93, 94, 97, 98, 99]"
18604.629404,-44920.000000,"[0, 81, 4, 57, 66, 52, 62, 26, 61, 94, 11, 70, 32, 20, 73, 2, 14, 28, 89, 51, 99, 37, 21, 22, 18, 44, 82, 79, 96, 53, 5, 55, 24, 35, 54, 38, 31, 92, 68, 46, 49, 39, 72, 95, 19, 34, 7, 91, 59, 76, 40, 84, 25, 6, 29, 75, 90, 16, 17, 36, 10, 3, 88, 98, 65, 69, 63, 93, 41, 13, 86, 64, 23, 30, 48, 60, 50, 27, 83, 9, 12, 56, 97, 85, 80, 58, 74, 43, 77, 47, 33, 8, 67, 71, 42, 1, 15, 45, 87, 78];[0, 1, 2, 3, 4, 8, 9, 10, 11, 12, 13, 15, 16, 17, 18, 19, 20, 21, 22, 23, 24, 26, 27, 28, 31, 32, 34, 35, 36, 37, 39, 40, 41, 42, 43, 44, 45, 47, 48, 49, 50, 51, 54, 55, 56, 57, 58, 59, 60, 61, 62, 63, 64, 65, 66, 67, 68, 69, 70, 71, 72, 73, 74, 76, 77, 78, 80, 81, 82, 84, 85, 86, 87, 91, 92, 93, 94, 95, 96, 97, 98, 99]"
14549.165495,-41991.000000,"[0, 81, 4, 57, 66, 62, 52, 26, 61, 94, 11, 70, 32, 20, 73, 2, 14, 28, 89, 51, 99, 37, 21, 22, 18, 44, 82, 79, 96, 53, 5, 55, 24, 35, 54, 38, 31, 92, 68, 46, 49, 39, 72, 95, 19, 34, 7, 91, 59, 76, 40, 84, 25, 6, 29, 75, 90, 16, 17, 36, 10, 3, 88, 98, 65, 69, 63, 93, 41, 13, 86, 64, 23, 30, 48, 60, 50, 27, 83, 9, 12, 56, 97, 85, 80, 58, 74, 43, 77, 47, 33, 8, 67, 71, 42, 1, 15, 45, 87, 78];[0, 1, 2, 3, 4, 6, 8, 9, 10, 11, 12, 13, 15, 16, 17, 18, 19, 23, 24, 28, 31, 34, 35, 36, 37, 40, 41, 42, 43, 45, 47, 48, 49, 50, 51, 54, 56, 57, 58, 59, 60, 61, 62, 63, 64, 65, 66, 67, 68, 69, 70, 71, 72, 74, 76, 77, 78, 80, 81, 82, 84, 85, 86, 87, 91, 92, 93, 94, 95, 96, 97, 98, 99]"
8541.575352,-6391.000000,"[0, 78, 87, 45, 15, 1, 42, 71, 67, 8, 33, 47, 77, 43, 74, 58, 80, 85, 97, 56, 12, 9, 83, 27, 50, 60, 48, 30, 23, 64, 86, 13, 41, 93, 63, 69, 65, 98, 88, 3, 10, 36, 17, 16, 90, 75, 29, 6, 25, 84, 40, 76, 59, 91, 7, 34, 19, 95, 72, 39, 49, 46, 68, 92, 31, 38, 54, 35, 24, 55, 5, 53, 96, 79, 82, 44, 18, 22, 21, 37, 99, 51, 89, 28, 14, 2, 73, 20, 32, 70, 11, 94, 61, 26, 62, 52, 66, 57, 4, 81];[1, 66, 4, 68, 84, 21, 70, 71, 12, 28, 92]"
17976.434132,-44702.000000,"[0, 81, 4, 57, 66, 52, 62, 26, 61, 94, 11, 70, 32, 20, 73, 2, 14, 28, 89, 51, 99, 37, 21, 22, 18, 44, 82, 79, 96, 53, 5, 55, 24, 35, 54, 38, 31, 92, 68, 46, 49, 39, 72, 95, 19, 34, 7, 91, 59, 76, 40, 84, 25, 6, 29, 75, 90, 16, 17, 36, 10, 3, 88, 98, 65, 69, 63, 93, 41, 13, 86, 64, 23, 30, 48, 60, 50, 27, 83, 9, 12, 56, 97, 85, 80, 58, 74, 43, 77, 47, 33, 8, 67, 71, 42, 1, 15, 45, 87, 78];[0, 1, 2, 3, 4, 6, 8, 9, 10, 11, 12, 13, 15, 16, 17, 18, 19, 20, 22, 23, 24, 26, 27, 28, 31, 34, 35, 36, 37, 39, 40, 41, 42, 43, 45, 47, 48, 49, 50, 51, 54, 55, 56, 57, 58, 59, 60, 61, 62, 63, 64, 65, 66, 67, 68, 69, 70, 71, 72, 73, 74, 76, 77, 78, 79, 80, 81, 82, 84, 85, 86, 87, 91, 92, 93, 94, 95, 96, 97, 98, 99]"
9826.783338,-27718.000000,"[0, 81, 4, 57, 66, 52, 62, 26, 61, 94, 11, 70, 32, 20, 73, 2, 14, 28, 89, 51, 99, 37, 21, 22, 18, 44, 82, 79, 96, 53, 5, 55, 24, 35, 54, 38, 31, 92, 68, 46, 49, 39, 72, 95, 19, 34, 7, 91, 59, 76, 40, 84, 25, 6, 29, 75, 90, 16, 17, 36, 10, 3, 88, 98, 65, 69, 63, 93, 41, 13, 86, 64, 23, 30, 48, 60, 50, 27, 83, 9, 12, 56, 97, 85, 80, 58, 74, 43, 77, 47, 33, 8, 67, 71, 42, 1, 15, 45, 87, 78];[64, 1, 65, 66, 67, 68, 69, 70, 71, 8, 72, 9, 74, 12, 13, 77, 78, 15, 16, 82, 84, 85, 86, 23, 87, 28, 92, 93, 94, 31, 95, 97, 34, 98, 35, 99, 36, 42, 43, 47, 48, 49, 56, 57, 58]"
11385.510318,-35645.000000,"[0, 81, 4, 57, 66, 52, 62, 26, 61, 94, 11, 70, 32, 20, 73, 2, 14, 28, 89, 51, 99, 37, 21, 22, 18, 44, 82, 79, 96, 53, 5, 55, 24, 35, 54, 38, 31, 92, 68, 46, 49, 39, 72, 95, 19, 34, 7, 91, 59, 76, 40, 84, 25, 6, 29, 75, 90, 16, 17, 36, 10, 3, 88, 98, 65, 69, 63, 93, 41, 13, 86, 64, 23, 30, 48, 60, 50, 27, 83, 9, 12, 56, 97, 85, 80, 58, 74, 43, 77, 47, 33, 8, 67, 71, 42, 1, 15, 45, 87, 78];[1, 4, 8, 9, 10, 12, 13, 15, 16, 17, 23, 27, 28, 31, 34, 35, 36, 40, 41, 42, 43, 45, 47, 48, 49, 50, 51, 56, 57, 58, 59, 60, 64, 65, 66, 67, 68, 69, 70, 71, 72, 74, 76, 77, 78, 80, 81, 82, 84, 85, 86, 87, 91, 92, 93, 94, 95, 96, 97, 98, 99]"
13537.153351,-40460.000000,"[0, 81, 4, 57, 66, 62, 52, 26, 61, 94, 11, 70, 32, 20, 73, 2, 14, 28, 89, 51, 99, 37, 21, 22, 18, 44, 82, 79, 96, 53, 5, 55, 24, 35, 54, 38, 31, 92, 68, 46, 49, 39, 72, 95, 19, 34, 7, 91, 59, 76, 40, 84, 25, 6, 29, 75, 90, 16, 17, 36, 10, 3, 88, 98, 65, 69, 63, 93, 41, 13, 86, 64, 23, 30, 48, 60, 50, 27, 83, 9, 12, 56, 97, 85, 80, 58, 74, 43, 77, 47, 33, 8, 67, 71, 42, 1, 15, 45, 87, 78];[1, 3, 4, 8, 9, 10, 11, 12, 13, 15, 16, 17, 18, 19, 22, 23, 24, 28, 31, 34, 35, 36, 37, 40, 41, 42, 43, 45, 47, 48, 49, 50, 51, 54, 56, 57, 58, 59, 60, 62, 64, 65, 66, 67, 68, 69, 70, 71, 72, 74, 76, 77, 78, 80, 81, 82, 84, 85, 86, 87, 91, 92, 93, 94, 95, 96, 97, 98, 99]"
8787.098195,-13903.000000,"[0, 81, 4, 57, 66, 52, 62, 26, 61, 94, 11, 70, 32, 20, 73, 2, 14, 28, 89, 51, 99, 37, 21, 22, 18, 44, 82, 79, 96, 53, 5, 55, 24, 35, 54, 38, 31, 92, 68, 46, 49, 39, 72, 95, 19, 34, 7, 91, 59, 76, 40, 84, 25, 6, 29, 75, 90, 16, 17, 36, 3, 10, 88, 98, 65, 69, 63, 93, 41, 13, 86, 64, 23, 30, 48, 60, 50, 27, 83, 9, 12, 56, 97, 85, 80, 58, 74, 43, 77, 47, 33, 8, 67, 71, 42, 1, 15, 45, 87, 78];[1, 68, 69, 70, 71, 8, 72, 9, 42, 74, 43, 12, 13, 77, 78, 15, 16, 84, 56, 57, 58, 28, 92, 95]"
14371.974043,-41951.000000,"[0, 81, 4, 57, 66, 52, 62, 26, 61, 94, 11, 70, 32, 20, 73, 2, 14, 28, 89, 51, 99, 37, 21, 22, 18, 44, 82, 79, 96, 53, 5, 55, 24, 35, 54, 38, 31, 92, 68, 46, 49, 39, 72, 95, 19, 34, 7, 91, 59, 76, 40, 84, 25, 6, 29, 75, 90, 16, 17, 36, 10, 3, 88, 98, 65, 69, 63, 93, 41, 13, 86, 64, 23, 30, 48, 60, 50, 27, 83, 9, 12, 56, 97, 85, 80, 58, 74, 43, 77, 47, 33, 8, 67, 71, 42, 1, 15, 45, 87, 78];[0, 1, 2, 3, 4, 8, 9, 10, 11, 12, 13, 15, 16, 17, 18, 19, 23, 24, 28, 31, 34, 35, 36, 37, 40, 41, 42, 43, 45, 47, 48, 49, 50, 51, 54, 56, 57, 58, 59, 60, 62, 64, 65, 66, 67, 68, 69, 70, 71, 72, 73, 74, 76, 77, 78, 80, 81, 82, 84, 85, 86, 87, 91, 92, 93, 94, 95, 96, 97, 98, 99]"
9257.475033,-22438.000000,"[0, 81, 4, 57, 66, 52, 62, 26, 61, 94, 11, 70, 32, 20, 73, 2, 14, 28, 89, 51, 99, 37, 21, 22, 18, 44, 82, 79, 96, 53, 5, 55, 24, 35, 54, 38, 31, 92, 68, 46, 49, 39, 72, 95, 19, 34, 7, 91, 59, 76, 40, 84, 25, 6, 29, 75, 90, 16, 17, 36, 10, 3, 88, 98, 65, 69, 63, 93, 41, 13, 86, 64, 23, 30, 48, 60, 50, 27, 83, 9, 12, 56, 97, 85, 80, 58, 74, 43, 77, 47, 33, 8, 67, 71, 42, 1, 15, 45, 87, 78];[1, 65, 67, 4, 68, 69, 70, 71, 8, 72, 9, 74, 12, 13, 77, 78, 15, 16, 17, 82, 84, 85, 23, 87, 28, 92, 97, 99, 42, 43, 47, 49, 56, 57, 58]"
13395.473518,-40103.000000,"[0, 81, 4, 57, 66, 52, 62, 26, 61, 94, 11, 70, 32, 20, 73, 2, 14, 28, 89, 51, 99, 37, 21, 22, 18, 44, 82, 79, 96, 53, 5, 55, 24, 35, 54, 38, 31, 92, 68, 46, 49, 39, 72, 95, 19, 34, 7, 91, 59, 76, 40, 84, 25, 6, 29, 75, 90, 16, 17, 36, 10, 3, 88, 98, 65, 69, 63, 93, 41, 13, 86, 64, 23, 30, 48, 60, 50, 27, 83, 9, 12, 56, 97, 85, 80, 58, 74, 43, 77, 47, 33, 8, 67, 71, 42, 1, 15, 45, 87, 78];[0, 1, 2, 3, 4, 6, 8, 9, 10, 11, 12, 13, 15, 16, 17, 18, 19, 20, 21, 23, 24, 28, 31, 34, 35, 36, 37, 40, 41, 42, 43, 45, 47, 48, 49, 50, 51, 54, 56, 57, 58, 59, 60, 64, 65, 66, 67, 68, 69, 70, 71, 72, 74, 76, 77, 78, 80, 82, 84, 85, 86, 87, 91, 92, 93, 94, 97, 98, 99]"
12885.457481,-39407.000000,"[0, 81, 4, 57, 66, 52, 62, 26, 61, 94, 11, 70, 32, 20, 73, 2, 14, 28, 89, 51, 99, 37, 21, 22, 18, 44, 82, 79, 96, 53, 5, 55, 24, 35, 54, 38, 31, 92, 68, 46, 49, 39, 72, 95, 19, 34, 7, 91, 59, 76, 40, 84, 25, 6, 29, 75, 90, 16, 17, 36, 10, 3, 88, 98, 65, 69, 63, 93, 41, 13, 86, 64, 23, 30, 48, 60, 50, 27, 83, 9, 12, 56, 97, 85, 80, 58, 74, 43, 77, 47, 33, 8, 67, 71, 42, 1, 15, 45, 87, 78];[0, 1, 2, 3, 4, 8, 9, 10, 12, 13, 15, 16, 17, 18, 19, 23, 28, 31, 34, 35, 36, 40, 41, 42, 43, 45, 47, 48, 49, 50, 51, 56, 57, 58, 59, 60, 62, 64, 65, 66, 67, 68, 69, 70, 71, 72, 73, 74, 76, 77, 78, 80, 81, 82, 84, 85, 86, 87, 91, 92, 93, 94, 95, 96, 97, 98, 99]"
8578.480612,-10455.000000,"[0, 78, 87, 45, 15, 1, 42, 71, 67, 8, 33, 47, 77, 43, 74, 58, 80, 85, 97, 56, 12, 9, 83, 27, 50, 60, 48, 30, 23, 64, 86, 13, 41, 93, 63, 69, 65, 98, 88, 3, 10, 36, 17, 16, 90, 75, 29, 6, 25, 84, 40, 76, 59, 91, 7, 34, 19, 95, 72, 39, 49, 46, 68, 92, 31, 38, 54, 35, 24, 55, 5, 53, 96, 79, 82, 44, 18, 22, 21, 37, 99, 51, 89, 28, 14, 2, 73, 20, 32, 70, 11, 94, 61, 26, 62, 52, 66, 57, 4, 81];[1, 66, 4, 68, 70, 71, 72, 12, 81, 82, 84, 21, 57, 28, 92, 62, 94]"
10265.310146,-30697.000000,"[0, 81, 4, 57, 66, 52, 62, 26, 61, 94, 11, 70, 32, 20, 73, 2, 14, 28, 89, 51, 99, 37, 21, 22, 18, 44, 82, 79, 96, 53, 5, 55, 24, 35, 54, 38, 31, 92, 68, 46, 49, 39, 72, 95, 19, 34, 7, 91, 59, 76, 40, 84, 25, 6, 29, 75, 90, 16, 17, 36, 3, 10, 88, 98, 65, 69, 63, 93, 41, 13, 86, 64, 23, 30, 48, 60, 50, 27, 83, 9, 12, 56, 97, 85, 80, 58, 74, 43, 77, 47, 33, 8, 67, 71, 42, 1, 15, 45, 87, 78];[1, 4, 8, 9, 12, 13, 15, 16, 17, 23, 28, 31, 34, 35, 36, 42, 43, 47, 48, 49, 56, 57, 58, 64, 65, 66, 67, 68, 69, 70, 71, 72, 74, 77, 78, 82, 84, 85, 86, 87, 91, 92, 93, 94, 95, 96, 97, 98, 99]"
13181.409085,-39963.000000,"[0, 81, 4, 57, 66, 52, 62, 26, 61, 94, 11, 70, 32, 20, 73, 2, 14, 28, 89, 51, 99, 37, 21, 22, 18, 44, 82, 79, 96, 53, 5, 55, 24, 35, 54, 38, 31, 92, 68, 46, 49, 39, 72, 95, 19, 34, 7, 91, 59, 76, 40, 84, 25, 6, 29, 75, 90, 16, 17, 36, 10, 3, 88, 98, 65, 69, 63, 93, 41, 13, 86, 64, 23, 30, 48, 60, 50, 27, 83, 9, 12, 56, 97, 85, 80, 58, 74, 43, 77, 47, 33, 8, 67, 71, 42, 1, 15, 45, 87, 78];[0, 1, 2, 3, 4, 8, 9, 10, 12, 13, 15, 16, 17, 18, 19, 23, 28, 31, 34, 35, 36, 40, 41, 42, 43, 45, 47, 48, 49, 50, 51, 54, 56, 57, 58, 59, 60, 62, 64, 65, 66, 67, 68, 69, 70, 71, 72, 73, 74, 76, 77, 78, 80, 81, 82, 84, 85, 86, 87, 91, 92, 93, 94, 96, 97, 98, 99]"
19557.218700,-45261.000000,"[0, 81, 4, 57, 66, 52, 62, 26, 61, 94, 11, 70, 32, 20, 73, 2, 14, 28, 89, 51, 99, 37, 21, 22, 44, 18, 82, 79, 96, 53, 5, 55, 24, 35, 54, 38, 31, 92, 68, 46, 49, 39, 72, 95, 19, 34, 7, 91, 59, 76, 40, 84, 25, 6, 29, 75, 90, 16, 17, 36, 10, 3, 88, 98, 65, 69, 63, 93, 41, 13, 86, 64, 23, 30, 48, 60, 50, 27, 83, 9, 12, 56, 97, 85, 80, 58, 74, 43, 77, 47, 33, 8, 67, 71, 42, 1, 15, 45, 87, 78];[0, 1, 2, 3, 4, 8, 9, 10, 11, 12, 13, 15, 16, 17, 18, 19, 20, 21, 22, 23, 24, 26, 27, 28, 29, 31, 32, 34, 35, 36, 37, 39, 40, 41, 42, 43, 44, 45, 47, 48, 49, 50, 51, 54, 55, 56, 57, 58, 59, 60, 61, 62, 63, 64, 65, 66, 67, 68, 69, 70, 71, 72, 73, 74, 76, 77, 78, 79, 80, 81, 82, 84, 85, 86, 87, 91, 92, 93, 94, 95, 96, 97, 98, 99]"
11908.998051,-37316.000000,"[0, 81, 4, 57, 66, 52, 62, 26, 61, 94, 11, 70, 32, 20, 73, 2, 14, 28, 89, 51, 99, 37, 21, 22, 18, 44, 82, 79, 96, 53, 5, 55, 24, 35, 54, 38, 31, 92, 68, 46, 49, 39, 72, 95, 19, 34, 7, 91, 59, 76, 40, 84, 25, 6, 29, 75, 90, 16, 17, 36, 10, 3, 88, 98, 65, 69, 63, 93, 41, 13, 86, 64, 23, 30, 48, 60, 50, 27, 83, 9, 12, 56, 97, 85, 80, 58, 74, 43, 77, 47, 33, 8, 67, 71, 42, 1, 15, 45, 87, 78];[0, 1, 2, 3, 4, 8, 9, 10, 12, 13, 15, 16, 17, 18, 19, 23, 28, 31, 34, 35, 36, 40, 41, 42, 43, 45, 47, 48, 49, 50, 51, 56, 57, 58, 59, 60, 64, 65, 66, 67, 68, 69, 70, 71, 72, 74, 76, 77, 78, 80, 82, 84, 85, 86, 87, 91, 92, 93, 94, 95, 96, 97, 98, 99]"
18760.107799,-45020.000000,"[0, 81, 4, 57, 66, 52, 62, 26, 61, 94, 11, 70, 32, 20, 73, 2, 14, 28, 89, 51, 99, 37, 21, 22, 18, 44, 82, 79, 96, 53, 5, 55, 24, 35, 54, 38, 31, 92, 68, 46, 49, 39, 72, 95, 19, 34, 7, 91, 59, 76, 40, 84, 25, 6, 29, 75, 90, 16, 17, 36, 10, 3, 88, 98, 65, 69, 63, 93, 41, 13, 86, 64, 23, 30, 48, 60, 50, 27, 83, 9, 12, 56, 97, 85, 80, 58, 74, 43, 77, 47, 33, 8, 67, 71, 42, 1, 15, 45, 87, 78];[0, 1, 2, 3, 4, 8, 9, 10, 11, 12, 13, 15, 16, 17, 18, 19, 20, 21, 22, 23, 24, 26, 27, 28, 31, 32, 34, 35, 36, 37, 39, 40, 41, 42, 43, 45, 47, 48, 49, 50, 51, 54, 56, 57, 58, 59, 60, 61, 62, 63, 64, 65, 66, 67, 68, 69, 70, 71, 72, 73, 74, 76, 77, 78, 79, 80, 81, 82, 84, 85, 86, 87, 91, 92, 93, 94, 95, 96, 97, 98, 99]"
17726.469689,-44580.000000,"[0, 81, 4, 57, 66, 52, 62, 26, 61, 94, 11, 70, 32, 20, 73, 2, 14, 28, 89, 51, 99, 37, 21, 22, 18, 44, 82, 79, 96, 53, 5, 55, 24, 35, 54, 38, 31, 92, 68, 46, 49, 39, 72, 95, 19, 34, 7, 91, 59, 76, 40, 84, 25, 6, 29, 75, 90, 16, 17, 36, 10, 3, 88, 98, 65, 69, 63, 93, 41, 13, 86, 64, 23, 30, 48, 60, 50, 27, 83, 9, 12, 56, 97, 85, 80, 58, 74, 43, 77, 47, 33, 8, 67, 71, 42, 1, 15, 45, 87, 78];[0, 1, 2, 3, 4, 8, 9, 10, 11, 12, 13, 15, 16, 17, 18, 19, 20, 21, 22, 23, 24, 26, 27, 28, 31, 32, 34, 35, 36, 37, 39, 40, 41, 42, 43, 45, 47, 48, 49, 50, 51, 54, 56, 57, 58, 59, 60, 62, 63, 64, 65, 66, 67, 68, 69, 70, 71, 72, 73, 74, 76, 77, 78, 80, 81, 82, 84, 85, 86, 87, 91, 92, 93, 94, 95, 96, 97, 98, 99]"
15309.434905,-42935.000000,"[0, 81, 4, 57, 66, 62, 52, 26, 61, 94, 11, 70, 32, 20, 73, 2, 14, 28, 89, 51, 99, 37, 21, 22, 18, 44, 82, 79, 96, 53, 5, 55, 24, 35, 54, 38, 31, 92, 68, 46, 49, 39, 72, 95, 19, 34, 7, 91, 59, 76, 40, 84, 25, 6, 29, 75, 90, 16, 17, 36, 10, 3, 88, 98, 65, 69, 63, 93, 41, 13, 86, 64, 23, 30, 48, 60, 50, 27, 83, 9, 12, 56, 97, 85, 80, 58, 74, 43, 77, 47, 33, 8, 67, 71, 42, 1, 15, 45, 87, 78];[0, 1, 2, 3, 4, 8, 9, 10, 11, 12, 13, 15, 16, 17, 18, 19, 20, 23, 24, 28, 31, 34, 35, 36, 37, 40, 41, 42, 43, 45, 47, 48, 49, 50, 51, 54, 56, 57, 58, 59, 60, 62, 63, 64, 65, 66, 67, 68, 69, 70, 71, 72, 73, 74, 76, 77, 78, 80, 81, 82, 84, 85, 86, 87, 91, 92, 93, 94, 95, 96, 97, 98, 99]"
10796.326698,-33597.000000,"[0, 81, 4, 57, 66, 52, 62, 26, 61, 94, 11, 70, 32, 20, 73, 2, 14, 28, 89, 51, 99, 37, 21, 22, 18, 44, 82, 79, 96, 53, 5, 55, 24, 35, 54, 38, 31, 92, 68, 46, 49, 39, 72, 95, 19, 34, 7, 91, 59, 76, 40, 84, 25, 6, 29, 75, 90, 16, 17, 36, 10, 3, 88, 98, 65, 69, 63, 93, 41, 13, 86, 64, 23, 30, 48, 60, 50, 27, 83, 9, 12, 56, 97, 85, 80, 58, 74, 43, 77, 47, 33, 8, 67, 71, 42, 1, 15, 45, 87, 78];[1, 4, 8, 9, 10, 12, 13, 15, 16, 17, 23, 27, 28, 31, 34, 35, 36, 40, 41, 42, 43, 45, 47, 48, 49, 50, 51, 56, 57, 58, 59, 60, 64, 65, 66, 67, 68, 69, 70, 71, 72, 74, 76, 77, 78, 82, 84, 85, 87, 91, 92, 93, 94, 97, 98, 99]"
12342.562570,-38249.000000,"[0, 81, 4, 57, 66, 52, 62, 26, 61, 94, 11, 70, 32, 20, 73, 2, 14, 28, 89, 51, 99, 37, 21, 22, 18, 44, 82, 79, 96, 53, 5, 55, 24, 35, 54, 38, 31, 92, 68, 46, 49, 39, 72, 95, 19, 34, 7, 91, 59, 76, 40, 84, 25, 6, 29, 75, 90, 16, 17, 36, 10, 3, 88, 98, 65, 69, 63, 93, 41, 13, 86, 64, 23, 30, 48, 60, 50, 27, 83, 9, 12, 56, 97, 85, 80, 58, 74, 43, 77, 47, 33, 8, 67, 71, 42, 1, 15, 45, 87, 78];[1, 2, 3, 4, 8, 9, 10, 12, 13, 15, 16, 17, 18, 19, 23, 28, 31, 34, 35, 36, 40, 41, 42, 43, 45, 47, 48, 49, 50, 51, 56, 57, 58, 59, 60, 62, 64, 65, 66, 67, 68, 69, 70, 71, 72, 74, 76, 77, 78, 80, 81, 82, 84, 85, 86, 87, 91, 92, 93, 94, 95, 96, 97, 98, 99]"
13022.432929,-39751.000000,"[0, 81, 4, 57, 66, 52, 62, 26, 61, 94, 11, 70, 32, 20, 73, 2, 14, 28, 89, 51, 99, 37, 21, 22, 18, 44, 82, 79, 96, 53, 5, 55, 24, 35, 54, 38, 31, 92, 68, 46, 49, 39, 72, 95, 19, 34, 7, 91, 59, 76, 40, 84, 25, 6, 29, 75, 90, 16, 17, 36, 10, 3, 88, 98, 65, 69, 63, 93, 41, 13, 86, 64, 23, 30, 48, 60, 50, 27, 83, 9, 12, 56, 97, 85, 80, 58, 74, 43, 77, 47, 33, 8, 67, 71, 42, 1, 15, 45, 87, 78];[0, 1, 2, 3, 4, 8, 9, 10, 12, 13, 15, 16, 17, 18, 19, 23, 27, 28, 31, 34, 35, 36, 40, 41, 42, 43, 45, 47, 48, 49, 50, 51, 54, 56, 57, 58, 59, 60, 62, 64, 65, 66, 67, 68, 69, 70, 71, 72, 74, 76, 77, 78, 80, 81, 82, 84, 85, 86, 87, 91, 92, 93, 94, 95, 96, 97, 98, 99]"
19367.738401,-45210.000000,"[0, 81, 4, 57, 66, 52, 62, 26, 61, 94, 11, 70, 32, 20, 73, 2, 14, 28, 89, 51, 99, 37, 21, 22, 18, 44, 82, 79, 96, 53, 5, 55, 24, 35, 54, 38, 31, 92, 68, 46, 49, 39, 72, 95, 19, 34, 7, 91, 59, 76, 40, 84, 25, 6, 29, 75, 90, 16, 17, 36, 10, 3, 88, 98, 65, 69, 63, 93, 41, 13, 86, 64, 23, 30, 48, 60, 50, 27, 83, 9, 12, 56, 97, 85, 80, 58, 74, 43, 77, 47, 33, 8, 67, 71, 42, 1, 15, 45, 87, 78];[0, 1, 2, 3, 4, 8, 9, 10, 11, 12, 13, 15, 16, 17, 18, 19, 20, 21, 22, 23, 24, 26, 27, 28, 31, 32, 34, 35, 36, 37, 39, 40, 41, 42, 43, 44, 45, 47, 48, 49, 50, 51, 54, 55, 56, 57, 58, 59, 60, 61, 62, 63, 64, 65, 66, 67, 68, 69, 70, 71, 72, 73, 74, 76, 77, 78, 79, 80, 81, 82, 84, 85, 86, 87, 91, 92, 93, 94, 95, 96, 97, 98, 99]"
14969.880118,-42611.000000,"[0, 81, 4, 57, 66, 52, 62, 26, 61, 94, 11, 70, 32, 20, 73, 2, 14, 28, 89, 51, 99, 37, 21, 22, 18, 44, 82, 79, 96, 53, 5, 55, 24, 35, 54, 38, 31, 92, 68, 46, 49, 39, 72, 95, 19, 34, 7, 91, 59, 76, 40, 84, 25, 6, 29, 75, 90, 16, 17, 36, 10, 3, 88, 98, 65, 69, 63, 93, 41, 13, 86, 64, 23, 30, 48, 60, 50, 27, 83, 9, 12, 56, 97, 85, 80, 58, 74, 43, 77, 47, 33, 8, 67, 71, 42, 1, 15, 45, 87, 78];[0, 1, 2, 3, 4, 8, 9, 10, 11, 12, 13, 15, 16, 17, 18, 19, 20, 21, 23, 24, 28, 31, 34, 35, 36, 37, 40, 41, 42, 43, 45, 47, 48, 49, 50, 51, 54, 56, 57, 58, 59, 60, 62, 64, 65, 66, 67, 68, 69, 70, 71, 72, 73, 74, 76, 77, 78, 80, 81, 82, 84, 85, 86, 87, 91, 92, 93, 94, 95, 96, 97, 98, 99]"
8601.513353,-11062.000000,"[0, 78, 87, 45, 15, 1, 42, 71, 67, 8, 33, 47, 77, 43, 74, 58, 80, 85, 97, 56, 12, 9, 83, 27, 50, 60, 48, 30, 23, 64, 86, 13, 41, 93, 63, 69, 65, 98, 88, 3, 10, 36, 17, 16, 90, 75, 29, 6, 25, 84, 40, 76, 59, 91, 7, 34, 19, 95, 72, 39, 49, 46, 68, 92, 31, 38, 54, 35, 24, 55, 5, 53, 96, 79, 82, 44, 18, 22, 21, 37, 99, 51, 89, 28, 14, 2, 73, 20, 32, 70, 11, 94, 61, 26, 62, 52, 66, 57, 4, 81];[1, 66, 4, 68, 70, 71, 72, 12, 81, 82, 21, 56, 57, 58, 28, 92, 62, 94]"
15977.096219,-43551.000000,"[0, 81, 4, 57, 66, 52, 62, 26, 61, 94, 11, 70, 32, 20, 73, 2, 14, 28, 89, 51, 99, 37, 21, 22, 18, 44, 82, 79, 96, 53, 5, 55, 24, 35, 54, 38, 31, 92, 68, 46, 49, 39, 72, 95, 19, 34, 7, 91, 59, 76, 40, 84, 25, 6, 29, 75, 90, 16, 17, 36, 10, 3, 88, 98, 65, 69, 63, 93, 41, 13, 86, 64, 23, 30, 48, 60, 50, 27, 83, 9, 12, 56, 97, 85, 80, 58, 74, 43, 77, 47, 33, 8, 67, 71, 42, 1, 15, 45, 87, 78];[0, 1, 2, 3, 4, 8, 9, 10, 11, 12, 13, 15, 16, 17, 18, 19, 20, 21, 22, 23, 24, 26, 27, 28, 31, 34, 35, 36, 37, 40, 41, 42, 43, 45, 47, 48, 49, 50, 51, 54, 56, 57, 58, 59, 60, 62, 64, 65, 66, 67, 68, 69, 70, 71, 72, 73, 74, 76, 77, 78, 80, 81, 82, 84, 85, 86, 87, 91, 92, 93, 94, 96, 97, 98, 99]"
15481.117900,-43138.000000,"[0, 81, 4, 57, 66, 52, 62, 26, 61, 94, 11, 70, 32, 20, 73, 2, 14, 28, 89, 51, 99, 37, 21, 22, 18, 44, 82, 79, 96, 53, 5, 55, 24, 35, 54, 38, 31, 92, 68, 46, 49, 39, 72, 95, 19, 34, 7, 91, 59, 76, 40, 84, 25, 6, 29, 75, 90, 16, 17, 36, 10, 3, 88, 98, 65, 69, 63, 93, 41, 13, 86, 64, 23, 30, 48, 60, 50, 27, 83, 9, 12, 56, 97, 85, 80, 58, 74, 43, 77, 47, 33, 8, 67, 71, 42, 1, 15, 45, 87, 78];[0, 1, 2, 3, 4, 8, 9, 10, 11, 12, 13, 15, 16, 17, 18, 19, 20, 23, 24, 27, 28, 31, 34, 35, 36, 37, 40, 41, 42, 43, 45, 47, 48, 49, 50, 51, 54, 56, 57, 58, 59, 60, 62, 63, 64, 65, 66, 67, 68, 69, 70, 71, 72, 73, 74, 76, 77, 78, 80, 81, 82, 84, 85, 86, 87, 91, 92, 93, 94, 95, 96, 97, 98, 99]"
9946.699991,-28773.000000,"[0, 81, 4, 57, 66, 52, 62, 26, 61, 94, 11, 70, 32, 20, 73, 2, 14, 28, 89, 51, 99, 37, 21, 22, 18, 44, 82, 79, 96, 53, 5, 55, 24, 35, 54, 38, 31, 92, 68, 46, 49, 39, 72, 95, 19, 34, 7, 91, 59, 76, 40, 84, 25, 6, 29, 75, 90, 16, 17, 36, 10, 3, 88, 98, 65, 69, 63, 93, 41, 13, 86, 64, 23, 30, 48, 60, 50, 27, 83, 9, 12, 56, 97, 85, 80, 58, 74, 43, 77, 47, 33, 8, 67, 71, 42, 1, 15, 45, 87, 78];[64, 1, 65, 66, 67, 4, 68, 69, 70, 71, 8, 72, 9, 10, 74, 12, 13, 77, 78, 15, 16, 17, 82, 84, 85, 86, 23, 87, 28, 92, 93, 31, 97, 34, 35, 99, 36, 42, 43, 47, 48, 49, 56, 57, 58]"
9022.973018,-18619.000000,"[0, 81, 4, 57, 66, 52, 62, 26, 61, 94, 11, 70, 32, 20, 73, 2, 14, 28, 89, 51, 99, 37, 21, 22, 18, 44, 82, 79, 96, 53, 5, 55, 24, 35, 54, 38, 31, 92, 68, 46, 49, 39, 72, 95, 19, 34, 7, 91, 59, 76, 40, 84, 25, 6, 29, 75, 90, 16, 17, 36, 10, 3, 88, 98, 65, 69, 63, 93, 41, 13, 86, 64, 23, 30, 48, 60, 50, 27, 83, 9, 12, 56, 97, 85, 80, 58, 74, 43, 77, 47, 33, 8, 67, 71, 42, 1, 15, 45, 87, 78];[1, 67, 4, 68, 69, 70, 71, 8, 72, 9, 74, 12, 13, 77, 78, 15, 16, 82, 84, 85, 87, 28, 92, 97, 99, 42, 43, 56, 57, 58]"
9460.639181,-24428.000000,"[0, 81, 4, 57, 66, 52, 62, 26, 61, 94, 11, 70, 32, 20, 73, 2, 14, 28, 89, 51, 99, 37, 21, 22, 18, 44, 82, 79, 96, 53, 5, 55, 24, 35, 54, 38, 31, 92, 68, 46, 49, 39, 72, 95, 19, 34, 7, 91, 59, 76, 40, 84, 25, 6, 29, 75, 90, 16, 17, 36, 10, 3, 88, 98, 65, 69, 63, 93, 41, 13, 86, 64, 23, 30, 48, 60, 50, 27, 83, 9, 12, 56, 97, 85, 80, 58, 74, 43, 77, 47, 33, 8, 67, 71, 42, 1, 15, 45, 87, 78];[64, 1, 65, 66, 67, 68, 69, 70, 71, 8, 72, 9, 74, 12, 13, 77, 78, 15, 16, 82, 84, 85, 86, 23, 87, 28, 92, 93, 94, 97, 98, 99, 42, 43, 47, 49, 56, 57, 58]"
15123.423280,-42791.000000,"[0, 81, 4, 57, 66, 52, 62, 26, 61, 94, 11, 70, 32, 20, 73, 2, 14, 28, 89, 51, 99, 37, 21, 22, 18, 44, 82, 79, 96, 53, 5, 55, 24, 35, 54, 38, 31, 92, 68, 46, 49, 39, 72, 95, 19, 34, 7, 91, 59, 76, 40, 84, 25, 6, 29, 75, 90, 16, 17, 36, 10, 3, 88, 98, 65, 69, 63, 93, 41, 13, 86, 64, 23, 30, 48, 60, 50, 27, 83, 9, 12, 56, 97, 85, 80, 58, 74, 43, 77, 47, 33, 8, 67, 71, 42, 1, 15, 45, 87, 78];[0, 1, 2, 3, 4, 8, 9, 10, 11, 12, 13, 15, 16, 17, 18, 19, 20, 23, 24, 27, 28, 31, 34, 35, 36, 37, 40, 41, 42, 43, 45, 47, 48, 49, 50, 51, 54, 56, 57, 58, 59, 60, 62, 64, 65, 66, 67, 68, 69, 70, 71, 72, 73, 74, 76, 77, 78, 80, 81, 82, 84, 85, 86, 87, 91, 92, 93, 94, 95, 96, 97, 98, 99]"
8927.151202,-17658.000000,"[0, 81, 4, 57, 66, 52, 62, 26, 61, 94, 11, 70, 32, 20, 73, 2, 14, 28, 89, 51, 99, 37, 21, 22, 18, 44, 82, 79, 96, 53, 5, 55, 24, 35, 54, 38, 31, 92, 68, 46, 49, 39, 72, 95, 19, 34, 7, 91, 59, 76, 40, 84, 25, 6, 29, 75, 90, 16, 17, 36, 10, 3, 88, 98, 65, 69, 63, 93, 41, 13, 86, 64, 23, 30, 48, 60, 50, 27, 83, 9, 12, 56, 97, 85, 80, 58, 74, 43, 77, 47, 33, 8, 67, 71, 42, 1, 15, 45, 87, 78];[1, 67, 68, 69, 70, 71, 8, 72, 9, 74, 12, 13, 77, 78, 15, 16, 82, 84, 85, 87, 28, 92, 97, 99, 42, 43, 56, 57, 58]"
10425.268257,-31553.000000,"[0, 81, 4, 57, 66, 52, 62, 26, 61, 94, 11, 70, 32, 20, 73, 2, 14, 28, 89, 51, 99, 37, 21, 22, 18, 44, 82, 79, 96, 53, 5, 55, 24, 35, 54, 38, 31, 92, 68, 46, 49, 39, 72, 95, 19, 34, 7, 91, 59, 76, 40, 84, 25, 6, 29, 75, 90, 16, 17, 36, 3, 10, 88, 98, 65, 69, 63, 93, 41, 13, 86, 64, 23, 30, 48, 60, 50, 27, 83, 9, 12, 56, 97, 85, 80, 58, 74, 43, 77, 47, 33, 8, 67, 71, 42, 1, 15, 45, 87, 78];[1, 8, 9, 10, 12, 13, 15, 16, 17, 23, 28, 31, 34, 35, 36, 40, 41, 42, 43, 45, 47, 48, 49, 50, 51, 56, 57, 58, 59, 60, 64, 65, 66, 67, 68, 69, 70, 71, 72, 74, 76, 77, 78, 82, 84, 85, 87, 92, 93, 94, 97, 98, 99]"
9931.858479,-28242.000000,"[0, 81, 4, 57, 66, 52, 62, 26, 61, 94, 11, 70, 32, 20, 73, 2, 14, 28, 89, 51, 99, 37, 21, 22, 18, 44, 82, 79, 96, 53, 5, 55, 24, 35, 54, 38, 31, 92, 68, 46, 49, 39, 72, 95, 19, 34, 7, 91, 59, 76, 40, 84, 25, 6, 29, 75, 90, 16, 17, 36, 10, 3, 88, 98, 65, 69, 63, 93, 41, 13, 86, 64, 23, 30, 48, 60, 50, 27, 83, 9, 12, 56, 97, 85, 80, 58, 74, 43, 77, 47, 33, 8, 67, 71, 42, 1, 15, 45, 87, 78];[64, 1, 65, 67, 4, 68, 69, 70, 71, 8, 72, 9, 10, 74, 12, 13, 77, 78, 15, 16, 17, 82, 84, 85, 23, 87, 27, 28, 92, 93, 31, 97, 34, 35, 99, 36, 40, 41, 42, 43, 47, 48, 49, 56, 57, 58]"
11611.929116,-36417.000000,"[0, 81, 4, 57, 66, 52, 62, 26, 61, 94, 11, 70, 32, 20, 73, 2, 14, 28, 89, 51, 99, 37, 21, 22, 18, 44, 82, 79, 96, 53, 5, 55, 24, 35, 54, 38, 31, 92, 68, 46, 49, 39, 72, 95, 19, 34, 7, 91, 59, 76, 40, 84, 25, 6, 29, 75, 90, 16, 17, 36, 10, 3, 88, 98, 65, 69, 63, 93, 41, 13, 86, 64, 23, 30, 48, 60, 50, 27, 83, 9, 12, 56, 97, 85, 80, 58, 74, 43, 77, 47, 33, 8, 67, 71, 42, 1, 15, 45, 87, 78];[0, 1, 2, 3, 4, 8, 9, 10, 12, 13, 15, 16, 17, 23, 27, 28, 31, 34, 35, 36, 40, 41, 42, 43, 45, 47, 48, 49, 50, 51, 56, 57, 58, 59, 60, 64, 65, 66, 67, 68, 69, 70, 71, 72, 74, 76, 77, 78, 80, 82, 84, 85, 86, 87, 91, 92, 93, 94, 95, 96, 97, 98, 99]"
12175.954403,-37857.000000,"[0, 81, 4, 57, 66, 52, 62, 26, 61, 94, 11, 70, 32, 20, 73, 2, 14, 28, 89, 51, 99, 37, 21, 22, 18, 44, 82, 79, 96, 53, 5, 55, 24, 35, 54, 38, 31, 92, 68, 46, 49, 39, 72, 95, 19, 34, 7, 91, 59, 76, 40, 84, 25, 6, 29, 75, 90, 16, 17, 36, 10, 3, 88, 98, 65, 69, 63, 93, 41, 13, 86, 64, 23, 30, 48, 60, 50, 27, 83, 9, 12, 56, 97, 85, 80, 58, 74, 43, 77, 47, 33, 8, 67, 71, 42, 1, 15, 45, 87, 78];[1, 2, 3, 4, 8, 9, 10, 12, 13, 15, 16, 17, 18, 19, 23, 27, 28, 31, 34, 35, 36, 40, 41, 42, 43, 45, 47, 48, 49, 50, 51, 54, 56, 57, 58, 59, 60, 62, 64, 65, 66, 67, 68, 69, 70, 71, 72, 74, 76, 77, 78, 80, 82, 84, 85, 86, 87, 91, 92, 93, 94, 97, 98, 99]"
10562.325182,-32514.000000,"[0, 81, 4, 57, 66, 52, 62, 26, 61, 94, 11, 70, 32, 20, 73, 2, 14, 28, 89, 51, 99, 37, 21, 22, 18, 44, 82, 79, 96, 53, 5, 55, 24, 35, 54, 38, 31, 92, 68, 46, 49, 39, 72, 95, 19, 34, 7, 91, 59, 76, 40, 84, 25, 6, 29, 75, 90, 16, 17, 36, 10, 3, 88, 98, 65, 69, 63, 93, 41, 13, 86, 64, 23, 30, 48, 60, 50, 27, 83, 9, 12, 56, 97, 85, 80, 58, 74, 43, 77, 47, 33, 8, 67, 71, 42, 1, 15, 45, 87, 78];[1, 4, 8, 9, 10, 12, 13, 15, 16, 17, 23, 28, 31, 34, 35, 36, 40, 41, 42, 43, 45, 47, 48, 49, 50, 51, 56, 57, 58, 59, 60, 64, 65, 66, 67, 68, 69, 70, 71, 72, 74, 76, 77, 78, 82, 84, 85, 87, 92, 93, 94, 97, 98, 99]"
10447.047306,-32036.000000,"[0, 81, 4, 57, 66, 52, 62, 26, 61, 94, 11, 70, 32, 20, 73, 2, 14, 28, 89, 51, 99, 37, 21, 22, 18, 44, 82, 79, 96, 53, 5, 55, 24, 35, 54, 38, 31, 92, 68, 46, 49, 39, 72, 95, 19, 34, 7, 91, 59, 76, 40, 84, 25, 6, 29, 75, 90, 16, 17, 36, 3, 10, 88, 98, 65, 69, 63, 93, 41, 13, 86, 64, 23, 30, 48, 60, 50, 27, 83, 9, 12, 56, 97, 85, 80, 58, 74, 43, 77, 47, 33, 8, 67, 71, 42, 1, 15, 45, 87, 78];[1, 4, 8, 9, 10, 12, 13, 15, 16, 17, 23, 28, 31, 34, 35, 36, 40, 41, 42, 43, 45, 47, 48, 49, 50, 51, 56, 57, 58, 64, 65, 66, 67, 68, 69, 70, 71, 72, 74, 77, 78, 82, 84, 85, 86, 87, 92, 93, 94, 95, 97, 98, 99]"
16435.932521,-43944.000000,"[0, 81, 4, 57, 66, 62, 52, 26, 61, 94, 11, 70, 32, 20, 73, 2, 14, 28, 89, 51, 99, 37, 21, 22, 18, 44, 82, 79, 96, 53, 5, 55, 24, 35, 54, 38, 31, 92, 68, 46, 49, 39, 72, 95, 19, 34, 7, 91, 59, 76, 40, 84, 25, 6, 29, 75, 90, 16, 17, 36, 10, 3, 88, 98, 65, 69, 63, 93, 41, 13, 86, 64, 23, 30, 48, 60, 50, 27, 83, 9, 12, 56, 97, 85, 80, 58, 74, 43, 77, 47, 33, 8, 67, 71, 42, 1, 15, 45, 87, 78];[0, 1, 2, 3, 4, 8, 9, 10, 11, 12, 13, 15, 16, 17, 18, 19, 20, 22, 23, 24, 26, 27, 28, 31, 34, 35, 36, 37, 40, 41, 42, 43, 45, 47, 48, 49, 50, 51, 54, 56, 57, 58, 59, 60, 62, 63, 64, 65, 66, 67, 68, 69, 70, 71, 72, 73, 74, 76, 77, 78, 80, 81, 82, 84, 85, 86, 87, 91, 92, 93, 94, 95, 96, 97, 98, 99]"
12706.694883,-39126.000000,"[0, 81, 4, 57, 66, 52, 62, 26, 61, 94, 11, 70, 32, 20, 73, 2, 14, 28, 89, 51, 99, 37, 21, 22, 44, 18, 82, 79, 96, 53, 5, 55, 24, 35, 54, 38, 31, 92, 68, 46, 49, 39, 72, 95, 19, 34, 7, 91, 59, 76, 40, 84, 25, 6, 29, 75, 90, 16, 17, 36, 10, 3, 88, 98, 65, 69, 63, 93, 41, 13, 86, 64, 23, 30, 48, 60, 50, 27, 83, 9, 12, 56, 97, 85, 80, 58, 74, 43, 77, 47, 33, 8, 67, 71, 42, 1, 15, 45, 87, 78];[0, 1, 2, 3, 4, 8, 9, 10, 12, 13, 15, 16, 17, 18, 19, 23, 27, 28, 31, 34, 35, 36, 40, 41, 42, 43, 45, 47, 48, 49, 50, 51, 56, 57, 58, 59, 60, 62, 64, 65, 66, 67, 68, 69, 70, 71, 72, 74, 76, 77, 78, 80, 81, 82, 84, 85, 86, 87, 91, 92, 93, 94, 95, 96, 97, 98, 99]"
19020.437905,-45098.000000,"[0, 81, 4, 57, 66, 52, 62, 26, 61, 94, 11, 70, 32, 20, 73, 2, 14, 28, 89, 51, 99, 37, 21, 22, 18, 44, 82, 79, 96, 53, 5, 55, 24, 35, 54, 38, 31, 92, 68, 46, 49, 39, 72, 95, 19, 34, 7, 91, 59, 76, 40, 84, 25, 6, 29, 75, 90, 16, 17, 36, 10, 3, 88, 98, 65, 69, 63, 93, 41, 13, 86, 64, 23, 30, 48, 60, 50, 27, 83, 9, 12, 56, 97, 85, 80, 58, 74, 43, 77, 47, 33, 8, 67, 71, 42, 1, 15, 45, 87, 78];[0, 1, 2, 3, 4, 8, 9, 10, 11, 12, 13, 15, 16, 17, 18, 19, 20, 21, 22, 23, 24, 26, 27, 28, 31, 32, 34, 35, 36, 37, 39, 40, 41, 42, 43, 45, 47, 48, 49, 50, 51, 54, 55, 56, 57, 58, 59, 60, 61, 62, 63, 64, 65, 66, 67, 68, 69, 70, 71, 72, 73, 74, 76, 77, 78, 79, 80, 81, 82, 84, 85, 86, 87, 91, 92, 93, 94, 95, 96, 97, 98, 99]"
9294.844751,-22729.000000,"[0, 81, 4, 57, 66, 52, 62, 26, 61, 94, 11, 70, 32, 20, 73, 2, 14, 28, 89, 51, 99, 37, 21, 22, 18, 44, 82, 79, 96, 53, 5, 55, 24, 35, 54, 38, 31, 92, 68, 46, 49, 39, 72, 95, 19, 34, 7, 91, 59, 76, 40, 84, 25, 6, 29, 75, 90, 16, 17, 36, 10, 3, 88, 98, 65, 69, 63, 93, 41, 13, 86, 64, 23, 30, 48, 60, 50, 27, 83, 9, 12, 56, 97, 85, 80, 58, 74, 43, 77, 47, 33, 8, 67, 71, 42, 1, 15, 45, 87, 78];[1, 65, 3, 67, 4, 68, 69, 70, 71, 8, 72, 9, 74, 12, 13, 77, 78, 15, 16, 17, 82, 84, 85, 23, 87, 28, 92, 97, 99, 42, 43, 47, 49, 56, 57, 58]"
10304.319053,-31053.000000,"[0, 81, 4, 57, 66, 52, 62, 26, 61, 94, 11, 70, 32, 20, 73, 2, 14, 28, 89, 51, 99, 37, 21, 22, 18, 44, 82, 79, 96, 53, 5, 55, 24, 35, 54, 38, 31, 92, 68, 46, 49, 39, 72, 95, 19, 34, 7, 91, 59, 76, 40, 84, 25, 6, 29, 75, 90, 16, 17, 36, 10, 3, 88, 98, 65, 69, 63, 93, 41, 13, 86, 64, 23, 30, 48, 60, 50, 27, 83, 9, 12, 56, 97, 85, 80, 58, 74, 43, 77, 47, 33, 8, 67, 71, 42, 1, 15, 45, 87, 78];[1, 4, 8, 9, 12, 13, 15, 16, 17, 23, 28, 31, 34, 35, 36, 42, 43, 47, 48, 49, 56, 57, 58, 64, 65, 66, 67, 68, 69, 70, 71, 72, 74, 76, 77, 78, 80, 82, 84, 85, 86, 87, 91, 92, 93, 94, 97, 98, 99]"
18271.135684,-44814.000000,"[0, 81, 4, 57, 66, 52, 62, 26, 61, 94, 11, 70, 32, 20, 73, 2, 14, 28, 89, 51, 99, 37, 21, 22, 18, 44, 82, 79, 96, 53, 5, 55, 24, 35, 54, 38, 31, 92, 68, 46, 49, 39, 72, 95, 19, 34, 7, 91, 59, 76, 40, 84, 25, 6, 29, 75, 90, 16, 17, 36, 10, 3, 88, 98, 65, 69, 63, 93, 41, 13, 86, 64, 23, 30, 48, 60, 50, 27, 83, 9, 12, 56, 97, 85, 80, 58, 74, 43, 77, 47, 33, 8, 67, 71, 42, 1, 15, 45, 87, 78];[0, 1, 2, 3, 4, 6, 8, 9, 10, 11, 12, 13, 15, 16, 17, 18, 19, 20, 22, 23, 24, 26, 27, 28, 31, 34, 35, 36, 37, 39, 40, 41, 42, 43, 44, 45, 47, 48, 49, 50, 51, 54, 55, 56, 57, 58, 59, 60, 61, 62, 63, 64, 65, 66, 67, 68, 69, 70, 71, 72, 73, 74, 76, 77, 78, 79, 80, 81, 82, 84, 85, 86, 87, 91, 92, 93, 94, 95, 96, 97, 98, 99]"
15827.674677,-43313.000000,"[0, 81, 4, 57, 66, 52, 62, 26, 61, 94, 11, 70, 32, 20, 73, 2, 14, 28, 89, 51, 99, 37, 21, 22, 18, 44, 82, 79, 96, 53, 5, 55, 24, 35, 54, 38, 31, 92, 68, 46, 49, 39, 72, 95, 19, 34, 7, 91, 59, 76, 40, 84, 25, 6, 29, 75, 90, 16, 17, 36, 10, 3, 88, 98, 65, 69, 63, 93, 41, 13, 86, 64, 23, 30, 48, 60, 50, 27, 83, 9, 12, 56, 97, 85, 80, 58, 74, 43, 77, 47, 33, 8, 67, 71, 42, 1, 15, 45, 87, 78];[0, 1, 2, 3, 4, 6, 8, 9, 10, 11, 12, 13, 15, 16, 17, 18, 19, 20, 21, 22, 23, 24, 26, 27, 28, 31, 34, 35, 36, 37, 40, 41, 42, 43, 45, 47, 48, 49, 50, 51, 54, 56, 57, 58, 59, 60, 61, 62, 64, 65, 66, 67, 68, 69, 70, 71, 72, 74, 76, 77, 78, 80, 81, 82, 84, 85, 86, 87, 91, 92, 93, 94, 95, 96, 97, 98, 99]"
8894.506835,-16833.000000,"[0, 81, 4, 57, 66, 52, 62, 26, 61, 94, 11, 70, 32, 20, 73, 2, 14, 28, 89, 51, 99, 37, 21, 22, 18, 44, 82, 79, 96, 53, 5, 55, 24, 35, 54, 38, 31, 92, 68, 46, 49, 39, 72, 95, 19, 34, 7, 91, 59, 76, 40, 84, 25, 6, 29, 75, 90, 16, 17, 36, 10, 3, 88, 98, 65, 69, 63, 93, 41, 13, 86, 64, 23, 30, 48, 60, 50, 27, 83, 9, 12, 56, 97, 85, 80, 58, 74, 43, 77, 47, 33, 8, 67, 71, 42, 1, 15, 45, 87, 78];[1, 67, 68, 69, 70, 71, 8, 72, 9, 74, 12, 13, 77, 78, 15, 16, 82, 84, 85, 87, 28, 92, 94, 42, 43, 56, 57, 58]"
19930.012685,-45310.000000,"[0, 81, 4, 57, 66, 52, 62, 26, 61, 94, 11, 70, 32, 20, 73, 2, 14, 28, 89, 51, 99, 37, 21, 22, 44, 18, 82, 79, 96, 53, 5, 55, 24, 35, 54, 38, 31, 92, 68, 46, 49, 39, 72, 95, 19, 34, 7, 91, 59, 76, 40, 84, 25, 6, 29, 75, 90, 16, 17, 36, 10, 3, 88, 98, 65, 69, 63, 93, 41, 13, 86, 64, 23, 30, 48, 60, 50, 27, 83, 9, 12, 56, 97, 85, 80, 58, 74, 43, 77, 47, 33, 8, 67, 71, 42, 1, 15, 45, 87, 78];[0, 1, 2, 3, 4, 6, 8, 9, 10, 11, 12, 13, 15, 16, 17, 18, 19, 20, 22, 23, 24, 26, 27, 28, 31, 32, 34, 35, 36, 37, 39, 40, 41, 42, 43, 44, 47, 48, 49, 50, 51, 54, 56, 57, 58, 59, 60, 61, 62, 63, 64, 65, 66, 67, 68, 69, 70, 71, 72, 73, 74, 76, 77, 78, 79, 80, 81, 82, 84, 85, 86, 87, 90, 91, 92, 93, 94, 95, 96, 97, 98, 99]"
15675.105709,-43198.000000,"[0, 81, 4, 57, 66, 52, 62, 26, 61, 94, 11, 70, 32, 20, 73, 2, 14, 28, 89, 51, 99, 37, 21, 22, 18, 44, 82, 79, 96, 53, 5, 55, 24, 35, 54, 38, 31, 92, 68, 46, 49, 39, 72, 95, 19, 34, 7, 91, 59, 76, 40, 84, 25, 6, 29, 75, 90, 16, 17, 36, 10, 3, 88, 98, 65, 69, 63, 93, 41, 13, 86, 64, 23, 30, 48, 60, 50, 27, 83, 9, 12, 56, 97, 85, 80, 58, 74, 43, 77, 47, 33, 8, 67, 71, 42, 1, 15, 45, 87, 78];[0, 1, 2, 3, 4, 6, 8, 9, 10, 11, 12, 13, 15, 16, 17, 18, 19, 20, 21, 23, 24, 28, 31, 34, 35, 36, 37, 39, 40, 41, 42, 43, 45, 47, 48, 49, 50, 51, 54, 56, 57, 58, 59, 60, 62, 63, 64, 65, 66, 67, 68, 69, 70, 71, 72, 73, 74, 76, 77, 78, 80, 81, 82, 84, 85, 86, 87, 91, 92, 93, 94, 95, 96, 97, 98, 99]"
16853.148273,-44184.000000,"[0, 81, 4, 57, 66, 52, 62, 26, 61, 94, 11, 70, 32, 20, 73, 2, 14, 28, 89, 51, 99, 37, 21, 22, 44, 18, 82, 79, 96, 53, 5, 55, 24, 35, 54, 38, 31, 92, 68, 46, 49, 39, 72, 95, 19, 34, 7, 91, 59, 76, 40, 84, 25, 6, 29, 75, 90, 16, 17, 36, 10, 3, 88, 98, 65, 69, 63, 93, 41, 13, 86, 64, 23, 30, 48, 60, 50, 27, 83, 9, 12, 56, 97, 85, 80, 58, 74, 43, 77, 47, 33, 8, 67, 71, 42, 1, 15, 45, 87, 78];[0, 1, 2, 3, 4, 6, 8, 9, 10, 11, 12, 13, 15, 16, 17, 18, 19, 20, 22, 23, 24, 26, 27, 28, 31, 34, 35, 36, 37, 39, 40, 41, 42, 43, 45, 47, 48, 49, 50, 51, 54, 56, 57, 58, 59, 60, 62, 63, 64, 65, 66, 67, 68, 69, 70, 71, 72, 73, 74, 76, 77, 78, 80, 81, 82, 84, 85, 86, 87, 91, 92, 93, 94, 95, 96, 97, 98, 99]"
9625.911127,-25229.000000,"[0, 81, 4, 57, 66, 52, 62, 26, 61, 94, 11, 70, 32, 20, 73, 2, 14, 28, 89, 51, 99, 37, 21, 22, 18, 44, 82, 79, 96, 53, 5, 55, 24, 35, 54, 38, 31, 92, 68, 46, 49, 39, 72, 95, 19, 34, 7, 91, 59, 76, 40, 84, 25, 6, 29, 75, 90, 16, 17, 36, 10, 3, 88, 98, 65, 69, 63, 93, 41, 13, 86, 64, 23, 30, 48, 60, 50, 27, 83, 9, 12, 56, 97, 85, 80, 58, 74, 43, 77, 47, 33, 8, 67, 71, 42, 1, 15, 45, 87, 78];[64, 1, 66, 67, 4, 68, 69, 70, 71, 8, 72, 9, 10, 74, 12, 13, 77, 78, 15, 16, 17, 82, 84, 85, 86, 23, 87, 92, 93, 94, 97, 98, 99, 42, 43, 47, 49, 56, 57, 58]"
19821.257572,-45283.000000,"[0, 81, 4, 57, 66, 52, 62, 26, 61, 94, 11, 70, 32, 20, 73, 2, 14, 28, 89, 51, 99, 37, 21, 22, 18, 44, 82, 79, 96, 53, 5, 55, 24, 35, 54, 38, 31, 92, 68, 46, 49, 39, 72, 95, 19, 34, 7, 91, 59, 76, 40, 84, 25, 6, 29, 75, 90, 16, 17, 36, 10, 3, 88, 98, 65, 69, 63, 93, 41, 13, 86, 64, 23, 30, 48, 60, 50, 27, 83, 9, 12, 56, 97, 85, 80, 58, 74, 43, 77, 47, 33, 8, 67, 71, 42, 1, 15, 45, 87, 78];[0, 1, 2, 3, 4, 8, 9, 10, 11, 12, 13, 15, 16, 17, 18, 19, 20, 22, 23, 24, 26, 27, 28, 31, 32, 34, 35, 36, 37, 39, 40, 41, 42, 43, 44, 47, 48, 49, 50, 51, 54, 56, 57, 58, 59, 60, 61, 62, 63, 64, 65, 66, 67, 68, 69, 70, 71, 72, 73, 74, 76, 77, 78, 79, 80, 81, 82, 84, 85, 86, 87, 90, 91, 92, 93, 94, 95, 96, 97, 98, 99]"
12437.628033,-38531.000000,"[0, 81, 4, 57, 66, 52, 62, 26, 61, 94, 11, 70, 32, 20, 73, 2, 14, 28, 89, 51, 99, 37, 21, 22, 18, 44, 82, 79, 96, 53, 5, 55, 24, 35, 54, 38, 31, 92, 68, 46, 49, 39, 72, 95, 19, 34, 7, 91, 59, 76, 40, 84, 25, 6, 29, 75, 90, 16, 17, 36, 10, 3, 88, 98, 65, 69, 63, 93, 41, 13, 86, 64, 23, 30, 48, 60, 50, 27, 83, 9, 12, 56, 97, 85, 80, 58, 74, 43, 77, 47, 33, 8, 67, 71, 42, 1, 15, 45, 87, 78];[0, 1, 2, 3, 4, 8, 9, 10, 12, 13, 15, 16, 17, 18, 19, 23, 27, 28, 31, 34, 35, 36, 40, 41, 42, 43, 45, 47, 48, 49, 50, 51, 54, 56, 57, 58, 59, 60, 62, 64, 65, 66, 67, 68, 69, 70, 71, 72, 74, 76, 77, 78, 80, 82, 84, 85, 86, 87, 91, 92, 93, 94, 97, 98, 99]"
9756.604906,-26784.000000,"[0, 81, 4, 57, 66, 52, 62, 26, 61, 94, 11, 70, 32, 20, 73, 2, 14, 28, 89, 51, 99, 37, 21, 22, 18, 44, 82, 79, 96, 53, 5, 55, 24, 35, 54, 38, 31, 92, 68, 46, 49, 39, 72, 95, 19, 34, 7, 91, 59, 76, 40, 84, 25, 6, 29, 75, 90, 16, 17, 36, 10, 3, 88, 98, 65, 69, 63, 93, 41, 13, 86, 64, 23, 30, 48, 60, 50, 27, 83, 9, 12, 56, 97, 85, 80, 58, 74, 43, 77, 47, 33, 8, 67, 71, 42, 1, 15, 45, 87, 78];[64, 1, 65, 66, 67, 4, 68, 69, 70, 71, 8, 72, 9, 10, 74, 12, 13, 77, 78, 15, 16, 17, 82, 84, 85, 23, 87, 28, 92, 31, 34, 35, 36, 42, 43, 47, 48, 49, 56, 57, 58]"
19142.267622,-45136.000000,"[0, 81, 4, 57, 66, 52, 62, 26, 61, 94, 11, 70, 32, 20, 73, 2, 14, 28, 89, 51, 99, 37, 21, 22, 18, 44, 82, 79, 96, 53, 5, 55, 24, 35, 54, 38, 31, 92, 68, 46, 49, 39, 72, 95, 19, 34, 7, 91, 59, 76, 40, 84, 25, 6, 29, 75, 90, 16, 17, 36, 10, 3, 88, 98, 65, 69, 63, 93, 41, 13, 86, 64, 23, 30, 48, 60, 50, 27, 83, 9, 12, 56, 97, 85, 80, 58, 74, 43, 77, 47, 33, 8, 67, 71, 42, 1, 15, 45, 87, 78];[0, 1, 2, 3, 4, 6, 8, 9, 10, 11, 12, 13, 15, 16, 17, 18, 19, 20, 22, 23, 24, 26, 27, 28, 31, 32, 34, 35, 36, 37, 39, 40, 41, 42, 43, 44, 45, 47, 48, 49, 50, 51, 54, 56, 57, 58, 59, 60, 61, 62, 63, 64, 65, 66, 67, 68, 69, 70, 71, 72, 73, 74, 76, 77, 78, 79, 80, 81, 82, 84, 85, 86, 87, 91, 92, 93, 94, 95, 96, 97, 98, 99]"
8952.987249,-18120.000000,"[0, 81, 4, 57, 66, 52, 62, 26, 61, 94, 11, 70, 32, 20, 73, 2, 14, 28, 89, 51, 99, 37, 21, 22, 18, 44, 82, 79, 96, 53, 5, 55, 24, 35, 54, 38, 31, 92, 68, 46, 49, 39, 72, 95, 19, 34, 7, 91, 59, 76, 40, 84, 25, 6, 29, 75, 90, 16, 17, 36, 10, 3, 88, 98, 65, 69, 63, 93, 41, 13, 86, 64, 23, 30, 48, 60, 50, 27, 83, 9, 12, 56, 97, 85, 80, 58, 74, 43, 77, 47, 33, 8, 67, 71, 42, 1, 15, 45, 87, 78];[1, 67, 68, 69, 70, 71, 8, 72, 9, 74, 12, 13, 77, 78, 15, 16, 82, 84, 85, 23, 87, 28, 92, 97, 99, 42, 43, 56, 57, 58]"
17108.760508,-44265.000000,"[0, 81, 4, 57, 66, 52, 62, 26, 61, 94, 11, 70, 32, 20, 73, 2, 14, 28, 89, 51, 99, 37, 21, 22, 18, 44, 82, 79, 96, 53, 5, 55, 24, 35, 54, 38, 31, 92, 68, 46, 49, 39, 72, 95, 19, 34, 7, 91, 59, 76, 40, 84, 25, 6, 29, 75, 90, 16, 17, 36, 10, 3, 88, 98, 65, 69, 63, 93, 41, 13, 86, 64, 23, 30, 48, 60, 50, 27, 83, 9, 12, 56, 97, 85, 80, 58, 74, 43, 77, 47, 33, 8, 67, 71, 42, 1, 15, 45, 87, 78];[0, 1, 2, 3, 4, 6, 8, 9, 10, 11, 12, 13, 15, 16, 17, 18, 19, 20, 22, 23, 24, 26, 27, 28, 31, 34, 35, 36, 37, 39, 40, 41, 42, 43, 45, 47, 48, 49, 50, 51, 54, 56, 57, 58, 59, 60, 61, 62, 63, 64, 65, 66, 67, 68, 69, 70, 71, 72, 73, 74, 76, 77, 78, 80, 81, 82, 84, 85, 86, 87, 91, 92, 93, 94, 96, 97, 98, 99]"
16701.262442,-44048.000000,"[0, 81, 4, 57, 66, 62, 52, 26, 61, 94, 11, 70, 32, 20, 73, 2, 14, 28, 89, 51, 99, 37, 21, 22, 18, 44, 82, 79, 96, 53, 5, 55, 24, 35, 54, 38, 31, 92, 68, 46, 49, 39, 72, 95, 19, 34, 7, 91, 59, 76, 40, 84, 25, 6, 29, 75, 90, 16, 17, 36, 10, 3, 88, 98, 65, 69, 63, 93, 41, 13, 86, 64, 23, 30, 48, 60, 50, 27, 83, 9, 12, 56, 97, 85, 80, 58, 74, 43, 77, 47, 33, 8, 67, 71, 42, 1, 15, 45, 87, 78];[0, 1, 2, 3, 4, 8, 9, 10, 11, 12, 13, 15, 16, 17, 18, 19, 20, 21, 22, 23, 24, 26, 27, 28, 31, 34, 35, 36, 37, 40, 41, 42, 43, 45, 47, 48, 49, 50, 51, 54, 56, 57, 58, 59, 60, 61, 62, 63, 64, 65, 66, 67, 68, 69, 70, 71, 72, 73, 74, 76, 77, 78, 80, 81, 82, 84, 85, 86, 87, 91, 92, 93, 94, 96, 97, 98, 99]"
16241.402663,-43660.000000,"[0, 81, 4, 57, 66, 52, 62, 26, 61, 94, 11, 70, 32, 20, 73, 2, 14, 28, 89, 51, 99, 37, 21, 22, 18, 44, 82, 79, 96, 53, 5, 55, 24, 35, 54, 38, 31, 92, 68, 46, 49, 39, 72, 95, 19, 34, 7, 91, 59, 76, 40, 84, 25, 6, 29, 75, 90, 16, 17, 36, 10, 3, 88, 98, 65, 69, 63, 93, 41, 13, 86, 64, 23, 30, 48, 60, 50, 27, 83, 9, 12, 56, 97, 85, 80, 58, 74, 43, 77, 47, 33, 8, 67, 71, 42, 1, 15, 45, 87, 78];[0, 1, 2, 3, 4, 6, 8, 9, 10, 11, 12, 13, 15, 16, 17, 18, 19, 20, 21, 22, 23, 24, 26, 27, 28, 31, 34, 35, 36, 37, 40, 41, 42, 43, 45, 47, 48, 49, 50, 51, 54, 56, 57, 58, 59, 60, 61, 62, 63, 64, 65, 66, 67, 68, 69, 70, 71, 72, 74, 76, 77, 78, 80, 81, 82, 84, 85, 86, 87, 91, 92, 93, 94, 95, 96, 97, 98, 99]"
9804.654438,-26891.000000,"[0, 81, 4, 57, 66, 62, 52, 26, 61, 94, 11, 70, 32, 20, 73, 2, 14, 28, 89, 51, 99, 37, 21, 22, 18, 44, 82, 79, 96, 53, 5, 55, 24, 35, 54, 38, 31, 92, 68, 46, 49, 39, 72, 95, 19, 34, 7, 91, 59, 76, 40, 84, 25, 6, 29, 75, 90, 16, 17, 36, 10, 3, 88, 98, 65, 69, 63, 93, 41, 13, 86, 64, 23, 30, 48, 60, 50, 27, 83, 9, 12, 56, 97, 85, 80, 58, 74, 43, 77, 47, 33, 8, 67, 71, 42, 1, 15, 45, 87, 78];[64, 1, 66, 3, 67, 4, 68, 69, 70, 71, 8, 72, 9, 10, 74, 12, 13, 77, 78, 15, 16, 17, 82, 84, 85, 86, 23, 87, 27, 28, 92, 93, 94, 31, 97, 98, 42, 43, 47, 49, 56, 57, 58]"
8543.039281,-7246.000000,"[0, 78, 87, 45, 15, 1, 42, 71, 67, 8, 33, 47, 77, 43, 74, 58, 80, 85, 97, 56, 12, 9, 83, 27, 50, 60, 48, 30, 23, 64, 86, 13, 41, 93, 63, 69, 65, 98, 88, 10, 3, 36, 17, 16, 90, 75, 29, 6, 25, 84, 40, 76, 59, 91, 7, 34, 19, 95, 72, 39, 49, 46, 68, 92, 31, 38, 54, 35, 24, 55, 5, 53, 96, 79, 82, 44, 18, 22, 21, 37, 99, 51, 89, 28, 14, 2, 73, 20, 32, 70, 11, 94, 61, 26, 62, 52, 66, 57, 4, 81];[1, 66, 4, 68, 84, 21, 70, 71, 57, 12, 28, 92]"
9525.941566,-25191.000000,"[0, 81, 4, 57, 66, 52, 62, 26, 61, 94, 11, 70, 32, 20, 73, 2, 14, 28, 89, 51, 99, 37, 21, 22, 18, 44, 82, 79, 96, 53, 5, 55, 24, 35, 54, 38, 31, 92, 68, 46, 49, 39, 72, 95, 19, 34, 7, 91, 59, 76, 40, 84, 25, 6, 29, 75, 90, 16, 17, 36, 3, 10, 88, 98, 65, 69, 63, 93, 41, 13, 86, 64, 23, 30, 48, 60, 50, 27, 83, 9, 12, 56, 97, 85, 80, 58, 74, 43, 77, 47, 33, 8, 67, 71, 42, 1, 15, 45, 87, 78];[64, 1, 65, 66, 67, 68, 69, 70, 71, 8, 72, 9, 74, 12, 13, 77, 78, 15, 16, 17, 82, 84, 85, 86, 23, 87, 28, 92, 93, 94, 97, 98, 99, 42, 43, 47, 49, 56, 57, 58]"
18228.806457,-44810.000000,"[0, 81, 4, 57, 66, 52, 62, 26, 61, 94, 11, 70, 32, 20, 73, 2, 14, 28, 89, 51, 99, 37, 21, 22, 18, 44, 82, 79, 96, 53, 5, 55, 24, 35, 54, 38, 31, 92, 68, 46, 49, 39, 72, 95, 19, 34, 7, 91, 59, 76, 40, 84, 25, 6, 29, 75, 90, 16, 17, 36, 10, 3, 88, 98, 65, 69, 63, 93, 41, 13, 86, 64, 23, 30, 48, 60, 50, 27, 83, 9, 12, 56, 97, 85, 80, 58, 74, 43, 77, 47, 33, 8, 67, 71, 42, 1, 15, 45, 87, 78];[0, 1, 2, 3, 4, 8, 9, 10, 11, 12, 13, 15, 16, 17, 18, 19, 20, 21, 22, 23, 24, 26, 27, 28, 31, 34, 35, 36, 37, 39, 40, 41, 42, 43, 44, 45, 47, 48, 49, 50, 51, 54, 55, 56, 57, 58, 59, 60, 61, 62, 63, 64, 65, 66, 67, 68, 69, 70, 71, 72, 73, 74, 76, 77, 78, 79, 80, 81, 82, 84, 85, 86, 87, 91, 92, 93, 94, 95, 96, 97, 98, 99]"
9063.950475,-19251.000000,"[0, 81, 4, 57, 66, 52, 62, 26, 61, 94, 11, 70, 32, 20, 73, 2, 14, 28, 89, 51, 99, 37, 21, 22, 18, 44, 82, 79, 96, 53, 5, 55, 24, 35, 54, 38, 31, 92, 68, 46, 49, 39, 72, 95, 19, 34, 7, 91, 59, 76, 40, 84, 25, 6, 29, 75, 90, 16, 17, 36, 10, 3, 88, 98, 65, 69, 63, 93, 41, 13, 86, 64, 23, 30, 48, 60, 50, 27, 83, 9, 12, 56, 97, 85, 80, 58, 74, 43, 77, 47, 33, 8, 67, 71, 42, 1, 15, 45, 87, 78];[1, 67, 68, 69, 70, 71, 8, 72, 9, 74, 12, 13, 77, 78, 15, 16, 82, 84, 85, 87, 28, 92, 93, 94, 97, 98, 99, 42, 43, 56, 57, 58]"
9071.184313,-19554.000000,"[0, 81, 4, 57, 66, 62, 52, 26, 61, 94, 11, 70, 32, 20, 73, 2, 14, 28, 89, 51, 99, 37, 21, 22, 18, 44, 82, 79, 96, 53, 5, 55, 24, 35, 54, 38, 31, 92, 68, 46, 49, 39, 72, 95, 19, 34, 7, 91, 59, 76, 40, 84, 25, 6, 29, 75, 90, 16, 17, 36, 3, 10, 88, 98, 65, 69, 63, 93, 41, 13, 86, 64, 23, 30, 48, 60, 50, 27, 83, 9, 12, 56, 97, 85, 80, 58, 74, 43, 77, 47, 33, 8, 67, 71, 42, 1, 15, 45, 87, 78];[64, 1, 65, 67, 68, 69, 70, 71, 8, 72, 9, 74, 12, 13, 77, 78, 15, 16, 82, 84, 85, 87, 28, 92, 93, 97, 99, 42, 43, 56, 57, 58]"
8863.203770,-16493.000000,"[0, 81, 4, 57, 66, 52, 62, 26, 61, 94, 11, 70, 32, 20, 73, 2, 14, 28, 89, 51, 99, 37, 21, 22, 18, 44, 82, 79, 96, 53, 5, 55, 24, 35, 54, 38, 31, 92, 68, 46, 49, 39, 72, 95, 19, 34, 7, 91, 59, 76, 40, 84, 25, 6, 29, 75, 90, 16, 17, 36, 10, 3, 88, 98, 65, 69, 63, 93, 41, 13, 86, 64, 23, 30, 48, 60, 50, 27, 83, 9, 12, 56, 97, 85, 80, 58, 74, 43, 77, 47, 33, 8, 67, 71, 42, 1, 15, 45, 87, 78];[1, 67, 68, 69, 70, 71, 8, 72, 9, 74, 12, 13, 77, 78, 15, 16, 82, 84, 85, 87, 28, 92, 42, 43, 56, 57, 58]"
16180.228557,-43633.000000,"[0, 81, 4, 57, 66, 52, 62, 26, 61, 94, 11, 70, 32, 20, 73, 2, 14, 28, 89, 51, 99, 37, 21, 22, 18, 44, 82, 79, 96, 53, 5, 55, 24, 35, 54, 38, 31, 92, 68, 46, 49, 39, 72, 95, 19, 34, 7, 91, 59, 76, 40, 84, 25, 6, 29, 75, 90, 16, 17, 36, 10, 3, 88, 98, 65, 69, 63, 93, 41, 13, 86, 64, 23, 30, 48, 60, 50, 27, 83, 9, 12, 56, 97, 85, 80, 58, 74, 43, 77, 47, 33, 8, 67, 71, 42, 1, 15, 45, 87, 78];[0, 1, 2, 3, 4, 8, 9, 10, 11, 12, 13, 15, 16, 17, 18, 19, 20, 21, 22, 23, 24, 26, 27, 28, 31, 34, 35, 36, 37, 40, 41, 42, 43, 45, 47, 48, 49, 50, 51, 54, 56, 57, 58, 59, 60, 61, 62, 63, 64, 65, 66, 67, 68, 69, 70, 71, 72, 74, 76, 77, 78, 80, 81, 82, 84, 85, 86, 87, 91, 92, 93, 94, 95, 96, 97, 98, 99]"
16566.093777,-43977.000000,"[0, 81, 4, 57, 66, 52, 62, 26, 61, 94, 11, 70, 32, 20, 73, 2, 14, 28, 89, 51, 99, 37, 21, 22, 18, 44, 82, 79, 96, 53, 5, 55, 24, 35, 54, 38, 31, 92, 68, 46, 49, 39, 72, 95, 19, 34, 7, 91, 59, 76, 40, 84, 25, 6, 29, 75, 90, 16, 17, 36, 10, 3, 88, 98, 65, 69, 63, 93, 41, 13, 86, 64, 23, 30, 48, 60, 50, 27, 83, 9, 12, 56, 97, 85, 80, 58, 74, 43, 77, 47, 33, 8, 67, 71, 42, 1, 15, 45, 87, 78];[0, 1, 2, 3, 4, 8, 9, 10, 11, 12, 13, 15, 16, 17, 18, 19, 20, 21, 22, 23, 24, 26, 28, 31, 34, 35, 36, 37, 39, 40, 41, 42, 43, 45, 47, 48, 49, 50, 51, 54, 56, 57, 58, 59, 60, 62, 63, 64, 65, 66, 67, 68, 69, 70, 71, 72, 73, 74, 76, 77, 78, 80, 81, 82, 84, 85, 86, 87, 91, 92, 93, 94, 95, 96, 97, 98, 99]"
10023.518720,-29442.000000,"[0, 81, 4, 57, 66, 52, 62, 26, 61, 94, 11, 70, 32, 20, 73, 2, 14, 28, 89, 51, 99, 37, 21, 22, 18, 44, 82, 79, 96, 53, 5, 55, 24, 35, 54, 38, 31, 92, 68, 46, 49, 39, 72, 95, 19, 34, 7, 91, 59, 76, 40, 84, 25, 6, 29, 75, 90, 16, 17, 36, 10, 3, 88, 98, 65, 69, 63, 93, 41, 13, 86, 64, 23, 30, 48, 60, 50, 27, 83, 9, 12, 56, 97, 85, 80, 58, 74, 43, 77, 47, 33, 8, 67, 71, 42, 1, 15, 45, 87, 78];[64, 1, 65, 66, 67, 4, 68, 69, 70, 71, 8, 72, 9, 74, 12, 13, 77, 78, 15, 16, 17, 82, 84, 85, 86, 23, 87, 28, 92, 93, 94, 31, 95, 97, 34, 98, 35, 99, 36, 42, 43, 47, 48, 49, 56, 57, 58]"
11467.805363,-35936.000000,"[0, 81, 4, 57, 66, 52, 62, 26, 61, 94, 11, 70, 32, 20, 73, 2, 14, 28, 89, 51, 99, 37, 21, 22, 18, 44, 82, 79, 96, 53, 5, 55, 24, 35, 54, 38, 31, 92, 68, 46, 49, 39, 72, 95, 19, 34, 7, 91, 59, 76, 40, 84, 25, 6, 29, 75, 90, 16, 17, 36, 10, 3, 88, 98, 65, 69, 63, 93, 41, 13, 86, 64, 23, 30, 48, 60, 50, 27, 83, 9, 12, 56, 97, 85, 80, 58, 74, 43, 77, 47, 33, 8, 67, 71, 42, 1, 15, 45, 87, 78];[1, 3, 4, 8, 9, 10, 12, 13, 15, 16, 17, 23, 27, 28, 31, 34, 35, 36, 40, 41, 42, 43, 45, 47, 48, 49, 50, 51, 56, 57, 58, 59, 60, 64, 65, 66, 67, 68, 69, 70, 71, 72, 74, 76, 77, 78, 80, 81, 82, 84, 85, 86, 87, 91, 92, 93, 94, 95, 96, 97, 98, 99]"
10628.026485,-32847.000000,"[0, 81, 4, 57, 66, 62, 52, 26, 61, 94, 11, 70, 32, 20, 73, 2, 14, 28, 89, 51, 99, 37, 21, 22, 18, 44, 82, 79, 96, 53, 5, 55, 24, 35, 54, 38, 31, 92, 68, 46, 49, 39, 72, 95, 19, 34, 7, 91, 59, 76, 40, 84, 25, 6, 29, 75, 90, 16, 17, 36, 10, 3, 88, 98, 65, 69, 63, 93, 41, 13, 86, 64, 23, 30, 48, 60, 50, 27, 83, 9, 12, 56, 97, 85, 80, 58, 74, 43, 77, 47, 33, 8, 67, 71, 42, 1, 15, 45, 87, 78];[1, 4, 8, 9, 10, 12, 13, 15, 16, 17, 23, 28, 31, 34, 35, 36, 40, 41, 42, 43, 45, 47, 48, 49, 50, 51, 56, 57, 58, 64, 65, 66, 67, 68, 69, 70, 71, 72, 74, 77, 78, 82, 84, 85, 86, 87, 91, 92, 93, 94, 97, 98, 99]"
9477.711510,-24603.000000,"[0, 81, 4, 57, 66, 52, 62, 26, 61, 94, 11, 70, 32, 20, 73, 2, 14, 28, 89, 51, 99, 37, 21, 22, 18, 44, 82, 79, 96, 53, 5, 55, 24, 35, 54, 38, 31, 92, 68, 46, 49, 39, 72, 95, 19, 34, 7, 91, 59, 76, 40, 84, 25, 6, 29, 75, 90, 16, 17, 36, 10, 3, 88, 98, 65, 69, 63, 93, 41, 13, 86, 64, 23, 30, 48, 60, 50, 27, 83, 9, 12, 56, 97, 85, 80, 58, 74, 43, 77, 47, 33, 8, 67, 71, 42, 1, 15, 45, 87, 78];[1, 65, 66, 67, 68, 69, 70, 71, 8, 72, 9, 74, 12, 13, 77, 78, 15, 16, 17, 82, 84, 85, 86, 23, 87, 28, 92, 93, 94, 95, 97, 98, 99, 42, 43, 47, 49, 56, 57, 58]"
12595.563079,-38706.000000,"[0, 81, 4, 57, 66, 52, 62, 26, 61, 94, 11, 70, 32, 20, 73, 2, 14, 28, 89, 51, 99, 37, 21, 22, 18, 44, 82, 79, 96, 53, 5, 55, 24, 35, 54, 38, 31, 92, 68, 46, 49, 39, 72, 95, 19, 34, 7, 91, 59, 76, 40, 84, 25, 6, 29, 75, 90, 16, 17, 36, 10, 3, 88, 98, 65, 69, 63, 93, 41, 13, 86, 64, 23, 30, 48, 60, 50, 27, 83, 9, 12, 56, 97, 85, 80, 58, 74, 43, 77, 47, 33, 8, 67, 71, 42, 1, 15, 45, 87, 78];[1, 3, 4, 8, 9, 10, 12, 13, 15, 16, 17, 18, 19, 23, 28, 31, 34, 35, 36, 40, 41, 42, 43, 45, 47, 48, 49, 50, 51, 54, 56, 57, 58, 59, 60, 62, 64, 65, 66, 67, 68, 69, 70, 71, 72, 73, 74, 76, 77, 78, 80, 81, 82, 84, 85, 86, 87, 91, 92, 93, 94, 96, 97, 98, 99]"
17764.634791,-44584.000000,"[0, 81, 4, 57, 66, 52, 62, 26, 61, 94, 11, 70, 32, 20, 73, 2, 14, 28, 89, 51, 99, 37, 21, 22, 18, 44, 82, 79, 96, 53, 5, 55, 24, 35, 54, 38, 31, 92, 68, 46, 49, 39, 72, 95, 19, 34, 7, 91, 59, 76, 40, 84, 25, 6, 29, 75, 90, 16, 17, 36, 10, 3, 88, 98, 65, 69, 63, 93, 41, 13, 86, 64, 23, 30, 48, 60, 50, 27, 83, 9, 12, 56, 97, 85, 80, 58, 74, 43, 77, 47, 33, 8, 67, 71, 42, 1, 15, 45, 87, 78];[0, 1, 2, 3, 4, 6, 8, 9, 10, 11, 12, 13, 15, 16, 17, 18, 19, 20, 22, 23, 24, 26, 27, 28, 31, 32, 34, 35, 36, 37, 39, 40, 41, 42, 43, 45, 47, 48, 49, 50, 51, 54, 56, 57, 58, 59, 60, 62, 63, 64, 65, 66, 67, 68, 69, 70, 71, 72, 73, 74, 76, 77, 78, 80, 81, 82, 84, 85, 86, 87, 91, 92, 93, 94, 95, 96, 97, 98, 99]"
11516.808842,-36198.000000,"[0, 81, 4, 57, 66, 52, 62, 26, 61, 94, 11, 70, 32, 20, 73, 2, 14, 28, 89, 51, 99, 37, 21, 22, 18, 44, 82, 79, 96, 53, 5, 55, 24, 35, 54, 38, 31, 92, 68, 46, 49, 39, 72, 95, 19, 34, 7, 91, 59, 76, 40, 84, 25, 6, 29, 75, 90, 16, 17, 36, 10, 3, 88, 98, 65, 69, 63, 93, 41, 13, 86, 64, 23, 30, 48, 60, 50, 27, 83, 9, 12, 56, 97, 85, 80, 58, 74, 43, 77, 47, 33, 8, 67, 71, 42, 1, 15, 45, 87, 78];[1, 2, 3, 4, 8, 9, 10, 12, 13, 15, 16, 17, 18, 19, 23, 28, 31, 34, 35, 36, 40, 41, 42, 43, 45, 47, 48, 49, 50, 51, 56, 57, 58, 59, 60, 64, 65, 66, 67, 68, 69, 70, 71, 72, 74, 76, 77, 78, 80, 82, 84, 85, 86, 87, 91, 92, 93, 94, 97, 98, 99]"
12055.104678,-37428.000000,"[0, 81, 4, 57, 66, 52, 62, 26, 61, 94, 11, 70, 32, 20, 73, 2, 14, 28, 89, 51, 99, 37, 21, 22, 18, 44, 82, 79, 96, 53, 5, 55, 24, 35, 54, 38, 31, 92, 68, 46, 49, 39, 72, 95, 19, 34, 7, 91, 59, 76, 40, 84, 25, 6, 29, 75, 90, 16, 17, 36, 10, 3, 88, 98, 65, 69, 63, 93, 41, 13, 86, 64, 23, 30, 48, 60, 50, 27, 83, 9, 12, 56, 97, 85, 80, 58, 74, 43, 77, 47, 33, 8, 67, 71, 42, 1, 15, 45, 87, 78];[0, 1, 2, 3, 4, 8, 9, 10, 12, 13, 15, 16, 17, 18, 19, 23, 26, 28, 31, 34, 35, 36, 40, 41, 42, 43, 45, 47, 48, 49, 50, 51, 56, 57, 58, 59, 60, 64, 65, 66, 67, 68, 69, 70, 71, 72, 74, 76, 77, 78, 80, 82, 84, 85, 86, 87, 91, 92, 93, 94, 97, 98, 99]"
17036.809058,-44238.000000,"[0, 81, 4, 57, 66, 52, 62, 26, 61, 94, 11, 70, 32, 20, 73, 2, 14, 28, 89, 51, 99, 37, 21, 22, 18, 44, 82, 79, 96, 53, 5, 55, 24, 35, 54, 38, 31, 92, 68, 46, 49, 39, 72, 95, 19, 34, 7, 91, 59, 76, 40, 84, 25, 6, 29, 75, 90, 16, 17, 36, 10, 3, 88, 98, 65, 69, 63, 93, 41, 13, 86, 64, 23, 30, 48, 60, 50, 27, 83, 9, 12, 56, 97, 85, 80, 58, 74, 43, 77, 47, 33, 8, 67, 71, 42, 1, 15, 45, 87, 78];[0, 1, 2, 3, 4, 8, 9, 10, 11, 12, 13, 15, 16, 17, 18, 19, 20, 22, 23, 24, 26, 27, 28, 31, 34, 35, 36, 37, 39, 40, 41, 42, 43, 45, 47, 48, 49, 50, 51, 54, 56, 57, 58, 59, 60, 61, 62, 63, 64, 65, 66, 67, 68, 69, 70, 71, 72, 73, 74, 76, 77, 78, 80, 81, 82, 84, 85, 86, 87, 91, 92, 93, 94, 96, 97, 98, 99]"
