8156.000000,-0.000000,"[0, 57, 66, 52, 62, 26, 61, 94, 11, 70, 32, 20, 73, 2, 14, 28, 89, 51, 99, 96, 53, 5, 55, 24, 35, 54, 38, 31, 92, 68, 46, 49, 39, 72, 95, 19, 34, 7, 91, 59, 76, 40, 84, 25, 29, 6, 75, 90, 16, 88, 17, 36, 3, 10, 98, 65, 93, 63, 69, 41, 13, 86, 64, 23, 30, 48, 60, 50, 27, 83, 9, 12, 56, 58, 80, 97, 85, 79, 82, 18, 44, 22, 21, 37, 77, 43, 74, 8, 47, 33, 67, 71, 42, 1, 15, 45, 87, 81, 4, 78];[]"
19778.188188,-36339.000000,"[0, 57, 66, 52, 62, 26, 61, 94, 11, 70, 32, 20, 73, 2, 14, 28, 89, 51, 99, 96, 53, 5, 55, 24, 35, 54, 38, 31, 92, 68, 46, 49, 39, 72, 95, 19, 34, 7, 91, 59, 76, 40, 84, 25, 29, 6, 75, 90, 16, 88, 17, 36, 3, 10, 15, 1, 42, 71, 67, 33, 47, 8, 74, 43, 77, 37, 21, 22, 44, 18, 82, 79, 85, 97, 80, 58, 56, 12, 9, 83, 27, 50, 60, 48, 30, 23, 64, 86, 13, 41, 69, 63, 93, 65, 98, 45, 87, 81, 4, 78];[0, 1, 2, 3, 4, 8, 9, 10, 11, 12, 13, 15, 16, 17, 18, 23, 24, 28, 31, 34, 35, 36, 37, 47, 49, 50, 51, 54, 56, 57, 58, 59, 60, 62, 64, 65, 66, 68, 69, 70, 71, 72, 73, 74, 76, 81, 82, 84, 85, 86, 91, 92, 93, 94, 96, 97, 98, 99]"
8156.000000,-0.000000,"[0, 57, 66, 52, 62, 26, 61, 94, 11, 70, 32, 20, 73, 2, 14, 28, 89, 51, 99, 96, 53, 5, 55, 24, 35, 54, 38, 31, 92, 68, 46, 49, 39, 72, 95, 19, 34, 7, 91, 59, 76, 40, 84, 25, 29, 6, 75, 90, 16, 88, 17, 36, 3, 10, 98, 65, 63, 93, 69, 41, 13, 86, 64, 23, 30, 48, 60, 50, 27, 83, 9, 12, 56, 58, 80, 97, 85, 79, 82, 18, 44, 22, 21, 37, 77, 43, 74, 8, 47, 33, 67, 71, 42, 1, 15, 45, 87, 81, 4, 78];[]"
18186.849261,-36269.000000,"[0, 57, 66, 52, 62, 26, 61, 94, 11, 70, 32, 20, 73, 2, 14, 28, 89, 51, 99, 96, 53, 5, 55, 24, 35, 54, 38, 31, 92, 68, 46, 49, 39, 72, 95, 19, 34, 7, 91, 59, 76, 40, 84, 25, 29, 6, 75, 90, 16, 88, 17, 36, 3, 10, 15, 1, 42, 71, 67, 33, 47, 8, 74, 43, 77, 37, 21, 22, 44, 18, 82, 79, 85, 97, 80, 58, 56, 12, 9, 83, 27, 50, 60, 48, 30, 23, 64, 86, 13, 41, 69, 63, 93, 65, 98, 45, 4, 81, 87, 78];[0, 1, 2, 4, 8, 9, 10, 11, 12, 13, 15, 16, 17, 18, 23, 24, 28, 31, 34, 35, 36, 37, 40, 47, 49, 50, 51, 54, 56, 57, 58, 59, 60, 62, 64, 65, 66, 68, 69, 70, 71, 72, 74, 76, 81, 82, 84, 85, 86, 87, 91, 92, 93, 94, 95, 97, 98, 99]"
9429.939708,-22938.000000,"[0, 57, 66, 52, 62, 26, 61, 94, 11, 70, 32, 20, 73, 2, 14, 28, 89, 51, 99, 96, 53, 5, 55, 24, 35, 54, 38, 31, 92, 68, 46, 49, 39, 72, 95, 19, 34, 7, 91, 59, 76, 40, 84, 25, 29, 6, 75, 90, 16, 88, 17, 36, 3, 10, 98, 65, 93, 63, 69, 41, 13, 86, 64, 23, 30, 48, 60, 50, 27, 83, 9, 12, 56, 58, 80, 97, 85, 79, 82, 18, 44, 22, 21, 37, 77, 43, 74, 8, 47, 33, 67, 71, 42, 1, 15, 45, 87, 81, 4, 78];[1, 65, 67, 4, 68, 69, 70, 71, 8, 72, 9, 74, 12, 13, 77, 78, 15, 16, 17, 81, 18, 82, 84, 85, 23, 87, 28, 92, 97, 36, 42, 47, 56, 57, 58]"
12433.068817,-32205.000000,"[0, 57, 66, 52, 62, 26, 61, 94, 11, 70, 32, 20, 73, 2, 14, 28, 89, 51, 99, 96, 53, 5, 55, 24, 35, 54, 38, 31, 92, 68, 46, 49, 39, 72, 95, 19, 34, 7, 91, 59, 76, 40, 84, 25, 29, 6, 75, 90, 16, 88, 17, 36, 3, 10, 15, 1, 42, 71, 67, 33, 47, 8, 74, 43, 77, 37, 21, 22, 44, 18, 82, 79, 85, 97, 80, 58, 56, 12, 9, 83, 27, 50, 60, 48, 30, 23, 64, 86, 13, 41, 69, 63, 93, 65, 98, 45, 87, 81, 4, 78];[1, 4, 8, 9, 10, 12, 13, 15, 16, 17, 18, 23, 28, 31, 34, 35, 36, 37, 41, 47, 48, 49, 50, 51, 56, 57, 58, 64, 65, 66, 68, 69, 70, 71, 72, 74, 78, 81, 82, 84, 85, 86, 87, 91, 92, 93, 94, 95, 97, 98, 99]"
12163.367921,-31724.000000,"[0, 57, 66, 52, 62, 26, 61, 94, 11, 70, 32, 20, 73, 2, 14, 28, 89, 51, 99, 96, 53, 5, 55, 24, 35, 54, 38, 31, 92, 68, 46, 49, 39, 72, 95, 19, 34, 7, 91, 59, 76, 40, 84, 25, 29, 6, 75, 90, 16, 88, 17, 36, 3, 10, 15, 1, 42, 71, 67, 33, 47, 8, 74, 43, 77, 37, 21, 22, 44, 18, 82, 79, 85, 97, 80, 58, 56, 12, 9, 83, 27, 50, 60, 48, 30, 23, 64, 86, 13, 41, 69, 63, 93, 65, 98, 45, 87, 81, 4, 78];[1, 4, 8, 9, 10, 12, 13, 15, 16, 17, 18, 23, 28, 31, 34, 35, 36, 37, 41, 48, 49, 50, 51, 56, 57, 58, 63, 64, 65, 66, 68, 69, 70, 71, 72, 74, 78, 81, 82, 84, 85, 86, 87, 91, 92, 93, 94, 95, 97, 98, 99]"
8167.360930,-2434.000000,"[0, 57, 66, 52, 62, 26, 61, 94, 11, 70, 32, 20, 73, 2, 14, 28, 89, 51, 99, 96, 53, 5, 55, 24, 35, 54, 38, 31, 92, 68, 46, 49, 39, 72, 95, 19, 34, 7, 91, 59, 76, 40, 84, 25, 29, 6, 75, 90, 16, 88, 17, 36, 3, 10, 98, 65, 63, 93, 69, 41, 13, 86, 64, 23, 30, 48, 60, 50, 27, 83, 9, 12, 56, 58, 80, 97, 85, 79, 82, 18, 44, 22, 21, 37, 77, 43, 74, 8, 47, 33, 67, 71, 42, 1, 15, 45, 87, 81, 4, 78];[1, 81, 4, 71]"
8177.532678,-3744.000000,"[0, 57, 66, 52, 62, 26, 61, 94, 11, 70, 32, 20, 73, 2, 14, 28, 89, 51, 99, 96, 53, 5, 55, 24, 35, 54, 38, 31, 92, 68, 46, 49, 39, 72, 95, 19, 34, 7, 91, 59, 76, 40, 84, 25, 29, 6, 75, 90, 16, 88, 17, 36, 3, 10, 98, 65, 63, 93, 69, 41, 13, 86, 64, 23, 30, 48, 60, 50, 27, 83, 9, 12, 56, 58, 80, 97, 85, 79, 82, 18, 44, 22, 21, 37, 77, 43, 74, 8, 47, 33, 67, 71, 42, 1, 15, 45, 87, 81, 4, 78];[1, 81, 4, 71, 8, 12]"
9924.145485,-25308.000000,"[0, 57, 66, 52, 62, 26, 61, 94, 11, 70, 32, 20, 73, 2, 14, 28, 89, 51, 99, 96, 53, 5, 55, 24, 35, 54, 38, 31, 92, 68, 46, 49, 39, 72, 95, 19, 34, 7, 91, 59, 76, 40, 84, 25, 29, 6, 75, 90, 16, 88, 17, 36, 3, 10, 98, 65, 63, 93, 69, 41, 13, 86, 64, 23, 30, 48, 60, 50, 27, 83, 9, 12, 56, 58, 80, 97, 85, 79, 82, 18, 44, 22, 21, 37, 77, 43, 74, 8, 47, 33, 67, 71, 42, 1, 15, 45, 87, 81, 4, 78];[1, 65, 67, 4, 68, 69, 70, 71, 8, 72, 9, 74, 12, 13, 77, 78, 15, 16, 17, 81, 18, 82, 84, 85, 23, 87, 28, 92, 31, 97, 34, 35, 36, 37, 42, 47, 56, 57, 58]"
17046.434003,-35902.000000,"[0, 57, 66, 52, 62, 26, 61, 94, 11, 70, 32, 20, 73, 2, 14, 28, 89, 51, 99, 96, 53, 5, 55, 24, 35, 54, 38, 31, 92, 68, 46, 49, 39, 72, 95, 19, 34, 7, 91, 59, 76, 40, 84, 25, 29, 6, 75, 90, 16, 88, 17, 36, 3, 10, 15, 1, 42, 71, 67, 33, 47, 8, 74, 43, 77, 37, 21, 22, 44, 18, 82, 79, 85, 97, 80, 58, 56, 12, 9, 83, 27, 50, 60, 48, 30, 23, 64, 86, 13, 41, 69, 63, 93, 65, 98, 45, 87, 81, 4, 78];[0, 1, 2, 3, 4, 8, 9, 10, 11, 12, 13, 15, 16, 17, 18, 23, 28, 31, 34, 35, 36, 37, 41, 47, 48, 49, 50, 51, 56, 57, 58, 59, 60, 62, 64, 65, 66, 68, 69, 70, 71, 72, 74, 76, 81, 82, 84, 85, 86, 87, 91, 92, 93, 94, 95, 97, 98, 99]"
9589.323048,-23729.000000,"[0, 57, 66, 52, 62, 26, 61, 94, 11, 70, 32, 20, 73, 2, 14, 28, 89, 51, 99, 96, 53, 5, 55, 24, 35, 54, 38, 31, 92, 68, 46, 49, 39, 72, 95, 19, 34, 7, 91, 59, 76, 40, 84, 25, 29, 6, 75, 90, 16, 88, 17, 36, 3, 10, 98, 65, 63, 93, 69, 41, 13, 86, 64, 23, 30, 48, 60, 50, 27, 83, 9, 12, 56, 58, 80, 97, 85, 79, 82, 18, 44, 22, 21, 37, 77, 43, 74, 8, 47, 33, 67, 71, 42, 1, 15, 45, 87, 81, 4, 78];[1, 65, 67, 4, 68, 69, 70, 71, 8, 72, 9, 74, 12, 13, 77, 78, 15, 16, 17, 81, 18, 82, 84, 21, 85, 23, 87, 28, 92, 31, 97, 36, 42, 47, 56, 57, 58]"
15608.401372,-35279.000000,"[0, 57, 66, 52, 62, 26, 61, 94, 11, 70, 32, 20, 73, 2, 14, 28, 89, 51, 99, 96, 53, 5, 55, 24, 35, 54, 38, 31, 92, 68, 46, 49, 39, 72, 95, 19, 34, 7, 91, 59, 76, 40, 84, 25, 29, 6, 75, 90, 16, 88, 17, 36, 3, 10, 15, 1, 42, 71, 67, 33, 47, 8, 74, 43, 77, 37, 21, 22, 44, 18, 82, 79, 85, 97, 80, 58, 56, 12, 9, 83, 27, 50, 60, 48, 30, 23, 64, 86, 13, 41, 69, 63, 93, 65, 98, 45, 87, 81, 4, 78];[0, 1, 2, 3, 4, 8, 9, 10, 11, 12, 13, 15, 16, 17, 18, 23, 28, 31, 34, 35, 36, 37, 41, 47, 48, 49, 50, 51, 56, 57, 58, 59, 60, 64, 65, 66, 68, 69, 70, 71, 72, 74, 78, 81, 82, 84, 85, 86, 87, 91, 92, 93, 94, 95, 96, 97, 98, 99]"
9241.191070,-21736.000000,"[0, 57, 66, 52, 62, 26, 61, 94, 11, 70, 32, 20, 73, 2, 14, 28, 89, 51, 99, 96, 53, 5, 55, 24, 35, 54, 38, 31, 92, 68, 46, 49, 39, 72, 95, 19, 34, 7, 91, 59, 76, 40, 84, 25, 29, 6, 75, 90, 16, 88, 17, 36, 3, 10, 98, 65, 93, 63, 69, 41, 13, 86, 64, 23, 30, 48, 60, 50, 27, 83, 9, 12, 56, 58, 80, 97, 85, 79, 82, 18, 44, 22, 21, 37, 77, 43, 74, 8, 47, 33, 67, 71, 42, 1, 15, 45, 87, 81, 4, 78];[1, 65, 67, 4, 68, 69, 70, 71, 8, 72, 9, 74, 12, 13, 77, 78, 15, 16, 81, 18, 82, 84, 21, 85, 87, 28, 92, 97, 36, 42, 47, 56, 57, 58]"
8189.524962,-4437.000000,"[0, 57, 66, 52, 62, 26, 61, 94, 11, 70, 32, 20, 73, 2, 14, 28, 89, 51, 99, 96, 53, 5, 55, 24, 35, 54, 38, 31, 92, 68, 46, 49, 39, 72, 95, 19, 34, 7, 91, 59, 76, 40, 84, 25, 29, 6, 75, 90, 16, 88, 17, 36, 3, 10, 98, 65, 93, 63, 69, 41, 13, 86, 64, 23, 30, 48, 60, 50, 27, 83, 9, 12, 56, 58, 80, 97, 85, 79, 82, 18, 44, 22, 21, 37, 77, 43, 74, 8, 47, 33, 67, 71, 42, 1, 15, 45, 87, 81, 4, 78];[1, 81, 4, 71, 87, 8, 12]"
13298.231682,-33454.000000,"[0, 57, 66, 52, 62, 26, 61, 94, 11, 70, 32, 20, 73, 2, 14, 28, 89, 51, 99, 96, 53, 5, 55, 24, 35, 54, 38, 31, 92, 68, 46, 49, 39, 72, 95, 19, 34, 7, 91, 59, 76, 40, 84, 25, 29, 6, 75, 90, 16, 88, 17, 36, 3, 10, 15, 1, 42, 71, 67, 33, 47, 8, 74, 43, 77, 37, 21, 22, 44, 18, 82, 79, 85, 97, 80, 58, 56, 12, 9, 83, 27, 50, 60, 48, 30, 23, 64, 86, 13, 41, 69, 63, 93, 65, 98, 45, 87, 81, 4, 78];[0, 1, 4, 8, 9, 10, 12, 13, 15, 16, 17, 18, 23, 28, 31, 34, 35, 36, 37, 41, 47, 48, 49, 50, 51, 56, 57, 58, 59, 60, 64, 65, 66, 68, 69, 70, 71, 72, 74, 78, 81, 82, 84, 85, 86, 87, 91, 92, 93, 94, 95, 97, 98, 99]"
10098.859794,-25996.000000,"[0, 57, 66, 52, 62, 26, 61, 94, 11, 70, 32, 20, 73, 2, 14, 28, 89, 51, 99, 96, 53, 5, 55, 24, 35, 54, 38, 31, 92, 68, 46, 49, 39, 72, 95, 19, 34, 7, 91, 59, 76, 40, 84, 25, 29, 6, 75, 90, 16, 88, 17, 36, 3, 10, 98, 65, 63, 93, 69, 41, 13, 86, 64, 23, 30, 48, 60, 50, 27, 83, 9, 12, 56, 58, 80, 97, 85, 79, 82, 18, 44, 22, 21, 37, 77, 43, 74, 8, 47, 33, 67, 71, 42, 1, 15, 45, 87, 81, 4, 78];[1, 65, 67, 4, 68, 69, 70, 71, 8, 72, 9, 74, 12, 13, 77, 78, 15, 16, 17, 81, 18, 82, 84, 85, 23, 87, 28, 92, 94, 31, 97, 34, 35, 36, 37, 42, 43, 47, 56, 57, 58]"
15293.840616,-35159.000000,"[0, 57, 66, 52, 62, 26, 61, 94, 11, 70, 32, 20, 73, 2, 14, 28, 89, 51, 99, 96, 53, 5, 55, 24, 35, 54, 38, 31, 92, 68, 46, 49, 39, 72, 95, 19, 34, 7, 91, 59, 76, 40, 84, 25, 29, 6, 75, 90, 16, 88, 17, 36, 3, 10, 15, 1, 42, 71, 67, 33, 47, 8, 74, 43, 77, 37, 21, 22, 44, 18, 82, 79, 85, 97, 80, 58, 56, 12, 9, 83, 27, 50, 60, 48, 30, 23, 64, 86, 13, 41, 69, 63, 93, 65, 98, 45, 87, 81, 4, 78];[0, 1, 2, 3, 4, 8, 9, 10, 12, 13, 15, 16, 17, 18, 23, 28, 31, 34, 35, 36, 37, 41, 47, 48, 49, 50, 51, 56, 57, 58, 59, 60, 62, 64, 65, 66, 68, 69, 70, 71, 72, 74, 78, 81, 82, 84, 85, 86, 87, 91, 92, 93, 94, 95, 97, 98, 99]"
10478.548918,-27589.000000,"[0, 57, 66, 52, 62, 26, 61, 94, 11, 70, 32, 20, 73, 2, 14, 28, 89, 51, 99, 96, 53, 5, 55, 24, 35, 54, 38, 31, 92, 68, 46, 49, 39, 72, 95, 19, 34, 7, 91, 59, 76, 40, 84, 25, 29, 6, 75, 90, 16, 88, 17, 36, 3, 10, 98, 65, 63, 93, 69, 41, 13, 86, 64, 23, 30, 48, 60, 50, 27, 83, 9, 12, 56, 58, 80, 97, 85, 79, 82, 18, 44, 22, 21, 37, 77, 43, 74, 8, 47, 33, 67, 71, 42, 1, 15, 45, 87, 81, 4, 78];[1, 65, 66, 67, 4, 68, 69, 70, 71, 8, 72, 9, 74, 12, 13, 77, 78, 15, 16, 17, 81, 18, 82, 84, 85, 23, 87, 28, 92, 31, 97, 34, 35, 36, 37, 42, 47, 49, 51, 56, 57, 58]"
13873.598719,-33968.000000,"[0, 57, 66, 52, 62, 26, 61, 94, 11, 70, 32, 20, 73, 2, 14, 28, 89, 51, 99, 96, 53, 5, 55, 24, 35, 54, 38, 31, 92, 68, 46, 49, 39, 72, 95, 19, 34, 7, 91, 59, 76, 40, 84, 25, 29, 6, 75, 90, 16, 88, 17, 36, 3, 10, 15, 1, 42, 71, 67, 33, 47, 8, 74, 43, 77, 37, 21, 22, 44, 18, 82, 79, 85, 97, 80, 58, 56, 12, 9, 83, 27, 50, 60, 48, 30, 23, 64, 86, 13, 41, 69, 63, 93, 65, 98, 45, 87, 81, 4, 78];[0, 1, 2, 4, 8, 9, 10, 12, 13, 15, 16, 17, 18, 23, 28, 31, 34, 35, 36, 37, 41, 47, 48, 49, 50, 51, 56, 57, 58, 59, 60, 64, 65, 66, 68, 69, 70, 71, 72, 74, 78, 81, 82, 84, 85, 86, 87, 91, 92, 93, 94, 97, 98, 99]"
13514.797747,-33611.000000,"[0, 57, 66, 52, 62, 26, 61, 94, 11, 70, 32, 20, 73, 2, 14, 28, 89, 51, 99, 96, 53, 5, 55, 24, 35, 54, 38, 31, 92, 68, 46, 49, 39, 72, 95, 19, 34, 7, 91, 59, 76, 40, 84, 25, 29, 6, 75, 90, 16, 88, 17, 36, 3, 10, 15, 1, 42, 71, 67, 33, 47, 8, 74, 43, 77, 37, 21, 22, 44, 18, 82, 79, 85, 97, 80, 58, 56, 12, 9, 83, 27, 50, 60, 48, 30, 23, 64, 86, 13, 41, 69, 63, 93, 65, 98, 45, 87, 81, 4, 78];[1, 4, 8, 9, 10, 12, 13, 15, 16, 17, 18, 23, 28, 31, 34, 35, 36, 37, 41, 47, 48, 49, 50, 51, 56, 57, 58, 59, 60, 62, 64, 65, 66, 68, 69, 70, 71, 72, 74, 78, 81, 82, 84, 85, 86, 87, 91, 92, 93, 94, 95, 97, 98, 99]"
8207.911467,-5413.000000,"[0, 57, 66, 52, 62, 26, 61, 94, 11, 70, 32, 20, 73, 2, 14, 28, 89, 51, 99, 96, 53, 5, 55, 24, 35, 54, 38, 31, 92, 68, 46, 49, 39, 72, 95, 19, 34, 7, 91, 59, 76, 40, 84, 25, 29, 6, 75, 90, 16, 88, 17, 36, 3, 10, 98, 65, 63, 93, 69, 41, 13, 86, 64, 23, 30, 48, 60, 50, 27, 83, 9, 12, 56, 58, 80, 97, 85, 79, 82, 18, 44, 22, 21, 37, 77, 43, 74, 8, 47, 33, 67, 71, 42, 1, 15, 45, 87, 81, 4, 78];[1, 81, 82, 4, 71, 87, 8, 12]"
9071.041177,-20343.000000,"[0, 57, 66, 52, 62, 26, 61, 94, 11, 70, 32, 20, 73, 2, 14, 28, 89, 51, 99, 96, 53, 5, 55, 24, 35, 54, 38, 31, 92, 68, 46, 49, 39, 72, 95, 19, 34, 7, 91, 59, 76, 40, 84, 25, 29, 6, 75, 90, 16, 88, 17, 36, 3, 10, 98, 65, 63, 93, 69, 41, 13, 86, 64, 23, 30, 48, 60, 50, 27, 83, 9, 12, 56, 58, 80, 97, 85, 79, 82, 18, 44, 22, 21, 37, 77, 43, 74, 8, 47, 33, 67, 71, 42, 1, 15, 45, 87, 81, 4, 78];[64, 1, 65, 67, 4, 68, 69, 70, 71, 8, 72, 74, 12, 13, 78, 15, 16, 81, 18, 82, 84, 21, 85, 87, 28, 92, 97, 42, 47, 56, 57, 58]"
16770.090174,-35728.000000,"[0, 57, 66, 52, 62, 26, 61, 94, 11, 70, 32, 20, 73, 2, 14, 28, 89, 51, 99, 96, 53, 5, 55, 24, 35, 54, 38, 31, 92, 68, 46, 49, 39, 72, 95, 19, 34, 7, 91, 59, 76, 40, 84, 25, 29, 6, 75, 90, 16, 88, 17, 36, 3, 10, 15, 1, 42, 71, 67, 33, 47, 8, 74, 43, 77, 37, 21, 22, 44, 18, 82, 79, 85, 97, 80, 58, 56, 12, 9, 83, 27, 50, 60, 48, 30, 23, 64, 86, 13, 41, 69, 63, 93, 65, 98, 45, 87, 81, 4, 78];[0, 1, 2, 3, 4, 6, 8, 9, 10, 12, 13, 15, 16, 17, 18, 23, 28, 31, 34, 35, 36, 37, 41, 47, 48, 49, 50, 51, 56, 57, 58, 59, 60, 62, 64, 65, 66, 68, 69, 70, 71, 72, 74, 76, 81, 82, 84, 85, 86, 87, 91, 92, 93, 94, 95, 96, 97, 98, 99]"
17781.424808,-36067.000000,"[0, 57, 66, 52, 62, 26, 61, 94, 11, 70, 32, 20, 73, 2, 14, 28, 89, 51, 99, 96, 53, 5, 55, 24, 35, 54, 38, 31, 92, 68, 46, 49, 39, 72, 95, 19, 34, 7, 91, 59, 76, 40, 84, 25, 29, 6, 75, 90, 16, 88, 17, 36, 3, 10, 15, 1, 42, 71, 67, 33, 47, 8, 74, 43, 77, 37, 21, 22, 44, 18, 82, 79, 85, 97, 80, 58, 56, 12, 9, 83, 27, 50, 60, 48, 30, 23, 64, 86, 13, 41, 69, 63, 93, 65, 98, 45, 87, 81, 4, 78];[0, 1, 2, 4, 8, 9, 10, 11, 12, 13, 15, 16, 17, 18, 23, 24, 28, 31, 34, 35, 36, 37, 40, 47, 49, 50, 51, 56, 57, 58, 59, 60, 62, 64, 65, 66, 68, 69, 70, 71, 72, 74, 77, 81, 82, 84, 85, 86, 87, 91, 92, 93, 94, 95, 96, 97, 98, 99]"
8161.200993,-1701.000000,"[0, 57, 66, 52, 62, 26, 61, 94, 11, 70, 32, 20, 73, 2, 14, 28, 89, 51, 99, 96, 53, 5, 55, 24, 35, 54, 38, 31, 92, 68, 46, 49, 39, 72, 95, 19, 34, 7, 91, 59, 76, 40, 84, 25, 29, 6, 75, 90, 16, 88, 17, 36, 3, 10, 98, 65, 63, 93, 69, 41, 13, 86, 64, 23, 30, 48, 60, 50, 27, 83, 9, 12, 56, 58, 80, 97, 85, 79, 82, 18, 44, 22, 21, 37, 77, 43, 74, 8, 47, 33, 67, 71, 42, 1, 15, 45, 87, 81, 4, 78];[1, 4, 78]"
8754.159833,-17230.000000,"[0, 57, 66, 52, 62, 26, 61, 94, 11, 70, 32, 20, 73, 2, 14, 28, 89, 51, 99, 96, 53, 5, 55, 24, 35, 54, 38, 31, 92, 68, 46, 49, 39, 72, 95, 19, 34, 7, 91, 59, 76, 40, 84, 25, 29, 6, 75, 90, 16, 88, 17, 36, 3, 10, 98, 65, 63, 93, 69, 41, 13, 86, 64, 23, 30, 48, 60, 50, 27, 83, 9, 12, 56, 58, 80, 97, 85, 79, 82, 18, 44, 22, 21, 37, 77, 43, 74, 8, 47, 33, 67, 71, 42, 1, 15, 45, 87, 81, 4, 78];[1, 67, 4, 68, 69, 70, 71, 8, 72, 74, 12, 13, 78, 15, 16, 81, 18, 82, 84, 21, 85, 87, 28, 97, 42, 47, 56, 58]"
10361.045108,-27087.000000,"[0, 57, 66, 52, 62, 26, 61, 94, 11, 70, 32, 20, 73, 2, 14, 28, 89, 51, 99, 96, 53, 5, 55, 24, 35, 54, 38, 31, 92, 68, 46, 49, 39, 72, 95, 19, 34, 7, 91, 59, 76, 40, 84, 25, 29, 6, 75, 90, 16, 88, 17, 36, 3, 10, 98, 65, 63, 93, 69, 41, 13, 86, 64, 23, 30, 48, 60, 50, 27, 83, 9, 12, 56, 58, 80, 97, 85, 79, 82, 18, 44, 22, 21, 37, 77, 43, 74, 8, 47, 33, 67, 71, 42, 1, 15, 45, 87, 81, 4, 78];[1, 65, 66, 67, 4, 68, 69, 70, 71, 8, 72, 9, 74, 12, 13, 78, 15, 16, 17, 81, 18, 82, 84, 85, 23, 87, 28, 92, 31, 97, 34, 35, 36, 37, 42, 47, 49, 51, 56, 57, 58]"
12033.104457,-31281.000000,"[0, 57, 66, 52, 62, 26, 61, 94, 11, 70, 32, 20, 73, 2, 14, 28, 89, 51, 99, 96, 53, 5, 55, 24, 35, 54, 38, 31, 92, 68, 46, 49, 39, 72, 95, 19, 34, 7, 91, 59, 76, 40, 84, 25, 29, 6, 75, 90, 16, 88, 17, 36, 3, 10, 15, 1, 42, 71, 67, 33, 47, 8, 74, 43, 77, 37, 21, 22, 44, 18, 82, 79, 85, 97, 80, 58, 56, 12, 9, 83, 27, 50, 60, 48, 30, 23, 64, 86, 13, 41, 69, 63, 93, 65, 98, 45, 87, 81, 4, 78];[1, 4, 8, 9, 12, 13, 15, 16, 17, 18, 23, 27, 28, 31, 34, 35, 36, 41, 48, 49, 50, 51, 56, 57, 58, 59, 60, 64, 65, 66, 68, 69, 70, 71, 72, 74, 78, 81, 82, 84, 85, 86, 87, 91, 92, 93, 94, 95, 96, 97, 98, 99]"
13689.472097,-33829.000000,"[0, 57, 66, 52, 62, 26, 61, 94, 11, 70, 32, 20, 73, 2, 14, 28, 89, 51, 99, 96, 53, 5, 55, 24, 35, 54, 38, 31, 92, 68, 46, 49, 39, 72, 95, 19, 34, 7, 91, 59, 76, 40, 84, 25, 29, 6, 75, 90, 16, 88, 17, 36, 3, 10, 15, 1, 42, 71, 67, 33, 47, 8, 74, 43, 77, 37, 21, 22, 44, 18, 82, 79, 85, 97, 80, 58, 56, 12, 9, 83, 27, 50, 60, 48, 30, 23, 64, 86, 13, 41, 69, 63, 93, 65, 98, 45, 87, 81, 4, 78];[0, 1, 4, 8, 9, 10, 12, 13, 15, 16, 17, 18, 23, 28, 31, 34, 35, 36, 37, 41, 47, 48, 49, 50, 51, 56, 57, 58, 59, 60, 64, 65, 66, 68, 69, 70, 71, 72, 74, 78, 81, 82, 84, 85, 86, 87, 91, 92, 93, 94, 95, 96, 97, 98, 99]"
18157.885121,-36173.000000,"[0, 57, 66, 52, 62, 26, 61, 94, 11, 70, 32, 20, 73, 2, 14, 28, 89, 51, 99, 96, 53, 5, 55, 24, 35, 54, 38, 31, 92, 68, 46, 49, 39, 72, 95, 19, 34, 7, 91, 59, 76, 40, 84, 25, 29, 6, 75, 90, 16, 88, 17, 36, 3, 10, 15, 1, 42, 71, 67, 33, 47, 8, 74, 43, 77, 37, 21, 22, 44, 18, 82, 79, 85, 97, 80, 58, 56, 12, 9, 83, 27, 50, 60, 48, 30, 23, 64, 86, 13, 41, 69, 63, 93, 65, 98, 45, 87, 81, 4, 78];[0, 1, 2, 3, 4, 8, 9, 10, 11, 12, 13, 15, 16, 17, 18, 23, 24, 28, 31, 34, 35, 36, 37, 47, 49, 50, 51, 54, 56, 57, 58, 59, 60, 62, 64, 65, 66, 68, 69, 70, 71, 72, 74, 76, 81, 82, 84, 85, 86, 87, 91, 92, 93, 94, 97, 98, 99]"
12973.791151,-33058.000000,"[0, 57, 66, 52, 62, 26, 61, 94, 11, 70, 32, 20, 73, 2, 14, 28, 89, 51, 99, 96, 53, 5, 55, 24, 35, 54, 38, 31, 92, 68, 46, 49, 39, 72, 95, 19, 34, 7, 91, 59, 76, 40, 84, 25, 29, 6, 75, 90, 16, 88, 17, 36, 3, 10, 15, 1, 42, 71, 67, 33, 47, 8, 74, 43, 77, 37, 21, 22, 44, 18, 82, 79, 85, 97, 80, 58, 56, 12, 9, 83, 27, 50, 60, 48, 30, 23, 64, 86, 13, 41, 69, 63, 93, 65, 98, 45, 87, 81, 4, 78];[1, 4, 8, 9, 10, 12, 13, 15, 16, 17, 18, 23, 28, 31, 34, 35, 36, 37, 41, 47, 48, 49, 50, 51, 56, 57, 58, 59, 60, 63, 64, 65, 66, 68, 69, 70, 71, 72, 74, 78, 81, 82, 84, 85, 86, 87, 91, 92, 93, 94, 97, 98, 99]"
10279.953058,-26720.000000,"[0, 57, 66, 52, 62, 26, 61, 94, 11, 70, 32, 20, 73, 2, 14, 28, 89, 51, 99, 96, 53, 5, 55, 24, 35, 54, 38, 31, 92, 68, 46, 49, 39, 72, 95, 19, 34, 7, 91, 59, 76, 40, 84, 25, 29, 6, 75, 90, 16, 88, 17, 36, 3, 10, 98, 65, 63, 93, 69, 41, 13, 86, 64, 23, 30, 48, 60, 50, 27, 83, 9, 12, 56, 58, 80, 97, 85, 79, 82, 18, 44, 22, 21, 37, 77, 43, 74, 8, 47, 33, 67, 71, 42, 1, 15, 45, 87, 81, 4, 78];[1, 65, 66, 67, 4, 68, 69, 70, 71, 8, 72, 9, 74, 12, 13, 77, 78, 15, 16, 17, 81, 18, 82, 84, 85, 23, 87, 28, 92, 31, 97, 34, 35, 36, 37, 42, 47, 51, 56, 57, 58]"
8361.868585,-10670.000000,"[0, 57, 66, 52, 62, 26, 61, 94, 11, 70, 32, 20, 73, 2, 14, 28, 89, 51, 99, 96, 53, 5, 55, 24, 35, 54, 38, 31, 92, 68, 46, 49, 39, 72, 95, 19, 34, 7, 91, 59, 76, 40, 84, 25, 29, 6, 75, 90, 16, 88, 17, 36, 3, 10, 98, 65, 63, 93, 69, 41, 13, 86, 64, 23, 30, 48, 60, 50, 27, 83, 9, 12, 56, 58, 80, 97, 85, 79, 82, 18, 44, 22, 21, 37, 77, 43, 74, 8, 47, 33, 67, 71, 42, 1, 15, 45, 87, 81, 4, 78];[1, 4, 70, 71, 8, 74, 12, 78, 15, 16, 81, 82, 84, 85, 87, 56, 58]"
14372.974497,-34412.000000,"[0, 57, 66, 52, 62, 26, 61, 94, 11, 70, 32, 20, 73, 2, 14, 28, 89, 51, 99, 96, 53, 5, 55, 24, 35, 54, 38, 31, 92, 68, 46, 49, 39, 72, 95, 19, 34, 7, 91, 59, 76, 40, 84, 25, 29, 6, 75, 90, 16, 88, 17, 36, 3, 10, 15, 1, 42, 71, 67, 33, 47, 8, 74, 43, 77, 37, 21, 22, 44, 18, 82, 79, 85, 97, 80, 58, 56, 12, 9, 83, 27, 50, 60, 48, 30, 23, 64, 86, 13, 41, 69, 63, 93, 65, 98, 45, 87, 81, 4, 78];[0, 1, 2, 4, 8, 9, 10, 12, 13, 15, 16, 17, 18, 23, 28, 31, 34, 35, 36, 37, 41, 47, 48, 49, 50, 51, 56, 57, 58, 59, 60, 64, 65, 66, 68, 69, 70, 71, 72, 74, 78, 81, 82, 84, 85, 86, 87, 91, 92, 93, 94, 95, 96, 97, 98, 99]"
11252.508217,-29830.000000,"[0, 57, 66, 52, 62, 26, 61, 94, 11, 70, 32, 20, 73, 2, 14, 28, 89, 51, 99, 96, 53, 5, 55, 24, 35, 54, 38, 31, 92, 68, 46, 49, 39, 72, 95, 19, 34, 7, 91, 59, 76, 40, 84, 25, 29, 6, 75, 90, 16, 88, 17, 36, 3, 10, 98, 65, 63, 93, 69, 41, 13, 86, 64, 23, 30, 48, 60, 50, 27, 83, 9, 12, 56, 58, 80, 97, 85, 79, 82, 18, 44, 22, 21, 37, 77, 43, 74, 8, 47, 33, 67, 71, 42, 1, 15, 45, 87, 81, 4, 78];[1, 65, 66, 67, 4, 68, 69, 70, 71, 8, 72, 9, 74, 12, 13, 77, 78, 15, 16, 17, 81, 18, 82, 84, 21, 85, 23, 87, 28, 92, 93, 94, 31, 97, 34, 98, 35, 99, 36, 37, 42, 43, 47, 49, 51, 56, 57, 58]"
14085.136236,-34216.000000,"[0, 57, 66, 52, 62, 26, 61, 94, 11, 70, 32, 20, 73, 2, 14, 28, 89, 51, 99, 96, 53, 5, 55, 24, 35, 54, 38, 31, 92, 68, 46, 49, 39, 72, 95, 19, 34, 7, 91, 59, 76, 40, 84, 25, 29, 6, 75, 90, 16, 88, 17, 36, 3, 10, 15, 1, 42, 71, 67, 33, 47, 8, 74, 43, 77, 37, 21, 22, 44, 18, 82, 79, 85, 97, 80, 58, 56, 12, 9, 83, 27, 50, 60, 48, 30, 23, 64, 86, 13, 41, 69, 63, 93, 65, 98, 45, 87, 81, 4, 78];[0, 1, 4, 8, 9, 10, 12, 13, 15, 16, 17, 18, 23, 28, 31, 34, 35, 36, 37, 41, 47, 48, 49, 50, 51, 56, 57, 58, 59, 60, 62, 64, 65, 66, 68, 69, 70, 71, 72, 74, 78, 81, 82, 84, 85, 86, 87, 91, 92, 93, 94, 97, 98, 99]"
16623.960424,-35701.000000,"[0, 57, 66, 52, 62, 26, 61, 94, 11, 70, 32, 20, 73, 2, 14, 28, 89, 51, 99, 96, 53, 5, 55, 24, 35, 54, 38, 31, 92, 68, 46, 49, 39, 72, 95, 19, 34, 7, 91, 59, 76, 40, 84, 25, 29, 6, 75, 90, 16, 88, 17, 36, 3, 10, 15, 1, 42, 71, 67, 33, 47, 8, 74, 43, 77, 37, 21, 22, 44, 18, 82, 79, 85, 97, 80, 58, 56, 12, 9, 83, 27, 50, 60, 48, 30, 23, 64, 86, 13, 41, 69, 63, 93, 65, 98, 45, 87, 81, 4, 78];[0, 1, 2, 3, 4, 8, 9, 10, 12, 13, 15, 16, 17, 18, 23, 28, 31, 34, 35, 36, 37, 41, 47, 48, 49, 50, 51, 56, 57, 58, 59, 60, 62, 64, 65, 66, 68, 69, 70, 71, 72, 74, 76, 81, 82, 84, 85, 86, 87, 91, 92, 93, 94, 95, 96, 97, 98, 99]"
8537.145392,-14040.000000,"[0, 57, 66, 52, 62, 26, 61, 94, 11, 70, 32, 20, 73, 2, 14, 28, 89, 51, 99, 96, 53, 5, 55, 24, 35, 54, 38, 31, 92, 68, 46, 49, 39, 72, 95, 19, 34, 7, 91, 59, 76, 40, 84, 25, 29, 6, 75, 90, 16, 88, 17, 36, 3, 10, 98, 65, 63, 93, 69, 41, 13, 86, 64, 23, 30, 48, 60, 50, 27, 83, 9, 12, 56, 58, 80, 97, 85, 79, 82, 18, 44, 22, 21, 37, 77, 43, 74, 8, 47, 33, 67, 71, 42, 1, 15, 45, 87, 81, 4, 78];[1, 4, 70, 71, 8, 42, 74, 12, 13, 78, 15, 47, 16, 81, 18, 82, 84, 21, 85, 87, 56, 58, 28]"
8230.753296,-6617.000000,"[0, 57, 66, 52, 62, 26, 61, 94, 11, 70, 32, 20, 73, 2, 14, 28, 89, 51, 99, 96, 53, 5, 55, 24, 35, 54, 38, 31, 92, 68, 46, 49, 39, 72, 95, 19, 34, 7, 91, 59, 76, 40, 84, 25, 29, 6, 75, 90, 16, 88, 17, 36, 3, 10, 98, 65, 93, 63, 69, 41, 13, 86, 64, 23, 30, 48, 60, 50, 27, 83, 9, 12, 56, 58, 80, 97, 85, 79, 82, 18, 44, 22, 21, 37, 77, 43, 74, 8, 47, 33, 67, 71, 42, 1, 15, 45, 87, 81, 4, 78];[16, 1, 81, 4, 71, 87, 8, 56, 58, 12, 15]"
14599.401635,-34606.000000,"[0, 57, 66, 52, 62, 26, 61, 94, 11, 70, 32, 20, 73, 2, 14, 28, 89, 51, 99, 96, 53, 5, 55, 24, 35, 54, 38, 31, 92, 68, 46, 49, 39, 72, 95, 19, 34, 7, 91, 59, 76, 40, 84, 25, 29, 6, 75, 90, 16, 88, 17, 36, 3, 10, 15, 1, 42, 71, 67, 33, 47, 8, 74, 43, 77, 37, 21, 22, 44, 18, 82, 79, 85, 97, 80, 58, 56, 12, 9, 83, 27, 50, 60, 48, 30, 23, 64, 86, 13, 41, 69, 63, 93, 65, 98, 45, 87, 81, 4, 78];[0, 1, 2, 3, 4, 8, 9, 10, 12, 13, 15, 16, 17, 18, 23, 28, 31, 34, 35, 36, 37, 41, 47, 48, 49, 50, 51, 56, 57, 58, 59, 60, 63, 64, 65, 66, 68, 69, 70, 71, 72, 74, 78, 81, 82, 84, 85, 86, 87, 91, 92, 93, 94, 97, 98, 99]"
13116.235694,-33155.000000,"[0, 57, 66, 52, 62, 26, 61, 94, 11, 70, 32, 20, 73, 2, 14, 28, 89, 51, 99, 96, 53, 5, 55, 24, 35, 54, 38, 31, 92, 68, 46, 49, 39, 72, 95, 19, 34, 7, 91, 59, 76, 40, 84, 25, 29, 6, 75, 90, 16, 88, 17, 36, 3, 10, 15, 1, 42, 71, 67, 33, 47, 8, 74, 43, 77, 37, 21, 22, 44, 18, 82, 79, 85, 97, 80, 58, 56, 12, 9, 83, 27, 50, 60, 48, 30, 23, 64, 86, 13, 41, 69, 63, 93, 65, 98, 45, 87, 81, 4, 78];[1, 4, 8, 9, 10, 12, 13, 15, 16, 17, 18, 23, 28, 31, 34, 35, 36, 37, 41, 47, 48, 49, 50, 51, 56, 57, 58, 59, 60, 64, 65, 66, 68, 69, 70, 71, 72, 74, 78, 81, 82, 84, 85, 86, 87, 91, 92, 93, 94, 95, 96, 97, 98, 99]"
8301.825574,-9455.000000,"[0, 57, 66, 52, 62, 26, 61, 94, 11, 70, 32, 20, 73, 2, 14, 28, 89, 51, 99, 96, 53, 5, 55, 24, 35, 54, 38, 31, 92, 68, 46, 49, 39, 72, 95, 19, 34, 7, 91, 59, 76, 40, 84, 25, 29, 6, 75, 90, 16, 88, 17, 36, 3, 10, 98, 65, 93, 63, 69, 41, 13, 86, 64, 23, 30, 48, 60, 50, 27, 83, 9, 12, 56, 58, 80, 97, 85, 79, 82, 18, 44, 22, 21, 37, 77, 43, 74, 8, 47, 33, 67, 71, 42, 1, 15, 45, 87, 81, 4, 78];[1, 4, 70, 71, 8, 74, 12, 78, 15, 16, 81, 82, 87, 56, 58]"
8345.574132,-9986.000000,"[0, 57, 66, 52, 62, 26, 61, 94, 11, 70, 32, 20, 73, 2, 14, 28, 89, 51, 99, 96, 53, 5, 55, 24, 35, 54, 38, 31, 92, 68, 46, 49, 39, 72, 95, 19, 34, 7, 91, 59, 76, 40, 84, 25, 29, 6, 75, 90, 16, 88, 17, 36, 3, 10, 98, 65, 63, 93, 69, 41, 13, 86, 64, 23, 30, 48, 60, 50, 27, 83, 9, 12, 56, 58, 80, 97, 85, 79, 82, 18, 44, 22, 21, 37, 77, 43, 74, 8, 47, 33, 67, 71, 42, 1, 15, 45, 87, 81, 4, 78];[1, 4, 70, 71, 8, 42, 12, 78, 15, 47, 16, 81, 82, 56, 58, 28]"
12767.405146,-32780.000000,"[0, 57, 66, 52, 62, 26, 61, 94, 11, 70, 32, 20, 73, 2, 14, 28, 89, 51, 99, 96, 53, 5, 55, 24, 35, 54, 38, 31, 92, 68, 46, 49, 39, 72, 95, 19, 34, 7, 91, 59, 76, 40, 84, 25, 29, 6, 75, 90, 16, 88, 17, 36, 3, 10, 15, 1, 42, 71, 67, 33, 47, 8, 74, 43, 77, 37, 21, 22, 44, 18, 82, 79, 85, 97, 80, 58, 56, 12, 9, 83, 27, 50, 60, 48, 30, 23, 64, 86, 13, 41, 69, 63, 93, 65, 98, 45, 87, 81, 4, 78];[1, 4, 8, 9, 10, 12, 13, 15, 16, 17, 18, 23, 28, 31, 34, 35, 36, 37, 41, 47, 48, 49, 50, 51, 56, 57, 58, 59, 60, 64, 65, 66, 68, 69, 70, 71, 72, 74, 78, 81, 82, 84, 85, 86, 87, 91, 92, 93, 94, 95, 97, 98, 99]"
10901.290610,-28426.000000,"[0, 57, 66, 52, 62, 26, 61, 94, 11, 70, 32, 20, 73, 2, 14, 28, 89, 51, 99, 96, 53, 5, 55, 24, 35, 54, 38, 31, 92, 68, 46, 49, 39, 72, 95, 19, 34, 7, 91, 59, 76, 40, 84, 25, 29, 6, 75, 90, 16, 88, 17, 36, 3, 10, 98, 65, 63, 93, 69, 41, 13, 86, 64, 23, 30, 48, 60, 50, 27, 83, 9, 12, 56, 58, 80, 97, 85, 79, 82, 18, 44, 22, 21, 37, 77, 43, 74, 8, 47, 33, 67, 71, 42, 1, 15, 45, 87, 81, 4, 78];[1, 65, 66, 67, 4, 68, 69, 70, 71, 8, 72, 74, 12, 13, 77, 78, 15, 16, 17, 81, 18, 82, 84, 21, 85, 23, 87, 91, 28, 92, 31, 97, 34, 35, 36, 37, 42, 43, 47, 49, 51, 56, 57, 58, 60]"
9005.544627,-19693.000000,"[0, 57, 66, 52, 62, 26, 61, 94, 11, 70, 32, 20, 73, 2, 14, 28, 89, 51, 99, 96, 53, 5, 55, 24, 35, 54, 38, 31, 92, 68, 46, 49, 39, 72, 95, 19, 34, 7, 91, 59, 76, 40, 84, 25, 29, 6, 75, 90, 16, 88, 17, 36, 3, 10, 98, 65, 63, 93, 69, 41, 13, 86, 64, 23, 30, 48, 60, 50, 27, 83, 9, 12, 56, 58, 80, 97, 85, 79, 82, 18, 44, 22, 21, 37, 77, 43, 74, 8, 47, 33, 67, 71, 42, 1, 15, 45, 87, 81, 4, 78];[1, 65, 67, 4, 68, 69, 70, 71, 8, 72, 74, 12, 13, 78, 15, 16, 81, 18, 82, 84, 21, 85, 87, 25, 28, 92, 97, 42, 47, 56, 57, 58]"
8479.863587,-12908.000000,"[0, 57, 66, 52, 62, 26, 61, 94, 11, 70, 32, 20, 73, 2, 14, 28, 89, 51, 99, 96, 53, 5, 55, 24, 35, 54, 38, 31, 92, 68, 46, 49, 39, 72, 95, 19, 34, 7, 91, 59, 76, 40, 84, 25, 29, 6, 75, 90, 16, 88, 17, 36, 3, 10, 98, 65, 63, 93, 69, 41, 13, 86, 64, 23, 30, 48, 60, 50, 27, 83, 9, 12, 56, 58, 80, 97, 85, 79, 82, 18, 44, 22, 21, 37, 77, 43, 74, 8, 47, 33, 67, 71, 42, 1, 15, 45, 87, 81, 4, 78];[1, 97, 4, 70, 71, 8, 42, 74, 12, 78, 15, 16, 81, 82, 84, 85, 87, 56, 58, 92]"
8387.727850,-11316.000000,"[0, 57, 66, 52, 62, 26, 61, 94, 11, 70, 32, 20, 73, 2, 14, 28, 89, 51, 99, 96, 53, 5, 55, 24, 35, 54, 38, 31, 92, 68, 46, 49, 39, 72, 95, 19, 34, 7, 91, 59, 76, 40, 84, 25, 29, 6, 75, 90, 16, 88, 17, 36, 3, 10, 98, 65, 93, 63, 69, 41, 13, 86, 64, 23, 30, 48, 60, 50, 27, 83, 9, 12, 56, 58, 80, 97, 85, 79, 82, 18, 44, 22, 21, 37, 77, 43, 74, 8, 47, 33, 67, 71, 42, 1, 15, 45, 87, 81, 4, 78];[1, 4, 70, 71, 8, 42, 74, 12, 78, 15, 16, 81, 82, 84, 85, 87, 56, 58]"
17422.364619,-36035.000000,"[0, 57, 66, 52, 62, 26, 61, 94, 11, 70, 32, 20, 73, 2, 14, 28, 89, 51, 99, 96, 53, 5, 55, 24, 35, 54, 38, 31, 92, 68, 46, 49, 39, 72, 95, 19, 34, 7, 91, 59, 76, 40, 84, 25, 29, 6, 75, 90, 16, 88, 17, 36, 3, 10, 15, 1, 42, 71, 67, 33, 47, 8, 74, 43, 77, 37, 21, 22, 44, 18, 82, 79, 85, 97, 80, 58, 56, 12, 9, 83, 27, 50, 60, 48, 30, 23, 64, 86, 13, 41, 69, 63, 93, 65, 98, 45, 87, 81, 4, 78];[0, 1, 2, 4, 8, 9, 10, 12, 13, 15, 16, 17, 18, 23, 28, 31, 34, 35, 36, 37, 41, 47, 48, 49, 50, 51, 54, 56, 57, 58, 59, 60, 62, 64, 65, 66, 68, 69, 70, 71, 72, 74, 76, 81, 82, 84, 85, 86, 87, 91, 92, 93, 94, 95, 96, 97, 98, 99]"
11751.121002,-30890.000000,"[0, 57, 66, 52, 62, 26, 61, 94, 11, 70, 32, 20, 73, 2, 14, 28, 89, 51, 99, 96, 53, 5, 55, 24, 35, 54, 38, 31, 92, 68, 46, 49, 39, 72, 95, 19, 34, 7, 91, 59, 76, 40, 84, 25, 29, 6, 75, 90, 16, 88, 17, 36, 3, 10, 98, 65, 63, 93, 69, 41, 13, 86, 64, 23, 30, 48, 60, 50, 27, 83, 9, 12, 56, 58, 80, 97, 85, 79, 82, 18, 44, 22, 21, 37, 77, 43, 74, 8, 47, 33, 67, 71, 42, 1, 15, 45, 87, 81, 4, 78];[1, 4, 8, 9, 12, 13, 15, 16, 17, 18, 23, 28, 31, 34, 35, 36, 37, 42, 47, 49, 51, 56, 57, 58, 65, 66, 67, 68, 69, 70, 71, 72, 74, 77, 78, 81, 82, 84, 85, 86, 87, 91, 92, 93, 94, 95, 97, 98, 99]"
8791.986046,-17934.000000,"[0, 57, 66, 52, 62, 26, 61, 94, 11, 70, 32, 20, 73, 2, 14, 28, 89, 51, 99, 96, 53, 5, 55, 24, 35, 54, 38, 31, 92, 68, 46, 49, 39, 72, 95, 19, 34, 7, 91, 59, 76, 40, 84, 25, 29, 6, 75, 90, 16, 88, 17, 36, 3, 10, 98, 65, 93, 63, 69, 41, 13, 86, 64, 23, 30, 48, 60, 50, 27, 83, 9, 12, 56, 58, 80, 97, 85, 79, 82, 18, 44, 22, 21, 37, 77, 43, 74, 8, 47, 33, 67, 71, 42, 1, 15, 45, 87, 81, 4, 78];[1, 67, 4, 68, 69, 70, 71, 8, 72, 74, 12, 13, 78, 15, 16, 81, 18, 82, 84, 21, 85, 87, 28, 92, 97, 42, 47, 56, 58]"
8255.135388,-7835.000000,"[0, 57, 66, 52, 62, 26, 61, 94, 11, 70, 32, 20, 73, 2, 14, 28, 89, 51, 99, 96, 53, 5, 55, 24, 35, 54, 38, 31, 92, 68, 46, 49, 39, 72, 95, 19, 34, 7, 91, 59, 76, 40, 84, 25, 29, 6, 75, 90, 16, 88, 17, 36, 3, 10, 98, 65, 63, 93, 69, 41, 13, 86, 64, 23, 30, 48, 60, 50, 27, 83, 9, 12, 56, 58, 80, 97, 85, 79, 82, 18, 44, 22, 21, 37, 77, 43, 74, 8, 47, 33, 67, 71, 42, 1, 15, 45, 87, 81, 4, 78];[1, 4, 70, 71, 8, 12, 78, 15, 16, 81, 82, 56, 58]"
15027.392670,-34904.000000,"[0, 57, 66, 52, 62, 26, 61, 94, 11, 70, 32, 20, 73, 2, 14, 28, 89, 51, 99, 96, 53, 5, 55, 24, 35, 54, 38, 31, 92, 68, 46, 49, 39, 72, 95, 19, 34, 7, 91, 59, 76, 40, 84, 25, 29, 6, 75, 90, 16, 88, 17, 36, 3, 10, 15, 1, 42, 71, 67, 33, 47, 8, 74, 43, 77, 37, 21, 22, 44, 18, 82, 79, 85, 97, 80, 58, 56, 12, 9, 83, 27, 50, 60, 48, 30, 23, 64, 86, 13, 41, 69, 63, 93, 65, 98, 45, 87, 81, 4, 78];[0, 1, 2, 3, 4, 8, 9, 10, 11, 12, 13, 15, 16, 17, 18, 23, 28, 31, 34, 35, 36, 37, 41, 47, 48, 49, 50, 51, 56, 57, 58, 59, 60, 64, 65, 66, 68, 69, 70, 71, 72, 74, 78, 81, 82, 84, 85, 86, 87, 91, 92, 93, 94, 95, 97, 98, 99]"
11611.491429,-30634.000000,"[0, 57, 66, 52, 62, 26, 61, 94, 11, 70, 32, 20, 73, 2, 14, 28, 89, 51, 99, 96, 53, 5, 55, 24, 35, 54, 38, 31, 92, 68, 46, 49, 39, 72, 95, 19, 34, 7, 91, 59, 76, 40, 84, 25, 29, 6, 75, 90, 16, 88, 17, 36, 3, 10, 15, 1, 42, 71, 67, 33, 47, 8, 74, 43, 77, 37, 21, 22, 44, 18, 82, 79, 85, 97, 80, 58, 56, 12, 9, 83, 27, 50, 60, 48, 30, 23, 64, 86, 13, 41, 69, 63, 93, 65, 98, 45, 87, 81, 4, 78];[1, 4, 8, 9, 12, 13, 15, 16, 17, 18, 23, 28, 31, 34, 35, 36, 41, 48, 49, 50, 51, 56, 57, 58, 59, 60, 64, 65, 66, 68, 69, 70, 71, 72, 74, 78, 81, 82, 84, 85, 86, 87, 91, 92, 93, 94, 97, 98, 99]"
8513.171923,-13453.000000,"[0, 57, 66, 52, 62, 26, 61, 94, 11, 70, 32, 20, 73, 2, 14, 28, 89, 51, 99, 96, 53, 5, 55, 24, 35, 54, 38, 31, 92, 68, 46, 49, 39, 72, 95, 19, 34, 7, 91, 59, 76, 40, 84, 25, 29, 6, 75, 90, 16, 88, 17, 36, 3, 10, 98, 65, 63, 93, 69, 41, 13, 86, 64, 23, 30, 48, 60, 50, 27, 83, 9, 12, 56, 58, 80, 97, 85, 79, 82, 18, 44, 22, 21, 37, 77, 43, 74, 8, 47, 33, 67, 71, 42, 1, 15, 45, 87, 81, 4, 78];[1, 97, 67, 4, 70, 71, 8, 42, 74, 12, 78, 15, 16, 81, 82, 84, 85, 87, 56, 58, 92]"
17331.448999,-35909.000000,"[0, 57, 66, 52, 62, 26, 61, 94, 11, 70, 32, 20, 73, 2, 14, 28, 89, 51, 99, 96, 53, 5, 55, 24, 35, 54, 38, 31, 92, 68, 46, 49, 39, 72, 95, 19, 34, 7, 91, 59, 76, 40, 84, 25, 29, 6, 75, 90, 16, 88, 17, 36, 3, 10, 15, 1, 42, 71, 67, 33, 47, 8, 74, 43, 77, 37, 21, 22, 44, 18, 82, 79, 85, 97, 80, 58, 56, 12, 9, 83, 27, 50, 60, 48, 30, 23, 64, 86, 13, 41, 69, 63, 93, 65, 98, 45, 87, 81, 4, 78];[0, 1, 2, 3, 4, 8, 9, 10, 11, 12, 13, 15, 16, 17, 18, 23, 25, 28, 31, 34, 35, 36, 37, 41, 47, 48, 49, 50, 51, 56, 57, 58, 59, 60, 62, 64, 65, 66, 68, 69, 70, 71, 72, 74, 76, 81, 82, 84, 85, 86, 87, 91, 92, 93, 94, 95, 97, 98, 99]"
11440.240022,-29952.000000,"[0, 57, 66, 52, 62, 26, 61, 94, 11, 70, 32, 20, 73, 2, 14, 28, 89, 51, 99, 96, 53, 5, 55, 24, 35, 54, 38, 31, 92, 68, 46, 49, 39, 72, 95, 19, 34, 7, 91, 59, 76, 40, 84, 25, 29, 6, 75, 90, 16, 88, 17, 36, 3, 10, 98, 65, 63, 93, 69, 41, 13, 86, 64, 23, 30, 48, 60, 50, 27, 83, 9, 12, 56, 58, 80, 97, 85, 79, 82, 18, 44, 22, 21, 37, 77, 43, 74, 8, 47, 33, 67, 71, 42, 1, 15, 45, 87, 81, 4, 78];[1, 65, 66, 67, 4, 68, 69, 70, 71, 8, 72, 9, 74, 12, 13, 77, 78, 15, 16, 17, 81, 18, 82, 84, 85, 86, 23, 87, 91, 28, 92, 93, 94, 31, 97, 34, 98, 35, 99, 36, 37, 42, 47, 51, 56, 57, 58]"
8247.073511,-7265.000000,"[0, 57, 66, 52, 62, 26, 61, 94, 11, 70, 32, 20, 73, 2, 14, 28, 89, 51, 99, 96, 53, 5, 55, 24, 35, 54, 38, 31, 92, 68, 46, 49, 39, 72, 95, 19, 34, 7, 91, 59, 76, 40, 84, 25, 29, 6, 75, 90, 16, 88, 17, 36, 3, 10, 98, 65, 93, 63, 69, 41, 13, 86, 64, 23, 30, 48, 60, 50, 27, 83, 9, 12, 56, 58, 80, 97, 85, 79, 82, 18, 44, 22, 21, 37, 77, 43, 74, 8, 47, 33, 67, 71, 42, 1, 15, 45, 87, 81, 4, 78];[16, 1, 81, 4, 70, 71, 87, 8, 56, 58, 12, 15]"
8704.921206,-16715.000000,"[0, 57, 66, 52, 62, 26, 61, 94, 11, 70, 32, 20, 73, 2, 14, 28, 89, 51, 99, 96, 53, 5, 55, 24, 35, 54, 38, 31, 92, 68, 46, 49, 39, 72, 95, 19, 34, 7, 91, 59, 76, 40, 84, 25, 29, 6, 75, 90, 16, 88, 17, 36, 3, 10, 98, 65, 63, 93, 69, 41, 13, 86, 64, 23, 30, 48, 60, 50, 27, 83, 9, 12, 56, 58, 80, 97, 85, 79, 82, 18, 44, 22, 21, 37, 77, 43, 74, 8, 47, 33, 67, 71, 42, 1, 15, 45, 87, 81, 4, 78];[1, 67, 4, 68, 69, 70, 71, 8, 72, 74, 12, 78, 15, 16, 81, 82, 84, 85, 87, 28, 92, 97, 42, 47, 56, 58]"
8677.348203,-16177.000000,"[0, 57, 66, 52, 62, 26, 61, 94, 11, 70, 32, 20, 73, 2, 14, 28, 89, 51, 99, 96, 53, 5, 55, 24, 35, 54, 38, 31, 92, 68, 46, 49, 39, 72, 95, 19, 34, 7, 91, 59, 76, 40, 84, 25, 29, 6, 75, 90, 16, 88, 17, 36, 3, 10, 98, 65, 63, 93, 69, 41, 13, 86, 64, 23, 30, 48, 60, 50, 27, 83, 9, 12, 56, 58, 80, 97, 85, 79, 82, 18, 44, 22, 21, 37, 77, 43, 74, 8, 47, 33, 67, 71, 42, 1, 15, 45, 87, 81, 4, 78];[1, 67, 4, 70, 71, 8, 74, 12, 13, 78, 15, 16, 81, 18, 82, 84, 21, 85, 87, 28, 92, 97, 42, 47, 56, 58]"
10148.057651,-26290.000000,"[0, 57, 66, 52, 62, 26, 61, 94, 11, 70, 32, 20, 73, 2, 14, 28, 89, 51, 99, 96, 53, 5, 55, 24, 35, 54, 38, 31, 92, 68, 46, 49, 39, 72, 95, 19, 34, 7, 91, 59, 76, 40, 84, 25, 29, 6, 75, 90, 16, 88, 17, 36, 3, 10, 98, 65, 63, 93, 69, 41, 13, 86, 64, 23, 30, 48, 60, 50, 27, 83, 9, 12, 56, 58, 80, 97, 85, 79, 82, 18, 44, 22, 21, 37, 77, 43, 74, 8, 47, 33, 67, 71, 42, 1, 15, 45, 87, 81, 4, 78];[1, 65, 66, 67, 4, 68, 69, 70, 71, 8, 72, 9, 74, 12, 13, 77, 78, 15, 16, 17, 81, 18, 82, 84, 85, 23, 87, 28, 92, 31, 97, 34, 35, 36, 37, 42, 47, 56, 57, 58]"
8218.161997,-5924.000000,"[0, 57, 66, 52, 62, 26, 61, 94, 11, 70, 32, 20, 73, 2, 14, 28, 89, 51, 99, 96, 53, 5, 55, 24, 35, 54, 38, 31, 92, 68, 46, 49, 39, 72, 95, 19, 34, 7, 91, 59, 76, 40, 84, 25, 29, 6, 75, 90, 16, 88, 17, 36, 3, 10, 98, 65, 63, 93, 69, 41, 13, 86, 64, 23, 30, 48, 60, 50, 27, 83, 9, 12, 56, 58, 80, 97, 85, 79, 82, 18, 44, 22, 21, 37, 77, 43, 74, 8, 47, 33, 67, 71, 42, 1, 15, 45, 87, 81, 4, 78];[16, 1, 81, 4, 71, 8, 56, 58, 12, 15]"
11894.695705,-31078.000000,"[0, 57, 66, 52, 62, 26, 61, 94, 11, 70, 32, 20, 73, 2, 14, 28, 89, 51, 99, 96, 53, 5, 55, 24, 35, 54, 38, 31, 92, 68, 46, 49, 39, 72, 95, 19, 34, 7, 91, 59, 76, 40, 84, 25, 29, 6, 75, 90, 16, 88, 17, 36, 3, 10, 15, 1, 42, 71, 67, 33, 47, 8, 74, 43, 77, 37, 21, 22, 44, 18, 82, 79, 85, 97, 80, 58, 56, 12, 9, 83, 27, 50, 60, 48, 30, 23, 64, 86, 13, 41, 69, 63, 93, 65, 98, 45, 87, 81, 4, 78];[1, 4, 8, 9, 12, 13, 15, 16, 17, 18, 23, 28, 31, 34, 35, 36, 41, 48, 49, 50, 51, 56, 57, 58, 59, 60, 64, 65, 66, 68, 69, 70, 71, 72, 74, 78, 81, 82, 84, 85, 86, 87, 91, 92, 93, 94, 95, 96, 97, 98, 99]"
16332.189862,-35661.000000,"[0, 57, 66, 52, 62, 26, 61, 94, 11, 70, 32, 20, 73, 2, 14, 28, 89, 51, 99, 96, 53, 5, 55, 24, 35, 54, 38, 31, 92, 68, 46, 49, 39, 72, 95, 19, 34, 7, 91, 59, 76, 40, 84, 25, 29, 6, 75, 90, 16, 88, 17, 36, 3, 10, 15, 1, 42, 71, 67, 33, 47, 8, 74, 43, 77, 37, 21, 22, 44, 18, 82, 79, 85, 97, 80, 58, 56, 12, 9, 83, 27, 50, 60, 48, 30, 23, 64, 86, 13, 41, 69, 63, 93, 65, 98, 45, 87, 81, 4, 78];[0, 1, 2, 3, 4, 8, 9, 10, 12, 13, 15, 16, 17, 18, 23, 24, 28, 31, 34, 35, 36, 37, 41, 47, 49, 50, 51, 56, 57, 58, 59, 60, 62, 64, 65, 66, 68, 69, 70, 71, 72, 74, 78, 81, 82, 84, 85, 86, 87, 91, 92, 93, 94, 95, 96, 97, 98, 99]"
10919.547869,-28988.000000,"[0, 57, 66, 52, 62, 26, 61, 94, 11, 70, 32, 20, 73, 2, 14, 28, 89, 51, 99, 96, 53, 5, 55, 24, 35, 54, 38, 31, 92, 68, 46, 49, 39, 72, 95, 19, 34, 7, 91, 59, 76, 40, 84, 25, 29, 6, 75, 90, 16, 88, 17, 36, 3, 10, 98, 65, 63, 93, 69, 41, 13, 86, 64, 23, 30, 48, 60, 50, 27, 83, 9, 12, 56, 58, 80, 97, 85, 79, 82, 18, 44, 22, 21, 37, 77, 43, 74, 8, 47, 33, 67, 71, 42, 1, 15, 45, 87, 81, 4, 78];[1, 65, 66, 67, 4, 68, 69, 70, 71, 8, 72, 9, 74, 12, 13, 77, 78, 15, 16, 17, 81, 18, 82, 84, 21, 85, 23, 87, 28, 92, 93, 94, 31, 95, 97, 34, 35, 99, 36, 37, 42, 43, 47, 49, 51, 56, 57, 58]"
8158.815115,-961.000000,"[0, 57, 66, 52, 62, 26, 61, 94, 11, 70, 32, 20, 73, 2, 14, 28, 89, 51, 99, 96, 53, 5, 55, 24, 35, 54, 38, 31, 92, 68, 46, 49, 39, 72, 95, 19, 34, 7, 91, 59, 76, 40, 84, 25, 29, 6, 75, 90, 16, 88, 17, 36, 3, 10, 98, 65, 93, 63, 69, 41, 13, 86, 64, 23, 30, 48, 60, 50, 27, 83, 9, 12, 56, 58, 80, 97, 85, 79, 82, 18, 44, 22, 21, 37, 77, 43, 74, 8, 47, 33, 67, 71, 42, 1, 15, 45, 87, 81, 4, 78];[4]"
8452.028581,-12262.000000,"[0, 57, 66, 52, 62, 26, 61, 94, 11, 70, 32, 20, 73, 2, 14, 28, 89, 51, 99, 96, 53, 5, 55, 24, 35, 54, 38, 31, 92, 68, 46, 49, 39, 72, 95, 19, 34, 7, 91, 59, 76, 40, 84, 25, 29, 6, 75, 90, 16, 88, 17, 36, 3, 10, 98, 65, 63, 93, 69, 41, 13, 86, 64, 23, 30, 48, 60, 50, 27, 83, 9, 12, 56, 58, 80, 97, 85, 79, 82, 18, 44, 22, 21, 37, 77, 43, 74, 8, 47, 33, 67, 71, 42, 1, 15, 45, 87, 81, 4, 78];[1, 97, 4, 70, 71, 8, 74, 12, 78, 15, 16, 81, 82, 84, 85, 87, 56, 58, 92]"
8573.579415,-14699.000000,"[0, 57, 66, 52, 62, 26, 61, 94, 11, 70, 32, 20, 73, 2, 14, 28, 89, 51, 99, 96, 53, 5, 55, 24, 35, 54, 38, 31, 92, 68, 46, 49, 39, 72, 95, 19, 34, 7, 91, 59, 76, 40, 84, 25, 29, 6, 75, 90, 16, 88, 17, 36, 3, 10, 98, 65, 63, 93, 69, 41, 13, 86, 64, 23, 30, 48, 60, 50, 27, 83, 9, 12, 56, 58, 80, 97, 85, 79, 82, 18, 44, 22, 21, 37, 77, 43, 74, 8, 47, 33, 67, 71, 42, 1, 15, 45, 87, 81, 4, 78];[1, 97, 4, 70, 71, 8, 72, 42, 74, 12, 78, 15, 47, 16, 81, 82, 84, 85, 87, 56, 58, 28, 92]"
11108.947995,-29528.000000,"[0, 57, 66, 52, 62, 26, 61, 94, 11, 70, 32, 20, 73, 2, 14, 28, 89, 51, 99, 96, 53, 5, 55, 24, 35, 54, 38, 31, 92, 68, 46, 49, 39, 72, 95, 19, 34, 7, 91, 59, 76, 40, 84, 25, 29, 6, 75, 90, 16, 88, 17, 36, 3, 10, 98, 65, 63, 93, 69, 41, 13, 86, 64, 23, 30, 48, 60, 50, 27, 83, 9, 12, 56, 58, 80, 97, 85, 79, 82, 18, 44, 22, 21, 37, 77, 43, 74, 8, 47, 33, 67, 71, 42, 1, 15, 45, 87, 81, 4, 78];[1, 65, 66, 67, 4, 68, 69, 70, 71, 8, 72, 9, 74, 12, 13, 77, 78, 15, 16, 17, 81, 18, 82, 84, 85, 23, 87, 28, 92, 93, 94, 31, 95, 97, 34, 98, 35, 99, 36, 37, 42, 47, 49, 51, 56, 57, 58]"
9152.768845,-21060.000000,"[0, 57, 66, 52, 62, 26, 61, 94, 11, 70, 32, 20, 73, 2, 14, 28, 89, 51, 99, 96, 53, 5, 55, 24, 35, 54, 38, 31, 92, 68, 46, 49, 39, 72, 95, 19, 34, 7, 91, 59, 76, 40, 84, 25, 29, 6, 75, 90, 16, 88, 17, 36, 3, 10, 98, 65, 63, 93, 69, 41, 13, 86, 64, 23, 30, 48, 60, 50, 27, 83, 9, 12, 56, 58, 80, 97, 85, 79, 82, 18, 44, 22, 21, 37, 77, 43, 74, 8, 47, 33, 67, 71, 42, 1, 15, 45, 87, 81, 4, 78];[64, 1, 65, 67, 4, 68, 69, 70, 71, 8, 72, 9, 74, 12, 13, 78, 15, 16, 81, 18, 82, 84, 21, 85, 87, 28, 92, 97, 42, 47, 56, 57, 58]"
11525.636574,-30274.000000,"[0, 57, 66, 52, 62, 26, 61, 94, 11, 70, 32, 20, 73, 2, 14, 28, 89, 51, 99, 96, 53, 5, 55, 24, 35, 54, 38, 31, 92, 68, 46, 49, 39, 72, 95, 19, 34, 7, 91, 59, 76, 40, 84, 25, 29, 6, 75, 90, 16, 88, 17, 36, 3, 10, 98, 65, 63, 93, 69, 41, 13, 86, 64, 23, 30, 48, 60, 50, 27, 83, 9, 12, 56, 58, 80, 97, 85, 79, 82, 18, 44, 22, 21, 37, 77, 43, 74, 8, 47, 33, 67, 71, 42, 1, 15, 45, 87, 81, 4, 78];[1, 4, 8, 9, 12, 13, 15, 16, 17, 18, 21, 23, 28, 31, 34, 35, 36, 37, 42, 43, 47, 49, 51, 56, 57, 58, 65, 66, 67, 68, 69, 70, 71, 72, 74, 77, 78, 81, 82, 84, 85, 87, 92, 93, 94, 95, 96, 97, 98, 99]"
15777.545492,-35444.000000,"[0, 57, 66, 52, 62, 26, 61, 94, 11, 70, 32, 20, 73, 2, 14, 28, 89, 51, 99, 96, 53, 5, 55, 24, 35, 54, 38, 31, 92, 68, 46, 49, 39, 72, 95, 19, 34, 7, 91, 59, 76, 40, 84, 25, 29, 6, 75, 90, 16, 88, 17, 36, 3, 10, 15, 1, 42, 71, 67, 33, 47, 8, 74, 43, 77, 37, 21, 22, 44, 18, 82, 79, 85, 97, 80, 58, 56, 12, 9, 83, 27, 50, 60, 48, 30, 23, 64, 86, 13, 41, 69, 63, 93, 65, 98, 45, 87, 81, 4, 78];[0, 1, 2, 4, 8, 9, 10, 11, 12, 13, 15, 16, 17, 18, 23, 28, 31, 34, 35, 36, 37, 41, 47, 48, 49, 50, 51, 56, 57, 58, 59, 60, 62, 64, 65, 66, 68, 69, 70, 71, 72, 74, 78, 81, 82, 84, 85, 86, 87, 91, 92, 93, 94, 95, 97, 98, 99]"
16251.861594,-35592.000000,"[0, 57, 66, 52, 62, 26, 61, 94, 11, 70, 32, 20, 73, 2, 14, 28, 89, 51, 99, 96, 53, 5, 55, 24, 35, 54, 38, 31, 92, 68, 46, 49, 39, 72, 95, 19, 34, 7, 91, 59, 76, 40, 84, 25, 29, 6, 75, 90, 16, 88, 17, 36, 3, 10, 15, 1, 42, 71, 67, 33, 47, 8, 74, 43, 77, 37, 21, 22, 44, 18, 82, 79, 85, 97, 80, 58, 56, 12, 9, 83, 27, 50, 60, 48, 30, 23, 64, 86, 13, 41, 69, 63, 93, 65, 98, 45, 87, 81, 4, 78];[0, 1, 2, 3, 4, 8, 9, 10, 12, 13, 15, 16, 17, 18, 23, 24, 28, 31, 34, 35, 36, 37, 41, 47, 49, 50, 51, 56, 57, 58, 59, 60, 62, 64, 65, 66, 68, 69, 70, 71, 72, 74, 78, 81, 82, 84, 85, 86, 87, 91, 92, 93, 94, 96, 97, 98, 99]"
17719.782865,-36040.000000,"[0, 57, 66, 52, 62, 26, 61, 94, 11, 70, 32, 20, 73, 2, 14, 28, 89, 51, 99, 96, 53, 5, 55, 24, 35, 54, 38, 31, 92, 68, 46, 49, 39, 72, 95, 19, 34, 7, 91, 59, 76, 40, 84, 25, 29, 6, 75, 90, 16, 88, 17, 36, 3, 10, 15, 1, 42, 71, 67, 33, 47, 8, 74, 43, 77, 37, 21, 22, 44, 18, 82, 79, 85, 97, 80, 58, 56, 12, 9, 83, 27, 50, 60, 48, 30, 23, 64, 86, 13, 41, 69, 63, 93, 65, 98, 45, 87, 81, 4, 78];[0, 1, 2, 3, 4, 8, 9, 10, 11, 12, 13, 15, 16, 17, 18, 23, 24, 28, 31, 34, 35, 36, 37, 47, 49, 50, 51, 56, 57, 58, 59, 60, 62, 64, 65, 66, 68, 69, 70, 71, 72, 74, 77, 81, 82, 84, 85, 86, 87, 91, 92, 93, 94, 95, 96, 97, 98, 99]"
8638.181305,-15632.000000,"[0, 57, 66, 52, 62, 26, 61, 94, 11, 70, 32, 20, 73, 2, 14, 28, 89, 51, 99, 96, 53, 5, 55, 24, 35, 54, 38, 31, 92, 68, 46, 49, 39, 72, 95, 19, 34, 7, 91, 59, 76, 40, 84, 25, 29, 6, 75, 90, 16, 88, 17, 36, 3, 10, 98, 65, 63, 93, 69, 41, 13, 86, 64, 23, 30, 48, 60, 50, 27, 83, 9, 12, 56, 58, 80, 97, 85, 79, 82, 18, 44, 22, 21, 37, 77, 43, 74, 8, 47, 33, 67, 71, 42, 1, 15, 45, 87, 81, 4, 78];[1, 4, 70, 71, 8, 74, 12, 13, 78, 15, 16, 81, 18, 82, 84, 21, 85, 87, 28, 92, 97, 42, 47, 56, 58]"
8418.617121,-11861.000000,"[0, 57, 66, 52, 62, 26, 61, 94, 11, 70, 32, 20, 73, 2, 14, 28, 89, 51, 99, 96, 53, 5, 55, 24, 35, 54, 38, 31, 92, 68, 46, 49, 39, 72, 95, 19, 34, 7, 91, 59, 76, 40, 84, 25, 29, 6, 75, 90, 16, 88, 17, 36, 3, 10, 98, 65, 63, 93, 69, 41, 13, 86, 64, 23, 30, 48, 60, 50, 27, 83, 9, 12, 56, 58, 80, 97, 85, 79, 82, 18, 44, 22, 21, 37, 77, 43, 74, 8, 47, 33, 67, 71, 42, 1, 15, 45, 87, 81, 4, 78];[1, 67, 4, 70, 71, 8, 42, 74, 12, 78, 15, 16, 81, 82, 84, 85, 87, 56, 58]"
12621.125557,-32503.000000,"[0, 57, 66, 52, 62, 26, 61, 94, 11, 70, 32, 20, 73, 2, 14, 28, 89, 51, 99, 96, 53, 5, 55, 24, 35, 54, 38, 31, 92, 68, 46, 49, 39, 72, 95, 19, 34, 7, 91, 59, 76, 40, 84, 25, 29, 6, 75, 90, 16, 88, 17, 36, 3, 10, 15, 1, 42, 71, 67, 33, 47, 8, 74, 43, 77, 37, 21, 22, 44, 18, 82, 79, 85, 97, 80, 58, 56, 12, 9, 83, 27, 50, 60, 48, 30, 23, 64, 86, 13, 41, 69, 63, 93, 65, 98, 45, 87, 81, 4, 78];[1, 4, 8, 9, 10, 12, 13, 15, 16, 17, 18, 23, 28, 31, 34, 35, 36, 37, 41, 47, 48, 49, 50, 51, 56, 57, 58, 59, 60, 64, 65, 66, 68, 69, 70, 71, 72, 74, 78, 81, 82, 84, 85, 86, 87, 91, 92, 93, 94, 95, 97, 98]"
11077.389048,-29143.000000,"[0, 57, 66, 52, 62, 26, 61, 94, 11, 70, 32, 20, 73, 2, 14, 28, 89, 51, 99, 96, 53, 5, 55, 24, 35, 54, 38, 31, 92, 68, 46, 49, 39, 72, 95, 19, 34, 7, 91, 59, 76, 40, 84, 25, 29, 6, 75, 90, 16, 88, 17, 36, 3, 10, 98, 65, 63, 93, 69, 41, 13, 86, 64, 23, 30, 48, 60, 50, 27, 83, 9, 12, 56, 58, 80, 97, 85, 79, 82, 18, 44, 22, 21, 37, 77, 43, 74, 8, 47, 33, 67, 71, 42, 1, 15, 45, 87, 81, 4, 78];[1, 65, 66, 67, 4, 68, 69, 70, 71, 8, 72, 9, 74, 12, 13, 77, 78, 15, 16, 17, 81, 18, 82, 84, 21, 85, 23, 87, 91, 28, 92, 31, 97, 34, 35, 36, 37, 42, 43, 47, 49, 51, 56, 57, 58, 60]"
15994.746360,-35544.000000,"[0, 57, 66, 52, 62, 26, 61, 94, 11, 70, 32, 20, 73, 2, 14, 28, 89, 51, 99, 96, 53, 5, 55, 24, 35, 54, 38, 31, 92, 68, 46, 49, 39, 72, 95, 19, 34, 7, 91, 59, 76, 40, 84, 25, 29, 6, 75, 90, 16, 88, 17, 36, 3, 10, 15, 1, 42, 71, 67, 33, 47, 8, 74, 43, 77, 37, 21, 22, 44, 18, 82, 79, 85, 97, 80, 58, 56, 12, 9, 83, 27, 50, 60, 48, 30, 23, 64, 86, 13, 41, 69, 63, 93, 65, 98, 45, 87, 81, 4, 78];[0, 1, 2, 4, 8, 9, 10, 12, 13, 15, 16, 17, 18, 23, 24, 28, 31, 34, 35, 36, 37, 41, 47, 48, 49, 50, 51, 56, 57, 58, 59, 60, 62, 64, 65, 66, 68, 69, 70, 71, 72, 74, 78, 81, 82, 84, 85, 86, 87, 91, 92, 93, 94, 97, 98, 99]"
14830.383752,-34730.000000,"[0, 57, 66, 52, 62, 26, 61, 94, 11, 70, 32, 20, 73, 2, 14, 28, 89, 51, 99, 96, 53, 5, 55, 24, 35, 54, 38, 31, 92, 68, 46, 49, 39, 72, 95, 19, 34, 7, 91, 59, 76, 40, 84, 25, 29, 6, 75, 90, 16, 88, 17, 36, 3, 10, 15, 1, 42, 71, 67, 33, 47, 8, 74, 43, 77, 37, 21, 22, 44, 18, 82, 79, 85, 97, 80, 58, 56, 12, 9, 83, 27, 50, 60, 48, 30, 23, 64, 86, 13, 41, 69, 63, 93, 65, 98, 45, 87, 81, 4, 78];[0, 1, 2, 3, 4, 6, 8, 9, 10, 12, 13, 15, 16, 17, 18, 23, 28, 31, 34, 35, 36, 37, 41, 47, 48, 49, 50, 51, 56, 57, 58, 59, 60, 64, 65, 66, 68, 69, 70, 71, 72, 74, 78, 81, 82, 84, 85, 86, 87, 91, 92, 93, 94, 95, 96, 97, 98, 99]"
10682.642214,-28340.000000,"[0, 57, 66, 52, 62, 26, 61, 94, 11, 70, 32, 20, 73, 2, 14, 28, 89, 51, 99, 96, 53, 5, 55, 24, 35, 54, 38, 31, 92, 68, 46, 49, 39, 72, 95, 19, 34, 7, 91, 59, 76, 40, 84, 25, 29, 6, 75, 90, 16, 88, 17, 36, 3, 10, 98, 65, 63, 93, 69, 41, 13, 86, 64, 23, 30, 48, 60, 50, 27, 83, 9, 12, 56, 58, 80, 97, 85, 79, 82, 18, 44, 22, 21, 37, 77, 43, 74, 8, 47, 33, 67, 71, 42, 1, 15, 45, 87, 81, 4, 78];[1, 65, 66, 67, 4, 68, 69, 70, 71, 8, 72, 9, 74, 12, 13, 77, 78, 15, 16, 17, 81, 18, 82, 84, 85, 23, 87, 28, 92, 93, 94, 31, 95, 97, 34, 35, 36, 37, 42, 47, 49, 51, 56, 57, 58]"
14250.757319,-34236.000000,"[0, 57, 66, 52, 62, 26, 61, 94, 11, 70, 32, 20, 73, 2, 14, 28, 89, 51, 99, 96, 53, 5, 55, 24, 35, 54, 38, 31, 92, 68, 46, 49, 39, 72, 95, 19, 34, 7, 91, 59, 76, 40, 84, 25, 29, 6, 75, 90, 16, 88, 17, 36, 3, 10, 15, 1, 42, 71, 67, 33, 47, 8, 74, 43, 77, 37, 21, 22, 44, 18, 82, 79, 85, 97, 80, 58, 56, 12, 9, 83, 27, 50, 60, 48, 30, 23, 64, 86, 13, 41, 69, 63, 93, 65, 98, 45, 87, 81, 4, 78];[1, 4, 8, 9, 10, 12, 13, 15, 16, 17, 18, 23, 28, 31, 34, 35, 36, 37, 41, 47, 48, 49, 50, 51, 54, 56, 57, 58, 59, 60, 62, 64, 65, 66, 68, 69, 70, 71, 72, 74, 78, 81, 82, 84, 85, 86, 87, 91, 92, 93, 94, 95, 97, 98, 99]"
15170.746583,-34988.000000,"[0, 57, 66, 52, 62, 26, 61, 94, 11, 70, 32, 20, 73, 2, 14, 28, 89, 51, 99, 96, 53, 5, 55, 24, 35, 54, 38, 31, 92, 68, 46, 49, 39, 72, 95, 19, 34, 7, 91, 59, 76, 40, 84, 25, 29, 6, 75, 90, 16, 88, 17, 36, 3, 10, 15, 1, 42, 71, 67, 33, 47, 8, 74, 43, 77, 37, 21, 22, 44, 18, 82, 79, 85, 97, 80, 58, 56, 12, 9, 83, 27, 50, 60, 48, 30, 23, 64, 86, 13, 41, 69, 63, 93, 65, 98, 45, 87, 81, 4, 78];[0, 1, 2, 4, 8, 9, 10, 11, 12, 13, 15, 16, 17, 18, 23, 28, 31, 34, 35, 36, 37, 41, 47, 48, 49, 50, 51, 56, 57, 58, 59, 60, 64, 65, 66, 68, 69, 70, 71, 72, 74, 78, 81, 82, 84, 85, 86, 87, 91, 92, 93, 94, 95, 96, 97, 98, 99]"
10608.639839,-27960.000000,"[0, 57, 66, 52, 62, 26, 61, 94, 11, 70, 32, 20, 73, 2, 14, 28, 89, 51, 99, 96, 53, 5, 55, 24, 35, 54, 38, 31, 92, 68, 46, 49, 39, 72, 95, 19, 34, 7, 91, 59, 76, 40, 84, 25, 29, 6, 75, 90, 16, 88, 17, 36, 3, 10, 98, 65, 63, 93, 69, 41, 13, 86, 64, 23, 30, 48, 60, 50, 27, 83, 9, 12, 56, 58, 80, 97, 85, 79, 82, 18, 44, 22, 21, 37, 77, 43, 74, 8, 47, 33, 67, 71, 42, 1, 15, 45, 87, 81, 4, 78];[1, 65, 66, 67, 4, 68, 69, 70, 71, 8, 72, 9, 74, 12, 13, 77, 78, 15, 16, 17, 81, 18, 82, 84, 21, 85, 23, 87, 28, 92, 31, 97, 34, 35, 36, 37, 42, 43, 47, 49, 51, 56, 57, 58]"
8287.950361,-8762.000000,"[0, 57, 66, 52, 62, 26, 61, 94, 11, 70, 32, 20, 73, 2, 14, 28, 89, 51, 99, 96, 53, 5, 55, 24, 35, 54, 38, 31, 92, 68, 46, 49, 39, 72, 95, 19, 34, 7, 91, 59, 76, 40, 84, 25, 29, 6, 75, 90, 16, 88, 17, 36, 3, 10, 98, 65, 63, 93, 69, 41, 13, 86, 64, 23, 30, 48, 60, 50, 27, 83, 9, 12, 56, 58, 80, 97, 85, 79, 82, 18, 44, 22, 21, 37, 77, 43, 74, 8, 47, 33, 67, 71, 42, 1, 15, 45, 87, 81, 4, 78];[1, 4, 70, 71, 8, 74, 12, 78, 15, 16, 81, 82, 56, 58]"
8281.859040,-8479.000000,"[0, 57, 66, 52, 62, 26, 61, 94, 11, 70, 32, 20, 73, 2, 14, 28, 89, 51, 99, 96, 53, 5, 55, 24, 35, 54, 38, 31, 92, 68, 46, 49, 39, 72, 95, 19, 34, 7, 91, 59, 76, 40, 84, 25, 29, 6, 75, 90, 16, 88, 17, 36, 3, 10, 98, 65, 93, 63, 69, 41, 13, 86, 64, 23, 30, 48, 60, 50, 27, 83, 9, 12, 56, 58, 80, 97, 85, 79, 82, 18, 44, 22, 21, 37, 77, 43, 74, 8, 47, 33, 67, 71, 42, 1, 15, 45, 87, 81, 4, 78];[1, 4, 70, 71, 8, 74, 12, 78, 15, 16, 81, 87, 56, 58]"
8843.780319,-18276.000000,"[0, 57, 66, 52, 62, 26, 61, 94, 11, 70, 32, 20, 73, 2, 14, 28, 89, 51, 99, 96, 53, 5, 55, 24, 35, 54, 38, 31, 92, 68, 46, 49, 39, 72, 95, 19, 34, 7, 91, 59, 76, 40, 84, 25, 29, 6, 75, 90, 16, 88, 17, 36, 3, 10, 98, 65, 93, 63, 69, 41, 13, 86, 64, 23, 30, 48, 60, 50, 27, 83, 9, 12, 56, 58, 80, 97, 85, 79, 82, 18, 44, 22, 21, 37, 77, 43, 74, 8, 47, 33, 67, 71, 42, 1, 15, 45, 87, 81, 4, 78];[1, 67, 4, 68, 69, 70, 71, 8, 72, 74, 12, 13, 78, 15, 16, 81, 18, 82, 84, 21, 85, 87, 28, 92, 93, 97, 42, 47, 56, 58]"
9338.075735,-22285.000000,"[0, 57, 66, 52, 62, 26, 61, 94, 11, 70, 32, 20, 73, 2, 14, 28, 89, 51, 99, 96, 53, 5, 55, 24, 35, 54, 38, 31, 92, 68, 46, 49, 39, 72, 95, 19, 34, 7, 91, 59, 76, 40, 84, 25, 29, 6, 75, 90, 16, 88, 17, 36, 3, 10, 98, 65, 63, 93, 69, 41, 13, 86, 64, 23, 30, 48, 60, 50, 27, 83, 9, 12, 56, 58, 80, 97, 85, 79, 82, 18, 44, 22, 21, 37, 77, 43, 74, 8, 47, 33, 67, 71, 42, 1, 15, 45, 87, 81, 4, 78];[64, 1, 65, 67, 4, 68, 69, 70, 71, 8, 72, 9, 74, 12, 13, 78, 15, 16, 17, 81, 18, 82, 84, 21, 85, 23, 87, 28, 92, 97, 42, 47, 56, 57, 58]"
8951.745976,-19333.000000,"[0, 57, 66, 52, 62, 26, 61, 94, 11, 70, 32, 20, 73, 2, 14, 28, 89, 51, 99, 96, 53, 5, 55, 24, 35, 54, 38, 31, 92, 68, 46, 49, 39, 72, 95, 19, 34, 7, 91, 59, 76, 40, 84, 25, 29, 6, 75, 90, 16, 88, 17, 36, 3, 10, 98, 65, 63, 93, 69, 41, 13, 86, 64, 23, 30, 48, 60, 50, 27, 83, 9, 12, 56, 58, 80, 97, 85, 79, 82, 18, 44, 22, 21, 37, 77, 43, 74, 8, 47, 33, 67, 71, 42, 1, 15, 45, 87, 81, 4, 78];[1, 65, 67, 4, 68, 69, 70, 71, 8, 72, 74, 12, 13, 77, 78, 15, 16, 81, 18, 82, 84, 21, 85, 87, 28, 92, 97, 42, 47, 56, 58]"
9115.918076,-20905.000000,"[0, 57, 66, 52, 62, 26, 61, 94, 11, 70, 32, 20, 73, 2, 14, 28, 89, 51, 99, 96, 53, 5, 55, 24, 35, 54, 38, 31, 92, 68, 46, 49, 39, 72, 95, 19, 34, 7, 91, 59, 76, 40, 84, 25, 29, 6, 75, 90, 16, 88, 17, 36, 3, 10, 98, 65, 63, 93, 69, 41, 13, 86, 64, 23, 30, 48, 60, 50, 27, 83, 9, 12, 56, 58, 80, 97, 85, 79, 82, 18, 44, 22, 21, 37, 77, 43, 74, 8, 47, 33, 67, 71, 42, 1, 15, 45, 87, 81, 4, 78];[1, 65, 67, 4, 68, 69, 70, 71, 8, 72, 9, 74, 12, 13, 77, 78, 15, 16, 81, 18, 82, 84, 21, 85, 87, 28, 92, 97, 42, 47, 56, 57, 58]"
8156.758669,-453.000000,"[0, 57, 66, 52, 62, 26, 61, 94, 11, 70, 32, 20, 73, 2, 14, 28, 89, 51, 99, 96, 53, 5, 55, 24, 35, 54, 38, 31, 92, 68, 46, 49, 39, 72, 95, 19, 34, 7, 91, 59, 76, 40, 84, 25, 29, 6, 75, 90, 16, 88, 17, 36, 3, 10, 98, 65, 93, 63, 69, 41, 13, 86, 64, 23, 30, 48, 60, 50, 27, 83, 9, 12, 56, 58, 80, 97, 85, 79, 82, 18, 44, 22, 21, 37, 77, 43, 74, 8, 47, 33, 67, 71, 42, 1, 15, 45, 87, 81, 4, 78];[1]"
8915.434788,-18540.000000,"[0, 57, 66, 52, 62, 26, 61, 94, 11, 70, 32, 20, 73, 2, 14, 28, 89, 51, 99, 96, 53, 5, 55, 24, 35, 54, 38, 31, 92, 68, 46, 49, 39, 72, 95, 19, 34, 7, 91, 59, 76, 40, 84, 25, 29, 6, 75, 90, 16, 88, 17, 36, 3, 10, 98, 65, 93, 63, 69, 41, 13, 86, 64, 23, 30, 48, 60, 50, 27, 83, 9, 12, 56, 58, 80, 97, 85, 79, 82, 18, 44, 22, 21, 37, 77, 43, 74, 8, 47, 33, 67, 71, 42, 1, 15, 45, 87, 81, 4, 78];[67, 4, 68, 69, 70, 71, 8, 72, 9, 74, 12, 13, 78, 15, 16, 81, 18, 82, 84, 21, 85, 87, 28, 92, 93, 97, 42, 47, 56, 58]"
8917.188503,-18993.000000,"[0, 57, 66, 52, 62, 26, 61, 94, 11, 70, 32, 20, 73, 2, 14, 28, 89, 51, 99, 96, 53, 5, 55, 24, 35, 54, 38, 31, 92, 68, 46, 49, 39, 72, 95, 19, 34, 7, 91, 59, 76, 40, 84, 25, 29, 6, 75, 90, 16, 88, 17, 36, 3, 10, 98, 65, 93, 63, 69, 41, 13, 86, 64, 23, 30, 48, 60, 50, 27, 83, 9, 12, 56, 58, 80, 97, 85, 79, 82, 18, 44, 22, 21, 37, 77, 43, 74, 8, 47, 33, 67, 71, 42, 1, 15, 45, 87, 81, 4, 78];[1, 67, 4, 68, 69, 70, 71, 8, 72, 9, 74, 12, 13, 78, 15, 16, 81, 18, 82, 84, 21, 85, 87, 28, 92, 93, 97, 42, 47, 56, 58]"
9333.269159,-22262.000000,"[0, 57, 66, 52, 62, 26, 61, 94, 11, 70, 32, 20, 73, 2, 14, 28, 89, 51, 99, 96, 53, 5, 55, 24, 35, 54, 38, 31, 92, 68, 46, 49, 39, 72, 95, 19, 34, 7, 91, 59, 76, 40, 84, 25, 29, 6, 75, 90, 16, 88, 17, 36, 3, 10, 98, 65, 63, 93, 69, 41, 13, 86, 64, 23, 30, 48, 60, 50, 27, 83, 9, 12, 56, 58, 80, 97, 85, 79, 82, 18, 44, 22, 21, 37, 77, 43, 74, 8, 47, 33, 67, 71, 42, 1, 15, 45, 87, 81, 4, 78];[64, 1, 65, 67, 4, 68, 69, 70, 71, 8, 72, 9, 74, 12, 13, 78, 15, 16, 17, 81, 18, 82, 84, 85, 23, 87, 28, 92, 97, 42, 47, 56, 57, 58]"
14733.888994,-34703.000000,"[0, 57, 66, 52, 62, 26, 61, 94, 11, 70, 32, 20, 73, 2, 14, 28, 89, 51, 99, 96, 53, 5, 55, 24, 35, 54, 38, 31, 92, 68, 46, 49, 39, 72, 95, 19, 34, 7, 91, 59, 76, 40, 84, 25, 29, 6, 75, 90, 16, 88, 17, 36, 3, 10, 15, 1, 42, 71, 67, 33, 47, 8, 74, 43, 77, 37, 21, 22, 44, 18, 82, 79, 85, 97, 80, 58, 56, 12, 9, 83, 27, 50, 60, 48, 30, 23, 64, 86, 13, 41, 69, 63, 93, 65, 98, 45, 87, 81, 4, 78];[0, 1, 2, 3, 4, 8, 9, 10, 12, 13, 15, 16, 17, 18, 23, 28, 31, 34, 35, 36, 37, 41, 47, 48, 49, 50, 51, 56, 57, 58, 59, 60, 64, 65, 66, 68, 69, 70, 71, 72, 74, 78, 81, 82, 84, 85, 86, 87, 91, 92, 93, 94, 95, 96, 97, 98, 99]"
9823.172809,-24863.000000,"[0, 57, 66, 52, 62, 26, 61, 94, 11, 70, 32, 20, 73, 2, 14, 28, 89, 51, 99, 96, 53, 5, 55, 24, 35, 54, 38, 31, 92, 68, 46, 49, 39, 72, 95, 19, 34, 7, 91, 59, 76, 40, 84, 25, 29, 6, 75, 90, 16, 88, 17, 36, 3, 10, 98, 65, 63, 93, 69, 41, 13, 86, 64, 23, 30, 48, 60, 50, 27, 83, 9, 12, 56, 58, 80, 97, 85, 79, 82, 18, 44, 22, 21, 37, 77, 43, 74, 8, 47, 33, 67, 71, 42, 1, 15, 45, 87, 81, 4, 78];[1, 65, 67, 4, 68, 69, 70, 71, 8, 72, 9, 74, 12, 13, 77, 78, 15, 16, 17, 81, 18, 82, 84, 21, 85, 23, 87, 28, 92, 31, 97, 35, 36, 37, 42, 47, 56, 57, 58]"
9759.151852,-24563.000000,"[0, 57, 66, 52, 62, 26, 61, 94, 11, 70, 32, 20, 73, 2, 14, 28, 89, 51, 99, 96, 53, 5, 55, 24, 35, 54, 38, 31, 92, 68, 46, 49, 39, 72, 95, 19, 34, 7, 91, 59, 76, 40, 84, 25, 29, 6, 75, 90, 16, 88, 17, 36, 3, 10, 98, 65, 63, 93, 69, 41, 13, 86, 64, 23, 30, 48, 60, 50, 27, 83, 9, 12, 56, 58, 80, 97, 85, 79, 82, 18, 44, 22, 21, 37, 77, 43, 74, 8, 47, 33, 67, 71, 42, 1, 15, 45, 87, 81, 4, 78];[1, 65, 67, 4, 68, 69, 70, 71, 8, 72, 9, 74, 12, 13, 77, 78, 15, 16, 17, 81, 18, 82, 84, 21, 85, 23, 87, 28, 92, 97, 34, 35, 36, 37, 42, 47, 56, 57, 58]"
9682.677939,-24174.000000,"[0, 57, 66, 52, 62, 26, 61, 94, 11, 70, 32, 20, 73, 2, 14, 28, 89, 51, 99, 96, 53, 5, 55, 24, 35, 54, 38, 31, 92, 68, 46, 49, 39, 72, 95, 19, 34, 7, 91, 59, 76, 40, 84, 25, 29, 6, 75, 90, 16, 88, 17, 36, 3, 10, 98, 65, 63, 93, 69, 41, 13, 86, 64, 23, 30, 48, 60, 50, 27, 83, 9, 12, 56, 58, 80, 97, 85, 79, 82, 18, 44, 22, 21, 37, 77, 43, 74, 8, 47, 33, 67, 71, 42, 1, 15, 45, 87, 81, 4, 78];[1, 65, 67, 4, 68, 69, 70, 71, 8, 72, 9, 74, 12, 13, 77, 78, 15, 16, 17, 81, 18, 82, 84, 85, 23, 87, 28, 92, 31, 97, 34, 36, 42, 47, 56, 57, 58]"
15909.286664,-35534.000000,"[0, 57, 66, 52, 62, 26, 61, 94, 11, 70, 32, 20, 73, 2, 14, 28, 89, 51, 99, 96, 53, 5, 55, 24, 35, 54, 38, 31, 92, 68, 46, 49, 39, 72, 95, 19, 34, 7, 91, 59, 76, 40, 84, 25, 29, 6, 75, 90, 16, 88, 17, 36, 3, 10, 15, 1, 42, 71, 67, 33, 47, 8, 74, 43, 77, 37, 21, 22, 44, 18, 82, 79, 85, 97, 80, 58, 56, 12, 9, 83, 27, 50, 60, 48, 30, 23, 64, 86, 13, 41, 69, 63, 93, 65, 98, 45, 87, 81, 4, 78];[0, 1, 2, 3, 4, 8, 9, 10, 12, 13, 15, 16, 17, 18, 23, 28, 31, 34, 35, 36, 37, 41, 47, 48, 49, 50, 51, 56, 57, 58, 59, 60, 62, 64, 65, 66, 68, 69, 70, 71, 72, 74, 78, 81, 82, 84, 85, 86, 87, 91, 92, 93, 94, 95, 96, 97, 98, 99]"
