9004.899696,-4426.000000,"[0, 78, 87, 45, 10, 36, 3, 17, 88, 90, 16, 75, 6, 29, 25, 84, 40, 76, 59, 7, 34, 19, 95, 72, 39, 49, 46, 68, 92, 31, 38, 54, 35, 24, 55, 5, 53, 96, 99, 51, 28, 14, 89, 37, 43, 77, 21, 22, 44, 18, 82, 79, 85, 97, 80, 58, 56, 12, 9, 27, 83, 50, 60, 91, 48, 30, 23, 64, 13, 86, 41, 69, 63, 93, 65, 98, 1, 15, 81, 4, 42, 71, 67, 8, 74, 47, 33, 20, 73, 2, 26, 61, 32, 70, 11, 94, 62, 52, 66, 57];[1, 70, 71, 8, 57, 11, 12, 94]"
20958.409225,-21998.000000,"[0, 70, 32, 2, 20, 11, 94, 61, 26, 52, 62, 66, 57, 4, 81, 1, 42, 71, 67, 8, 74, 43, 77, 47, 33, 73, 14, 28, 89, 51, 37, 18, 82, 44, 22, 21, 99, 96, 53, 5, 55, 24, 79, 85, 35, 54, 97, 80, 58, 56, 9, 12, 27, 60, 50, 83, 31, 38, 92, 68, 46, 49, 39, 72, 95, 19, 34, 7, 84, 40, 76, 59, 91, 48, 30, 23, 64, 86, 13, 41, 88, 25, 29, 6, 75, 90, 16, 17, 36, 3, 10, 98, 65, 63, 69, 93, 15, 45, 87, 78];[1, 65, 66, 4, 68, 69, 70, 71, 8, 72, 9, 74, 12, 13, 15, 16, 17, 18, 82, 84, 23, 28, 92, 94, 31, 34, 35, 99, 36, 49, 51, 56, 57, 58]"
19764.910317,-21804.000000,"[0, 70, 32, 2, 20, 11, 94, 61, 26, 52, 62, 66, 57, 4, 81, 1, 42, 71, 67, 8, 74, 43, 77, 47, 33, 73, 14, 28, 89, 51, 37, 18, 82, 44, 22, 21, 99, 96, 53, 5, 55, 24, 79, 85, 35, 54, 97, 80, 58, 56, 9, 12, 27, 60, 50, 83, 31, 38, 92, 68, 46, 49, 39, 72, 95, 19, 34, 7, 84, 40, 76, 59, 91, 48, 30, 23, 64, 86, 13, 41, 88, 25, 29, 6, 75, 90, 16, 17, 36, 3, 10, 98, 65, 63, 69, 93, 15, 45, 87, 78];[1, 65, 66, 4, 68, 69, 70, 71, 8, 72, 9, 74, 12, 13, 15, 16, 17, 18, 82, 84, 23, 28, 92, 93, 94, 31, 34, 99, 36, 49, 51, 56, 57, 58]"
9073.878609,-6742.000000,"[0, 78, 87, 45, 10, 36, 3, 17, 88, 90, 16, 75, 6, 29, 25, 84, 40, 76, 59, 7, 34, 19, 95, 72, 39, 49, 46, 68, 92, 31, 38, 54, 35, 24, 55, 5, 53, 96, 99, 51, 28, 14, 89, 37, 43, 77, 21, 22, 44, 18, 82, 79, 85, 97, 80, 58, 56, 12, 9, 27, 83, 50, 60, 91, 48, 30, 23, 64, 13, 86, 41, 69, 63, 93, 65, 98, 1, 15, 81, 4, 42, 71, 67, 8, 74, 47, 33, 20, 73, 2, 26, 61, 32, 70, 11, 94, 62, 52, 66, 57];[1, 66, 70, 71, 8, 56, 57, 11, 12, 62, 94]"
9039.206011,-4495.000000,"[0, 78, 87, 45, 10, 36, 3, 17, 88, 90, 16, 75, 6, 29, 25, 84, 40, 76, 59, 7, 34, 19, 95, 72, 39, 49, 46, 68, 92, 31, 38, 54, 35, 24, 55, 5, 53, 96, 99, 51, 28, 14, 89, 37, 43, 77, 21, 22, 44, 18, 82, 79, 85, 97, 80, 58, 56, 12, 9, 27, 83, 50, 60, 91, 48, 30, 23, 64, 13, 86, 41, 69, 63, 93, 65, 98, 1, 15, 81, 4, 42, 71, 67, 8, 74, 47, 33, 20, 73, 2, 26, 61, 32, 70, 11, 94, 62, 52, 66, 57];[1, 70, 71, 8, 57, 11, 12, 94, 95]"
18589.097018,-21751.000000,"[0, 78, 87, 45, 10, 36, 3, 17, 88, 90, 16, 75, 6, 29, 25, 84, 40, 76, 59, 7, 34, 19, 60, 50, 83, 27, 9, 12, 56, 58, 80, 97, 85, 79, 82, 18, 44, 22, 21, 77, 43, 37, 89, 14, 28, 51, 99, 96, 53, 5, 55, 24, 35, 54, 38, 31, 92, 68, 46, 49, 39, 72, 95, 91, 48, 30, 23, 64, 13, 86, 41, 69, 63, 93, 65, 98, 1, 15, 81, 4, 42, 71, 67, 8, 74, 47, 33, 20, 73, 2, 26, 61, 32, 70, 11, 94, 62, 52, 66, 57];[1, 65, 66, 4, 68, 69, 70, 71, 8, 72, 74, 12, 13, 15, 16, 17, 18, 82, 84, 23, 28, 92, 94, 31, 95, 34, 35, 99, 36, 49, 56, 57, 58, 62]"
17888.257314,-21568.000000,"[0, 78, 87, 45, 10, 36, 3, 17, 88, 90, 16, 75, 6, 29, 25, 84, 40, 76, 59, 7, 34, 19, 95, 72, 39, 49, 46, 68, 92, 31, 38, 54, 35, 24, 55, 5, 53, 96, 99, 51, 28, 14, 89, 37, 43, 77, 21, 22, 44, 18, 82, 79, 85, 97, 80, 58, 56, 12, 9, 27, 83, 50, 60, 91, 48, 30, 23, 64, 13, 86, 41, 69, 63, 93, 65, 98, 1, 15, 81, 4, 42, 71, 67, 8, 74, 47, 33, 20, 73, 2, 26, 61, 32, 70, 11, 94, 62, 52, 66, 57];[1, 65, 66, 4, 68, 69, 70, 71, 8, 72, 9, 74, 12, 13, 15, 16, 17, 18, 82, 84, 23, 28, 92, 94, 31, 34, 35, 99, 49, 56, 57, 58, 62]"
17110.305261,-21478.000000,"[0, 78, 87, 45, 10, 36, 3, 17, 88, 90, 16, 75, 6, 29, 25, 84, 40, 76, 59, 7, 34, 19, 60, 50, 83, 27, 9, 12, 56, 58, 80, 97, 85, 79, 82, 18, 44, 22, 21, 77, 43, 37, 89, 14, 28, 51, 99, 96, 53, 5, 55, 24, 35, 54, 38, 31, 92, 68, 46, 49, 39, 72, 95, 91, 48, 30, 23, 64, 13, 86, 41, 69, 63, 93, 65, 98, 1, 15, 81, 4, 42, 71, 67, 8, 74, 47, 33, 20, 73, 2, 26, 61, 32, 70, 11, 94, 62, 52, 66, 57];[1, 65, 66, 4, 68, 69, 70, 71, 8, 72, 74, 11, 12, 13, 15, 16, 17, 82, 84, 28, 92, 94, 31, 95, 34, 35, 99, 36, 49, 56, 57, 58, 62]"
15537.874878,-20994.000000,"[0, 78, 87, 45, 10, 36, 3, 17, 88, 90, 16, 75, 6, 29, 25, 84, 40, 76, 59, 7, 34, 19, 60, 50, 83, 27, 9, 12, 56, 58, 80, 97, 85, 79, 82, 18, 44, 22, 21, 77, 43, 37, 89, 14, 28, 51, 99, 96, 53, 5, 55, 24, 35, 54, 38, 31, 92, 68, 46, 49, 39, 72, 95, 91, 48, 30, 23, 64, 13, 86, 41, 69, 63, 93, 65, 98, 81, 4, 15, 1, 42, 71, 67, 8, 74, 47, 33, 20, 73, 2, 26, 61, 32, 70, 11, 94, 62, 52, 66, 57];[1, 65, 2, 66, 4, 68, 69, 70, 71, 8, 72, 74, 11, 12, 13, 15, 16, 82, 84, 23, 28, 92, 93, 94, 31, 95, 34, 35, 49, 56, 57, 58, 62]"
16562.192201,-21295.000000,"[0, 78, 87, 45, 10, 36, 3, 17, 88, 90, 16, 75, 6, 29, 25, 84, 40, 76, 59, 7, 34, 19, 95, 72, 39, 49, 46, 68, 92, 31, 38, 54, 35, 24, 55, 5, 53, 96, 99, 51, 28, 14, 89, 37, 43, 77, 21, 22, 44, 18, 82, 79, 85, 97, 80, 58, 56, 12, 9, 27, 83, 50, 60, 91, 48, 30, 23, 64, 13, 86, 41, 69, 63, 93, 65, 98, 1, 15, 81, 4, 42, 71, 67, 8, 74, 47, 33, 20, 73, 2, 26, 61, 32, 70, 11, 94, 62, 52, 66, 57];[1, 65, 66, 4, 68, 69, 70, 71, 8, 72, 9, 74, 11, 12, 13, 15, 16, 17, 82, 84, 28, 92, 94, 31, 34, 35, 99, 49, 56, 57, 58, 62]"
16053.874518,-21230.000000,"[0, 78, 87, 45, 10, 36, 3, 17, 88, 90, 16, 75, 6, 29, 25, 84, 40, 76, 59, 7, 34, 19, 60, 50, 83, 27, 9, 12, 56, 58, 80, 97, 85, 79, 82, 18, 44, 22, 21, 77, 43, 37, 89, 14, 28, 51, 99, 96, 53, 5, 55, 24, 35, 54, 38, 31, 92, 68, 46, 49, 39, 72, 95, 91, 48, 30, 23, 64, 13, 86, 41, 69, 63, 93, 65, 98, 1, 15, 81, 4, 42, 71, 67, 8, 74, 47, 33, 20, 73, 2, 26, 61, 32, 70, 11, 94, 62, 52, 66, 57];[1, 65, 2, 66, 4, 68, 69, 70, 71, 8, 72, 74, 11, 12, 13, 15, 16, 17, 82, 84, 28, 92, 94, 31, 95, 34, 35, 99, 49, 56, 57, 58, 62]"
15886.288594,-21161.000000,"[0, 78, 87, 45, 10, 36, 3, 17, 88, 90, 16, 75, 6, 29, 25, 84, 40, 76, 59, 7, 34, 19, 60, 50, 83, 27, 9, 12, 56, 58, 80, 97, 85, 79, 82, 18, 44, 22, 21, 77, 43, 37, 89, 14, 28, 51, 99, 96, 53, 5, 55, 24, 35, 54, 38, 31, 92, 68, 46, 49, 39, 72, 95, 91, 48, 30, 23, 64, 13, 86, 41, 69, 63, 93, 65, 98, 1, 15, 81, 4, 42, 71, 67, 8, 74, 47, 33, 20, 73, 2, 26, 61, 32, 70, 11, 94, 62, 52, 66, 57];[1, 65, 2, 66, 4, 68, 69, 70, 71, 8, 72, 74, 11, 12, 13, 15, 16, 17, 82, 84, 28, 92, 94, 31, 34, 35, 99, 49, 56, 57, 58, 62]"
14619.417952,-20652.000000,"[0, 78, 87, 45, 10, 36, 3, 17, 88, 90, 16, 75, 6, 29, 25, 84, 40, 76, 59, 7, 34, 19, 60, 50, 83, 27, 9, 12, 56, 58, 80, 97, 85, 79, 82, 18, 44, 22, 21, 77, 43, 37, 89, 14, 28, 51, 99, 96, 53, 5, 55, 24, 35, 54, 38, 31, 92, 68, 46, 49, 39, 72, 95, 91, 48, 30, 23, 64, 13, 86, 41, 69, 63, 93, 65, 98, 1, 15, 81, 4, 42, 71, 67, 8, 74, 47, 33, 20, 73, 2, 26, 61, 32, 70, 11, 94, 62, 52, 66, 57];[1, 65, 2, 66, 4, 68, 69, 70, 71, 8, 72, 74, 11, 12, 13, 15, 16, 82, 84, 23, 28, 92, 94, 31, 95, 34, 35, 49, 56, 57, 58, 62]"
15134.278652,-20929.000000,"[0, 78, 87, 45, 10, 36, 3, 17, 88, 90, 16, 75, 6, 29, 25, 84, 40, 76, 59, 7, 34, 19, 60, 50, 83, 27, 9, 12, 56, 58, 80, 97, 85, 79, 82, 18, 44, 22, 21, 77, 43, 37, 89, 14, 28, 51, 99, 96, 53, 5, 55, 24, 35, 54, 38, 31, 92, 68, 46, 49, 39, 72, 95, 91, 48, 30, 23, 64, 13, 86, 41, 69, 63, 93, 65, 98, 1, 15, 81, 4, 42, 71, 67, 8, 74, 47, 33, 20, 73, 2, 26, 61, 32, 70, 11, 94, 62, 52, 66, 57];[1, 65, 2, 66, 4, 68, 69, 70, 71, 8, 72, 74, 11, 12, 13, 15, 16, 82, 84, 23, 28, 92, 94, 31, 95, 34, 35, 99, 49, 56, 57, 58, 62]"
18317.329762,-21637.000000,"[0, 78, 87, 45, 10, 36, 3, 17, 88, 90, 16, 75, 6, 29, 25, 84, 40, 76, 59, 7, 34, 19, 95, 72, 39, 49, 46, 68, 92, 31, 38, 54, 35, 24, 55, 5, 53, 96, 99, 51, 28, 14, 89, 37, 43, 77, 21, 22, 44, 18, 82, 79, 85, 97, 80, 58, 56, 12, 9, 27, 83, 50, 60, 91, 48, 30, 23, 64, 13, 86, 41, 69, 63, 93, 65, 98, 81, 4, 15, 1, 42, 71, 67, 8, 74, 47, 33, 20, 73, 2, 26, 61, 32, 70, 11, 94, 62, 52, 66, 57];[1, 65, 66, 4, 68, 69, 70, 71, 8, 72, 9, 74, 12, 13, 15, 16, 17, 18, 82, 84, 23, 28, 92, 94, 31, 95, 34, 35, 99, 49, 56, 57, 58, 62]"
13107.957234,-19648.000000,"[0, 78, 87, 45, 10, 36, 3, 17, 88, 90, 16, 75, 6, 29, 25, 84, 40, 76, 59, 7, 34, 19, 60, 50, 83, 27, 9, 12, 56, 58, 80, 97, 85, 79, 82, 18, 44, 22, 21, 77, 43, 37, 89, 14, 28, 51, 99, 96, 53, 5, 55, 24, 35, 54, 38, 31, 92, 68, 46, 49, 39, 72, 95, 91, 48, 30, 23, 64, 13, 86, 41, 69, 63, 93, 65, 98, 1, 15, 81, 4, 42, 71, 67, 8, 74, 47, 33, 20, 73, 2, 26, 61, 32, 70, 11, 94, 62, 52, 66, 57];[1, 65, 2, 66, 4, 68, 69, 70, 71, 8, 72, 74, 11, 12, 13, 15, 16, 82, 84, 23, 28, 92, 94, 31, 95, 49, 56, 57, 58, 62]"
13356.008608,-19856.000000,"[0, 78, 87, 45, 10, 36, 3, 17, 88, 90, 16, 75, 6, 29, 25, 84, 40, 76, 59, 7, 34, 19, 60, 50, 83, 27, 9, 12, 56, 58, 80, 97, 85, 79, 82, 18, 44, 22, 21, 77, 43, 37, 89, 14, 28, 51, 99, 96, 53, 5, 55, 24, 35, 54, 38, 31, 92, 68, 46, 49, 39, 72, 95, 91, 48, 30, 23, 64, 13, 86, 41, 69, 63, 93, 65, 98, 1, 15, 81, 4, 42, 71, 67, 8, 74, 47, 33, 20, 73, 2, 26, 61, 32, 70, 11, 94, 62, 52, 66, 57];[1, 65, 2, 66, 4, 68, 69, 70, 71, 8, 72, 74, 11, 12, 13, 15, 16, 82, 84, 23, 28, 92, 94, 31, 99, 49, 56, 57, 58, 62]"
9312.754919,-9254.000000,"[0, 78, 87, 45, 10, 36, 3, 17, 88, 90, 16, 75, 6, 29, 25, 84, 40, 76, 59, 7, 34, 19, 95, 72, 39, 49, 46, 68, 92, 31, 38, 54, 35, 24, 55, 5, 53, 96, 99, 51, 28, 14, 89, 37, 43, 77, 21, 22, 44, 18, 82, 79, 85, 97, 80, 58, 56, 12, 9, 27, 83, 50, 60, 91, 48, 30, 23, 64, 13, 86, 41, 69, 63, 93, 65, 98, 1, 15, 81, 4, 42, 71, 67, 8, 74, 47, 33, 20, 73, 2, 26, 61, 32, 70, 11, 94, 62, 52, 66, 57];[1, 66, 4, 70, 71, 8, 11, 12, 56, 57, 58, 28, 62, 94]"
9696.511908,-11449.000000,"[0, 78, 87, 45, 10, 36, 3, 17, 88, 90, 16, 75, 6, 29, 25, 84, 40, 76, 59, 7, 34, 19, 95, 72, 39, 49, 46, 68, 92, 31, 38, 54, 35, 24, 55, 5, 53, 96, 99, 51, 28, 14, 89, 37, 43, 77, 21, 22, 44, 18, 82, 79, 85, 97, 80, 58, 56, 12, 9, 27, 83, 50, 60, 91, 48, 30, 23, 64, 13, 86, 41, 69, 63, 93, 65, 98, 1, 15, 81, 4, 42, 71, 67, 8, 74, 47, 33, 20, 73, 2, 26, 61, 32, 70, 11, 94, 62, 52, 66, 57];[1, 2, 66, 4, 70, 71, 8, 11, 12, 13, 15, 16, 56, 57, 58, 28, 62, 94]"
10149.690827,-13851.000000,"[0, 78, 87, 45, 10, 36, 3, 17, 88, 90, 16, 75, 6, 29, 25, 84, 40, 76, 59, 7, 34, 19, 95, 72, 39, 49, 46, 68, 92, 31, 38, 54, 35, 24, 55, 5, 53, 96, 99, 51, 28, 14, 89, 37, 43, 77, 21, 22, 44, 18, 82, 79, 85, 97, 80, 58, 56, 12, 9, 27, 83, 50, 60, 91, 48, 30, 23, 64, 13, 86, 41, 69, 63, 93, 65, 98, 1, 15, 81, 4, 42, 71, 67, 8, 74, 47, 33, 20, 73, 2, 26, 61, 32, 70, 11, 94, 62, 52, 66, 57];[1, 66, 4, 68, 69, 70, 71, 8, 72, 74, 12, 13, 82, 56, 57, 58, 28, 92, 62, 94]"
9120.662460,-7028.000000,"[0, 78, 87, 45, 10, 36, 3, 17, 88, 90, 16, 75, 6, 29, 25, 84, 40, 76, 59, 7, 34, 19, 95, 72, 39, 49, 46, 68, 92, 31, 38, 54, 35, 24, 55, 5, 53, 96, 99, 51, 28, 14, 89, 37, 43, 77, 21, 22, 44, 18, 82, 79, 85, 97, 80, 58, 56, 12, 9, 27, 83, 50, 60, 91, 48, 30, 23, 64, 13, 86, 41, 69, 63, 93, 65, 98, 1, 15, 81, 4, 42, 71, 67, 8, 74, 47, 33, 20, 73, 2, 26, 61, 32, 70, 11, 94, 62, 52, 66, 57];[1, 66, 70, 71, 8, 72, 11, 12, 56, 57, 62, 94]"
14984.387275,-20803.000000,"[0, 78, 87, 45, 10, 36, 3, 17, 88, 90, 16, 75, 6, 29, 25, 84, 40, 76, 59, 7, 34, 19, 95, 72, 39, 49, 46, 68, 92, 31, 38, 54, 35, 24, 55, 5, 53, 96, 99, 51, 28, 14, 89, 37, 43, 77, 21, 22, 44, 18, 82, 79, 85, 97, 80, 58, 56, 12, 9, 27, 83, 50, 60, 91, 48, 30, 23, 64, 13, 86, 41, 69, 63, 93, 65, 98, 1, 15, 81, 4, 42, 71, 67, 8, 74, 47, 33, 20, 73, 2, 26, 61, 32, 70, 11, 94, 62, 52, 66, 57];[1, 65, 2, 66, 4, 68, 69, 70, 71, 8, 72, 74, 11, 12, 13, 15, 16, 82, 84, 23, 28, 92, 93, 94, 31, 95, 35, 99, 49, 56, 57, 58, 62]"
9780.143806,-11953.000000,"[0, 78, 87, 45, 10, 36, 3, 17, 88, 90, 16, 75, 6, 29, 25, 84, 40, 76, 59, 7, 34, 19, 95, 72, 39, 49, 46, 68, 92, 31, 38, 54, 35, 24, 55, 5, 53, 96, 99, 51, 28, 14, 89, 37, 43, 77, 21, 22, 44, 18, 82, 79, 85, 97, 80, 58, 56, 12, 9, 27, 83, 50, 60, 91, 48, 30, 23, 64, 13, 86, 41, 69, 63, 93, 65, 98, 1, 15, 81, 4, 42, 71, 67, 8, 74, 47, 33, 20, 73, 2, 26, 61, 32, 70, 11, 94, 62, 52, 66, 57];[1, 66, 68, 69, 70, 71, 8, 72, 74, 11, 12, 82, 56, 57, 58, 28, 62, 94]"
9130.641096,-7419.000000,"[0, 78, 87, 45, 10, 36, 3, 17, 88, 90, 16, 75, 6, 29, 25, 84, 40, 76, 59, 7, 34, 19, 95, 72, 39, 49, 46, 68, 92, 31, 38, 54, 35, 24, 55, 5, 53, 96, 99, 51, 28, 14, 89, 37, 43, 77, 21, 22, 44, 18, 82, 79, 85, 97, 80, 58, 56, 12, 9, 27, 83, 50, 60, 91, 48, 30, 23, 64, 13, 86, 41, 69, 63, 93, 65, 98, 1, 15, 81, 4, 42, 71, 67, 8, 74, 47, 33, 20, 73, 2, 26, 61, 32, 70, 11, 94, 62, 52, 66, 57];[1, 66, 70, 71, 8, 56, 57, 11, 12, 28, 62, 94]"
9297.883121,-8963.000000,"[0, 78, 87, 45, 10, 36, 3, 17, 88, 90, 16, 75, 6, 29, 25, 84, 40, 76, 59, 7, 34, 19, 95, 72, 39, 49, 46, 68, 92, 31, 38, 54, 35, 24, 55, 5, 53, 96, 99, 51, 28, 14, 89, 37, 43, 77, 21, 22, 44, 18, 82, 79, 85, 97, 80, 58, 56, 12, 9, 27, 83, 50, 60, 91, 48, 30, 23, 64, 13, 86, 41, 69, 63, 93, 65, 98, 1, 15, 81, 4, 42, 71, 67, 8, 74, 47, 33, 20, 73, 2, 26, 61, 32, 70, 11, 94, 62, 52, 66, 57];[1, 2, 66, 4, 70, 71, 8, 11, 12, 56, 57, 28, 62, 94]"
9800.582852,-12380.000000,"[0, 78, 87, 45, 10, 36, 3, 17, 88, 90, 16, 75, 6, 29, 25, 84, 40, 76, 59, 7, 34, 19, 95, 72, 39, 49, 46, 68, 92, 31, 38, 54, 35, 24, 55, 5, 53, 96, 99, 51, 28, 14, 89, 37, 43, 77, 21, 22, 44, 18, 82, 79, 85, 97, 80, 58, 56, 12, 9, 27, 83, 50, 60, 91, 48, 30, 23, 64, 13, 86, 41, 69, 63, 93, 65, 98, 1, 15, 81, 4, 42, 71, 67, 8, 74, 47, 33, 20, 73, 2, 26, 61, 32, 70, 11, 94, 62, 52, 66, 57];[1, 66, 4, 69, 70, 71, 8, 72, 74, 11, 12, 82, 56, 57, 58, 28, 62, 94]"
9373.167057,-9675.000000,"[0, 78, 87, 45, 10, 36, 3, 17, 88, 90, 16, 75, 6, 29, 25, 84, 40, 76, 59, 7, 34, 19, 95, 72, 39, 49, 46, 68, 92, 31, 38, 54, 35, 24, 55, 5, 53, 96, 99, 51, 28, 14, 89, 37, 43, 77, 21, 22, 44, 18, 82, 79, 85, 97, 80, 58, 56, 12, 9, 27, 83, 50, 60, 91, 48, 30, 23, 64, 13, 86, 41, 69, 63, 93, 65, 98, 1, 15, 81, 4, 42, 71, 67, 8, 74, 47, 33, 20, 73, 2, 26, 61, 32, 70, 11, 94, 62, 52, 66, 57];[1, 66, 4, 70, 71, 8, 11, 12, 15, 56, 57, 58, 28, 62, 94]"
11204.529192,-17480.000000,"[0, 78, 87, 45, 10, 36, 3, 17, 88, 90, 16, 75, 6, 29, 25, 84, 40, 76, 59, 7, 34, 19, 95, 72, 39, 49, 46, 68, 92, 31, 38, 54, 35, 24, 55, 5, 53, 96, 99, 51, 28, 14, 89, 37, 43, 77, 21, 22, 44, 18, 82, 79, 85, 97, 80, 58, 56, 12, 9, 27, 83, 50, 60, 91, 48, 30, 23, 64, 13, 86, 41, 69, 63, 93, 65, 98, 1, 15, 81, 4, 42, 71, 67, 8, 74, 47, 33, 20, 73, 2, 26, 61, 32, 70, 11, 94, 62, 52, 66, 57];[1, 65, 2, 66, 4, 68, 69, 70, 71, 8, 72, 74, 11, 12, 13, 15, 16, 82, 84, 28, 92, 94, 56, 57, 58, 62]"
9286.244497,-8572.000000,"[0, 78, 87, 45, 10, 36, 3, 17, 88, 90, 16, 75, 6, 29, 25, 84, 40, 76, 59, 7, 34, 19, 95, 72, 39, 49, 46, 68, 92, 31, 38, 54, 35, 24, 55, 5, 53, 96, 99, 51, 28, 14, 89, 37, 43, 77, 21, 22, 44, 18, 82, 79, 85, 97, 80, 58, 56, 12, 9, 27, 83, 50, 60, 91, 48, 30, 23, 64, 13, 86, 41, 69, 63, 93, 65, 98, 1, 15, 81, 4, 42, 71, 67, 8, 74, 47, 33, 20, 73, 2, 26, 61, 32, 70, 11, 94, 62, 52, 66, 57];[1, 2, 66, 4, 70, 71, 8, 72, 11, 12, 56, 57, 62, 94]"
9525.394270,-10646.000000,"[0, 78, 87, 45, 10, 36, 3, 17, 88, 90, 16, 75, 6, 29, 25, 84, 40, 76, 59, 7, 34, 19, 95, 72, 39, 49, 46, 68, 92, 31, 38, 54, 35, 24, 55, 5, 53, 96, 99, 51, 28, 14, 89, 37, 43, 77, 21, 22, 44, 18, 82, 79, 85, 97, 80, 58, 56, 12, 9, 27, 83, 50, 60, 91, 48, 30, 23, 64, 13, 86, 41, 69, 63, 93, 65, 98, 1, 15, 81, 4, 42, 71, 67, 8, 74, 47, 33, 20, 73, 2, 26, 61, 32, 70, 11, 94, 62, 52, 66, 57];[1, 2, 66, 4, 70, 71, 8, 11, 12, 13, 56, 57, 58, 28, 62, 94]"
10168.440404,-14201.000000,"[0, 78, 87, 45, 10, 36, 3, 17, 88, 90, 16, 75, 6, 29, 25, 84, 40, 76, 59, 7, 34, 19, 95, 72, 39, 49, 46, 68, 92, 31, 38, 54, 35, 24, 55, 5, 53, 96, 99, 51, 28, 14, 89, 37, 43, 77, 21, 22, 44, 18, 82, 79, 85, 97, 80, 58, 56, 12, 9, 27, 83, 50, 60, 91, 48, 30, 23, 64, 13, 86, 41, 69, 63, 93, 65, 98, 1, 15, 81, 4, 42, 71, 67, 8, 74, 47, 33, 20, 73, 2, 26, 61, 32, 70, 11, 94, 62, 52, 66, 57];[1, 2, 66, 4, 68, 69, 70, 71, 8, 72, 74, 11, 12, 82, 56, 57, 58, 28, 92, 62, 94]"
12081.088159,-18655.000000,"[0, 78, 87, 45, 10, 36, 3, 17, 88, 90, 16, 75, 6, 29, 25, 84, 40, 76, 59, 7, 34, 19, 95, 72, 39, 49, 46, 68, 92, 31, 38, 54, 35, 24, 55, 5, 53, 96, 99, 51, 28, 14, 89, 37, 43, 77, 21, 22, 44, 18, 82, 79, 85, 97, 80, 58, 56, 12, 9, 27, 83, 50, 60, 91, 48, 30, 23, 64, 13, 86, 41, 69, 63, 93, 65, 98, 1, 15, 81, 4, 42, 71, 67, 8, 74, 47, 33, 20, 73, 2, 26, 61, 32, 70, 11, 94, 62, 52, 66, 57];[1, 65, 2, 66, 4, 68, 69, 70, 71, 8, 72, 74, 11, 12, 13, 15, 16, 82, 84, 26, 28, 92, 93, 94, 99, 56, 57, 58, 62]"
9205.949261,-7781.000000,"[0, 78, 87, 45, 10, 36, 3, 17, 88, 90, 16, 75, 6, 29, 25, 84, 40, 76, 59, 7, 34, 19, 95, 72, 39, 49, 46, 68, 92, 31, 38, 54, 35, 24, 55, 5, 53, 96, 99, 51, 28, 14, 89, 37, 43, 77, 21, 22, 44, 18, 82, 79, 85, 97, 80, 58, 56, 12, 9, 27, 83, 50, 60, 91, 48, 30, 23, 64, 13, 86, 41, 69, 63, 93, 65, 98, 1, 15, 81, 4, 42, 71, 67, 8, 74, 47, 33, 20, 73, 2, 26, 61, 32, 70, 11, 94, 62, 52, 66, 57];[1, 66, 70, 71, 8, 72, 11, 12, 52, 56, 57, 28, 62, 94]"
13965.330558,-20267.000000,"[0, 78, 87, 45, 10, 36, 3, 17, 88, 90, 16, 75, 6, 29, 25, 84, 40, 76, 59, 7, 34, 19, 60, 50, 83, 27, 9, 12, 56, 58, 80, 97, 85, 79, 82, 18, 44, 22, 21, 77, 43, 37, 89, 14, 28, 51, 99, 96, 53, 5, 55, 24, 35, 54, 38, 31, 92, 68, 46, 49, 39, 72, 95, 91, 48, 30, 23, 64, 13, 86, 41, 69, 63, 93, 65, 98, 1, 15, 81, 4, 42, 71, 67, 8, 74, 47, 33, 20, 73, 2, 26, 61, 32, 70, 11, 94, 62, 52, 66, 57];[1, 65, 2, 66, 4, 68, 69, 70, 71, 8, 72, 74, 11, 12, 13, 15, 16, 82, 84, 23, 28, 92, 93, 94, 31, 95, 99, 49, 56, 57, 58, 62]"
11903.886886,-18447.000000,"[0, 78, 87, 45, 10, 36, 3, 17, 88, 90, 16, 75, 6, 29, 25, 84, 40, 76, 59, 7, 34, 19, 95, 72, 39, 49, 46, 68, 92, 31, 38, 54, 35, 24, 55, 5, 53, 96, 99, 51, 28, 14, 89, 37, 43, 77, 21, 22, 44, 18, 82, 79, 85, 97, 80, 58, 56, 12, 9, 27, 83, 50, 60, 91, 48, 30, 23, 64, 13, 86, 41, 69, 63, 93, 65, 98, 1, 15, 81, 4, 42, 71, 67, 8, 74, 47, 33, 20, 73, 2, 26, 61, 32, 70, 11, 94, 62, 52, 66, 57];[1, 65, 2, 66, 4, 68, 69, 70, 71, 8, 72, 74, 11, 12, 13, 15, 16, 82, 84, 26, 28, 92, 93, 94, 95, 56, 57, 58, 62]"
9215.022426,-8293.000000,"[0, 78, 87, 45, 10, 36, 3, 17, 88, 90, 16, 75, 6, 29, 25, 84, 40, 76, 59, 7, 34, 19, 95, 72, 39, 49, 46, 68, 92, 31, 38, 54, 35, 24, 55, 5, 53, 96, 99, 51, 28, 14, 89, 37, 43, 77, 21, 22, 44, 18, 82, 79, 85, 97, 80, 58, 56, 12, 9, 27, 83, 50, 60, 91, 48, 30, 23, 64, 13, 86, 41, 69, 63, 93, 65, 98, 1, 15, 81, 4, 42, 71, 67, 8, 74, 47, 33, 20, 73, 2, 26, 61, 32, 70, 11, 94, 62, 52, 66, 57];[1, 66, 70, 71, 8, 11, 12, 56, 57, 58, 28, 62, 94]"
16869.810855,-21427.000000,"[0, 78, 87, 45, 10, 36, 3, 17, 88, 90, 16, 75, 6, 29, 25, 84, 40, 76, 59, 7, 34, 19, 95, 72, 39, 49, 46, 68, 92, 31, 38, 54, 35, 24, 55, 5, 53, 96, 99, 51, 28, 14, 89, 37, 43, 77, 21, 22, 44, 18, 82, 79, 85, 97, 80, 58, 56, 12, 9, 27, 83, 50, 60, 91, 48, 30, 23, 64, 13, 86, 41, 69, 63, 93, 65, 98, 1, 15, 81, 4, 42, 71, 67, 8, 74, 47, 33, 20, 73, 2, 26, 61, 32, 70, 11, 94, 62, 52, 66, 57];[1, 65, 66, 4, 68, 69, 70, 71, 8, 72, 74, 11, 12, 13, 15, 16, 17, 18, 82, 84, 23, 28, 92, 94, 31, 34, 35, 99, 49, 56, 57, 58, 62]"
10475.109298,-15431.000000,"[0, 78, 87, 45, 10, 36, 3, 17, 88, 90, 16, 75, 6, 29, 25, 84, 40, 76, 59, 7, 34, 19, 95, 72, 39, 49, 46, 68, 92, 31, 38, 54, 35, 24, 55, 5, 53, 96, 99, 51, 28, 14, 89, 37, 43, 77, 21, 22, 44, 18, 82, 79, 85, 97, 80, 58, 56, 12, 9, 27, 83, 50, 60, 91, 48, 30, 23, 64, 13, 86, 41, 69, 63, 93, 65, 98, 1, 15, 81, 4, 42, 71, 67, 8, 74, 47, 33, 20, 73, 2, 26, 61, 32, 70, 11, 94, 62, 52, 66, 57];[1, 2, 66, 4, 68, 69, 70, 71, 8, 72, 74, 11, 12, 13, 15, 82, 56, 57, 58, 28, 92, 62, 94]"
11075.813233,-17139.000000,"[0, 78, 87, 45, 10, 36, 3, 17, 88, 90, 16, 75, 6, 29, 25, 84, 40, 76, 59, 7, 34, 19, 95, 72, 39, 49, 46, 68, 92, 31, 38, 54, 35, 24, 55, 5, 53, 96, 99, 51, 28, 14, 89, 37, 43, 77, 21, 22, 44, 18, 82, 79, 85, 97, 80, 58, 56, 12, 9, 27, 83, 50, 60, 91, 48, 30, 23, 64, 13, 86, 41, 69, 63, 93, 65, 98, 1, 15, 81, 4, 42, 71, 67, 8, 74, 47, 33, 20, 73, 2, 26, 61, 32, 70, 11, 94, 62, 52, 66, 57];[1, 2, 66, 4, 68, 69, 70, 71, 8, 72, 74, 11, 12, 13, 15, 16, 82, 84, 26, 28, 92, 94, 56, 57, 58, 62]"
10240.348980,-14388.000000,"[0, 78, 87, 45, 10, 36, 3, 17, 88, 90, 16, 75, 6, 29, 25, 84, 40, 76, 59, 7, 34, 19, 95, 72, 39, 49, 46, 68, 92, 31, 38, 54, 35, 24, 55, 5, 53, 96, 99, 51, 28, 14, 89, 37, 43, 77, 21, 22, 44, 18, 82, 79, 85, 97, 80, 58, 56, 12, 9, 27, 83, 50, 60, 91, 48, 30, 23, 64, 13, 86, 41, 69, 63, 93, 65, 98, 1, 15, 81, 4, 42, 71, 67, 8, 74, 47, 33, 20, 73, 2, 26, 61, 32, 70, 11, 94, 62, 52, 66, 57];[1, 66, 4, 68, 69, 70, 71, 8, 72, 74, 11, 12, 82, 84, 56, 57, 58, 28, 92, 62, 94]"
16767.125240,-21364.000000,"[0, 78, 87, 45, 10, 36, 3, 17, 88, 90, 16, 75, 6, 29, 25, 84, 40, 76, 59, 7, 34, 19, 95, 72, 39, 49, 46, 68, 92, 31, 38, 54, 35, 24, 55, 5, 53, 96, 99, 51, 28, 14, 89, 37, 43, 77, 21, 22, 44, 18, 82, 79, 85, 97, 80, 58, 56, 12, 9, 27, 83, 50, 60, 91, 48, 30, 23, 64, 13, 86, 41, 69, 63, 93, 65, 98, 1, 15, 81, 4, 42, 71, 67, 8, 74, 47, 33, 20, 73, 2, 26, 61, 32, 70, 11, 94, 62, 52, 66, 57];[1, 65, 66, 4, 68, 69, 70, 71, 8, 72, 9, 74, 11, 12, 13, 15, 16, 17, 82, 84, 28, 92, 94, 31, 95, 34, 35, 99, 49, 56, 57, 58, 62]"
10441.780390,-15230.000000,"[0, 78, 87, 45, 10, 36, 3, 17, 88, 90, 16, 75, 6, 29, 25, 84, 40, 76, 59, 7, 34, 19, 95, 72, 39, 49, 46, 68, 92, 31, 38, 54, 35, 24, 55, 5, 53, 96, 99, 51, 28, 14, 89, 37, 43, 77, 21, 22, 44, 18, 82, 79, 85, 97, 80, 58, 56, 12, 9, 27, 83, 50, 60, 91, 48, 30, 23, 64, 13, 86, 41, 69, 63, 93, 65, 98, 1, 15, 81, 4, 42, 71, 67, 8, 74, 47, 33, 20, 73, 2, 26, 61, 32, 70, 11, 94, 62, 52, 66, 57];[1, 66, 4, 68, 69, 70, 71, 8, 72, 74, 11, 12, 13, 15, 16, 82, 56, 57, 58, 28, 92, 62, 94]"
14366.693801,-20526.000000,"[0, 78, 87, 45, 10, 36, 3, 17, 88, 90, 16, 75, 6, 29, 25, 84, 40, 76, 59, 7, 34, 19, 60, 50, 83, 27, 9, 12, 56, 58, 80, 97, 85, 79, 82, 18, 44, 22, 21, 77, 43, 37, 89, 14, 28, 51, 99, 96, 53, 5, 55, 24, 35, 54, 38, 31, 92, 68, 46, 49, 39, 72, 95, 91, 48, 30, 23, 64, 13, 86, 41, 69, 63, 93, 65, 98, 1, 15, 81, 4, 42, 71, 67, 8, 74, 47, 33, 20, 73, 2, 26, 61, 32, 70, 11, 94, 62, 52, 66, 57];[1, 65, 2, 66, 4, 68, 69, 70, 71, 8, 72, 74, 11, 12, 13, 15, 16, 82, 84, 23, 28, 92, 93, 94, 31, 95, 35, 49, 56, 57, 58, 62]"
12994.442569,-19524.000000,"[0, 78, 87, 45, 10, 36, 3, 17, 88, 90, 16, 75, 6, 29, 25, 84, 40, 76, 59, 7, 34, 19, 95, 72, 39, 49, 46, 68, 92, 31, 38, 54, 35, 24, 55, 5, 53, 96, 99, 51, 28, 14, 89, 37, 43, 77, 21, 22, 44, 18, 82, 79, 85, 97, 80, 58, 56, 12, 9, 27, 83, 50, 60, 91, 48, 30, 23, 64, 13, 86, 41, 69, 63, 93, 65, 98, 1, 15, 81, 4, 42, 71, 67, 8, 74, 47, 33, 20, 73, 2, 26, 61, 32, 70, 11, 94, 62, 52, 66, 57];[1, 65, 2, 66, 4, 68, 69, 70, 71, 8, 72, 74, 11, 12, 13, 15, 16, 82, 84, 26, 28, 92, 93, 94, 99, 49, 56, 57, 58, 62]"
10314.834868,-14575.000000,"[0, 78, 87, 45, 10, 36, 3, 17, 88, 90, 16, 75, 6, 29, 25, 84, 40, 76, 59, 7, 34, 19, 95, 72, 39, 49, 46, 68, 92, 31, 38, 54, 35, 24, 55, 5, 53, 96, 99, 51, 28, 14, 89, 37, 43, 77, 21, 22, 44, 18, 82, 79, 85, 97, 80, 58, 56, 12, 9, 27, 83, 50, 60, 91, 48, 30, 23, 64, 13, 86, 41, 69, 63, 93, 65, 98, 1, 15, 81, 4, 42, 71, 67, 8, 74, 47, 33, 20, 73, 2, 26, 61, 32, 70, 11, 94, 62, 52, 66, 57];[1, 2, 66, 4, 69, 70, 71, 8, 72, 74, 11, 12, 13, 15, 16, 82, 56, 57, 58, 28, 62, 94]"
13573.779718,-20014.000000,"[0, 78, 87, 45, 10, 36, 3, 17, 88, 90, 16, 75, 6, 29, 25, 84, 40, 76, 59, 7, 34, 19, 60, 50, 83, 27, 9, 12, 56, 58, 80, 97, 85, 79, 82, 18, 44, 22, 21, 77, 43, 37, 89, 14, 28, 51, 99, 96, 53, 5, 55, 24, 35, 54, 38, 31, 92, 68, 46, 49, 39, 72, 95, 91, 48, 30, 23, 64, 13, 86, 41, 69, 63, 93, 65, 98, 1, 15, 81, 4, 42, 71, 67, 8, 74, 47, 33, 20, 73, 2, 26, 61, 32, 70, 11, 94, 62, 52, 66, 57];[1, 65, 2, 66, 4, 68, 69, 70, 71, 8, 72, 74, 11, 12, 13, 15, 16, 82, 84, 28, 92, 94, 31, 95, 47, 49, 56, 57, 58, 62]"
11401.507515,-17757.000000,"[0, 78, 87, 45, 10, 36, 3, 17, 88, 90, 16, 75, 6, 29, 25, 84, 40, 76, 59, 7, 34, 19, 95, 72, 39, 49, 46, 68, 92, 31, 38, 54, 35, 24, 55, 5, 53, 96, 99, 51, 28, 14, 89, 37, 43, 77, 21, 22, 44, 18, 82, 79, 85, 97, 80, 58, 56, 12, 9, 27, 83, 50, 60, 91, 48, 30, 23, 64, 13, 86, 41, 69, 63, 93, 65, 98, 1, 15, 81, 4, 42, 71, 67, 8, 74, 47, 33, 20, 73, 2, 26, 61, 32, 70, 11, 94, 62, 52, 66, 57];[1, 65, 2, 66, 4, 68, 69, 70, 71, 8, 72, 74, 11, 12, 13, 15, 16, 82, 84, 28, 92, 94, 99, 56, 57, 58, 62]"
10601.458568,-15813.000000,"[0, 78, 87, 45, 10, 36, 3, 17, 88, 90, 16, 75, 6, 29, 25, 84, 40, 76, 59, 7, 34, 19, 95, 72, 39, 49, 46, 68, 92, 31, 38, 54, 35, 24, 55, 5, 53, 96, 99, 51, 28, 14, 89, 37, 43, 77, 21, 22, 44, 18, 82, 79, 85, 97, 80, 58, 56, 12, 9, 27, 83, 50, 60, 91, 48, 30, 23, 64, 13, 86, 41, 69, 63, 93, 65, 98, 1, 15, 81, 4, 42, 71, 67, 8, 74, 47, 33, 20, 73, 2, 26, 61, 32, 70, 11, 94, 62, 52, 66, 57];[1, 2, 66, 4, 68, 69, 70, 71, 8, 72, 74, 11, 12, 13, 15, 16, 82, 56, 57, 58, 28, 92, 62, 94]"
10553.200798,-15667.000000,"[0, 78, 87, 45, 10, 36, 3, 17, 88, 90, 16, 75, 6, 29, 25, 84, 40, 76, 59, 7, 34, 19, 95, 72, 39, 49, 46, 68, 92, 31, 38, 54, 35, 24, 55, 5, 53, 96, 99, 51, 28, 14, 89, 37, 43, 77, 21, 22, 44, 18, 82, 79, 85, 97, 80, 58, 56, 12, 9, 27, 83, 50, 60, 91, 48, 30, 23, 64, 13, 86, 41, 69, 63, 93, 65, 98, 1, 15, 81, 4, 42, 71, 67, 8, 74, 47, 33, 20, 73, 2, 26, 61, 32, 70, 11, 94, 62, 52, 66, 57];[1, 2, 66, 4, 69, 70, 71, 8, 72, 74, 11, 12, 13, 15, 82, 84, 56, 57, 58, 28, 92, 62, 94]"
11269.175534,-17549.000000,"[0, 78, 87, 45, 10, 36, 3, 17, 88, 90, 16, 75, 6, 29, 25, 84, 40, 76, 59, 7, 34, 19, 95, 72, 39, 49, 46, 68, 92, 31, 38, 54, 35, 24, 55, 5, 53, 96, 99, 51, 28, 14, 89, 37, 43, 77, 21, 22, 44, 18, 82, 79, 85, 97, 80, 58, 56, 12, 9, 27, 83, 50, 60, 91, 48, 30, 23, 64, 13, 86, 41, 69, 63, 93, 65, 98, 1, 15, 81, 4, 42, 71, 67, 8, 74, 47, 33, 20, 73, 2, 26, 61, 32, 70, 11, 94, 62, 52, 66, 57];[1, 65, 2, 66, 4, 68, 69, 70, 71, 8, 72, 74, 11, 12, 13, 15, 16, 82, 84, 28, 92, 94, 95, 56, 57, 58, 62]"
14185.193898,-20461.000000,"[0, 78, 87, 45, 10, 36, 3, 17, 88, 90, 16, 75, 6, 29, 25, 84, 40, 76, 59, 7, 34, 19, 60, 50, 83, 27, 9, 12, 56, 58, 80, 97, 85, 79, 82, 18, 44, 22, 21, 77, 43, 37, 89, 14, 28, 51, 99, 96, 53, 5, 55, 24, 35, 54, 38, 31, 92, 68, 46, 49, 39, 72, 95, 91, 48, 30, 23, 64, 13, 86, 41, 69, 63, 93, 65, 98, 1, 15, 81, 4, 42, 71, 67, 8, 74, 47, 33, 20, 73, 2, 26, 61, 32, 70, 11, 94, 62, 52, 66, 57];[1, 65, 2, 66, 4, 68, 69, 70, 71, 8, 72, 74, 11, 12, 13, 15, 16, 82, 84, 23, 28, 92, 94, 31, 95, 35, 99, 49, 56, 57, 58, 62]"
10364.716089,-15010.000000,"[0, 78, 87, 45, 10, 36, 3, 17, 88, 90, 16, 75, 6, 29, 25, 84, 40, 76, 59, 7, 34, 19, 95, 72, 39, 49, 46, 68, 92, 31, 38, 54, 35, 24, 55, 5, 53, 96, 99, 51, 28, 14, 89, 37, 43, 77, 21, 22, 44, 18, 82, 79, 85, 97, 80, 58, 56, 12, 9, 27, 83, 50, 60, 91, 48, 30, 23, 64, 13, 86, 41, 69, 63, 93, 65, 98, 1, 15, 81, 4, 42, 71, 67, 8, 74, 47, 33, 20, 73, 2, 26, 61, 32, 70, 11, 94, 62, 52, 66, 57];[1, 2, 66, 4, 68, 69, 70, 71, 8, 72, 74, 11, 12, 13, 82, 56, 57, 58, 28, 92, 62, 94]"
9596.476785,-11067.000000,"[0, 78, 87, 45, 10, 36, 3, 17, 88, 90, 16, 75, 6, 29, 25, 84, 40, 76, 59, 7, 34, 19, 95, 72, 39, 49, 46, 68, 92, 31, 38, 54, 35, 24, 55, 5, 53, 96, 99, 51, 28, 14, 89, 37, 43, 77, 21, 22, 44, 18, 82, 79, 85, 97, 80, 58, 56, 12, 9, 27, 83, 50, 60, 91, 48, 30, 23, 64, 13, 86, 41, 69, 63, 93, 65, 98, 1, 15, 81, 4, 42, 71, 67, 8, 74, 47, 33, 20, 73, 2, 26, 61, 32, 70, 11, 94, 62, 52, 66, 57];[1, 2, 66, 4, 70, 71, 8, 11, 12, 13, 15, 56, 57, 58, 28, 62, 94]"
10043.084523,-13618.000000,"[0, 78, 87, 45, 10, 36, 3, 17, 88, 90, 16, 75, 6, 29, 25, 84, 40, 76, 59, 7, 34, 19, 95, 72, 39, 49, 46, 68, 92, 31, 38, 54, 35, 24, 55, 5, 53, 96, 99, 51, 28, 14, 89, 37, 43, 77, 21, 22, 44, 18, 82, 79, 85, 97, 80, 58, 56, 12, 9, 27, 83, 50, 60, 91, 48, 30, 23, 64, 13, 86, 41, 69, 63, 93, 65, 98, 1, 15, 81, 4, 42, 71, 67, 8, 74, 47, 33, 20, 73, 2, 26, 61, 32, 70, 11, 94, 62, 52, 66, 57];[1, 66, 4, 68, 69, 70, 71, 8, 72, 74, 11, 12, 82, 56, 57, 58, 28, 92, 62, 94]"
10988.482613,-16897.000000,"[0, 78, 87, 45, 10, 36, 3, 17, 88, 90, 16, 75, 6, 29, 25, 84, 40, 76, 59, 7, 34, 19, 95, 72, 39, 49, 46, 68, 92, 31, 38, 54, 35, 24, 55, 5, 53, 96, 99, 51, 28, 14, 89, 37, 43, 77, 21, 22, 44, 18, 82, 79, 85, 97, 80, 58, 56, 12, 9, 27, 83, 50, 60, 91, 48, 30, 23, 64, 13, 86, 41, 69, 63, 93, 65, 98, 1, 15, 81, 4, 42, 71, 67, 8, 74, 47, 33, 20, 73, 2, 26, 61, 32, 70, 11, 94, 62, 52, 66, 57];[1, 65, 66, 4, 68, 69, 70, 71, 8, 72, 74, 11, 12, 13, 15, 16, 82, 84, 28, 92, 94, 56, 57, 58, 62]"
11525.503340,-18036.000000,"[0, 78, 87, 45, 10, 36, 3, 17, 88, 90, 16, 75, 6, 29, 25, 84, 40, 76, 59, 7, 34, 19, 95, 72, 39, 49, 46, 68, 92, 31, 38, 54, 35, 24, 55, 5, 53, 96, 99, 51, 28, 14, 89, 37, 43, 77, 21, 22, 44, 18, 82, 79, 85, 97, 80, 58, 56, 12, 9, 27, 83, 50, 60, 91, 48, 30, 23, 64, 13, 86, 41, 69, 63, 93, 65, 98, 1, 15, 81, 4, 42, 71, 67, 8, 74, 47, 33, 20, 73, 2, 26, 61, 32, 70, 11, 94, 62, 52, 66, 57];[1, 65, 2, 66, 4, 68, 69, 70, 71, 8, 72, 74, 11, 12, 13, 15, 16, 82, 84, 26, 28, 92, 94, 56, 57, 58, 62]"
12845.221544,-19454.000000,"[0, 78, 87, 45, 10, 36, 3, 17, 88, 90, 16, 75, 6, 29, 25, 84, 40, 76, 59, 7, 34, 19, 95, 72, 39, 49, 46, 68, 92, 31, 38, 54, 35, 24, 55, 5, 53, 96, 99, 51, 28, 14, 89, 37, 43, 77, 21, 22, 44, 18, 82, 79, 85, 97, 80, 58, 56, 12, 9, 27, 83, 50, 60, 91, 48, 30, 23, 64, 13, 86, 41, 69, 63, 93, 65, 98, 1, 15, 81, 4, 42, 71, 67, 8, 74, 47, 33, 20, 73, 2, 26, 61, 32, 70, 11, 94, 62, 52, 66, 57];[1, 65, 2, 66, 4, 68, 69, 70, 71, 8, 72, 74, 11, 12, 13, 15, 16, 82, 84, 28, 92, 94, 99, 47, 49, 56, 57, 58, 62]"
10947.412805,-16710.000000,"[0, 78, 87, 45, 10, 36, 3, 17, 88, 90, 16, 75, 6, 29, 25, 84, 40, 76, 59, 7, 34, 19, 95, 72, 39, 49, 46, 68, 92, 31, 38, 54, 35, 24, 55, 5, 53, 96, 99, 51, 28, 14, 89, 37, 43, 77, 21, 22, 44, 18, 82, 79, 85, 97, 80, 58, 56, 12, 9, 27, 83, 50, 60, 91, 48, 30, 23, 64, 13, 86, 41, 69, 63, 93, 65, 98, 1, 15, 81, 4, 42, 71, 67, 8, 74, 47, 33, 20, 73, 2, 26, 61, 32, 70, 11, 94, 62, 52, 66, 57];[1, 65, 2, 66, 4, 68, 69, 70, 71, 8, 72, 74, 11, 12, 13, 15, 16, 82, 28, 92, 94, 56, 57, 58, 62]"
9860.577007,-12538.000000,"[0, 78, 87, 45, 10, 36, 3, 17, 88, 90, 16, 75, 6, 29, 25, 84, 40, 76, 59, 7, 34, 19, 95, 72, 39, 49, 46, 68, 92, 31, 38, 54, 35, 24, 55, 5, 53, 96, 99, 51, 28, 14, 89, 37, 43, 77, 21, 22, 44, 18, 82, 79, 85, 97, 80, 58, 56, 12, 9, 27, 83, 50, 60, 91, 48, 30, 23, 64, 13, 86, 41, 69, 63, 93, 65, 98, 1, 15, 81, 4, 42, 71, 67, 8, 74, 47, 33, 20, 73, 2, 26, 61, 32, 70, 11, 94, 62, 52, 66, 57];[1, 2, 66, 4, 68, 69, 70, 71, 8, 11, 12, 13, 15, 56, 57, 58, 28, 62, 94]"
12274.971004,-18905.000000,"[0, 78, 87, 45, 10, 36, 3, 17, 88, 90, 16, 75, 6, 29, 25, 84, 40, 76, 59, 7, 34, 19, 95, 72, 39, 49, 46, 68, 92, 31, 38, 54, 35, 24, 55, 5, 53, 96, 99, 51, 28, 14, 89, 37, 43, 77, 21, 22, 44, 18, 82, 79, 85, 97, 80, 58, 56, 12, 9, 27, 83, 50, 60, 91, 48, 30, 23, 64, 13, 86, 41, 69, 63, 93, 65, 98, 1, 15, 81, 4, 42, 71, 67, 8, 74, 47, 33, 20, 73, 2, 26, 61, 32, 70, 11, 94, 62, 52, 66, 57];[1, 65, 2, 66, 4, 68, 69, 70, 71, 8, 72, 74, 11, 12, 13, 15, 16, 82, 84, 26, 28, 92, 94, 49, 56, 57, 58, 62]"
12168.576543,-18724.000000,"[0, 78, 87, 45, 10, 36, 3, 17, 88, 90, 16, 75, 6, 29, 25, 84, 40, 76, 59, 7, 34, 19, 95, 72, 39, 49, 46, 68, 92, 31, 38, 54, 35, 24, 55, 5, 53, 96, 99, 51, 28, 14, 89, 37, 43, 77, 21, 22, 44, 18, 82, 79, 85, 97, 80, 58, 56, 12, 9, 27, 83, 50, 60, 91, 48, 30, 23, 64, 13, 86, 41, 69, 63, 93, 65, 98, 1, 15, 81, 4, 42, 71, 67, 8, 74, 47, 33, 20, 73, 2, 26, 61, 32, 70, 11, 94, 62, 52, 66, 57];[1, 65, 2, 66, 4, 68, 69, 70, 71, 8, 72, 74, 11, 12, 13, 15, 16, 82, 84, 26, 28, 92, 93, 94, 95, 99, 56, 57, 58, 62]"
10681.718969,-16049.000000,"[0, 78, 87, 45, 10, 36, 3, 17, 88, 90, 16, 75, 6, 29, 25, 84, 40, 76, 59, 7, 34, 19, 95, 72, 39, 49, 46, 68, 92, 31, 38, 54, 35, 24, 55, 5, 53, 96, 99, 51, 28, 14, 89, 37, 43, 77, 21, 22, 44, 18, 82, 79, 85, 97, 80, 58, 56, 12, 9, 27, 83, 50, 60, 91, 48, 30, 23, 64, 13, 86, 41, 69, 63, 93, 65, 98, 1, 15, 81, 4, 42, 71, 67, 8, 74, 47, 33, 20, 73, 2, 26, 61, 32, 70, 11, 94, 62, 52, 66, 57];[1, 2, 66, 4, 69, 70, 71, 8, 72, 74, 11, 12, 13, 15, 16, 82, 84, 28, 92, 94, 56, 57, 58, 62]"
9588.986474,-11050.000000,"[0, 78, 87, 45, 10, 36, 3, 17, 88, 90, 16, 75, 6, 29, 25, 84, 40, 76, 59, 7, 34, 19, 95, 72, 39, 49, 46, 68, 92, 31, 38, 54, 35, 24, 55, 5, 53, 96, 99, 51, 28, 14, 89, 37, 43, 77, 21, 22, 44, 18, 82, 79, 85, 97, 80, 58, 56, 12, 9, 27, 83, 50, 60, 91, 48, 30, 23, 64, 13, 86, 41, 69, 63, 93, 65, 98, 1, 15, 81, 4, 42, 71, 67, 8, 74, 47, 33, 20, 73, 2, 26, 61, 32, 70, 11, 94, 62, 52, 66, 57];[1, 66, 2, 4, 70, 71, 8, 72, 74, 11, 12, 56, 57, 58, 28, 62, 94]"
10833.189984,-16583.000000,"[0, 78, 87, 45, 10, 36, 3, 17, 88, 90, 16, 75, 6, 29, 25, 84, 40, 76, 59, 7, 34, 19, 95, 72, 39, 49, 46, 68, 92, 31, 38, 54, 35, 24, 55, 5, 53, 96, 99, 51, 28, 14, 89, 37, 43, 77, 21, 22, 44, 18, 82, 79, 85, 97, 80, 58, 56, 12, 9, 27, 83, 50, 60, 91, 48, 30, 23, 64, 13, 86, 41, 69, 63, 93, 65, 98, 1, 15, 81, 4, 42, 71, 67, 8, 74, 47, 33, 20, 73, 2, 26, 61, 32, 70, 11, 94, 62, 52, 66, 57];[1, 2, 66, 4, 68, 69, 70, 71, 8, 72, 74, 11, 12, 13, 15, 16, 82, 84, 28, 92, 94, 56, 57, 58, 62]"
9390.267843,-9837.000000,"[0, 78, 87, 45, 10, 36, 3, 17, 88, 90, 16, 75, 6, 29, 25, 84, 40, 76, 59, 7, 34, 19, 95, 72, 39, 49, 46, 68, 92, 31, 38, 54, 35, 24, 55, 5, 53, 96, 99, 51, 28, 14, 89, 37, 43, 77, 21, 22, 44, 18, 82, 79, 85, 97, 80, 58, 56, 12, 9, 27, 83, 50, 60, 91, 48, 30, 23, 64, 13, 86, 41, 69, 63, 93, 65, 98, 1, 15, 81, 4, 42, 71, 67, 8, 74, 47, 33, 20, 73, 2, 26, 61, 32, 70, 11, 94, 62, 52, 66, 57];[1, 2, 66, 4, 70, 71, 8, 11, 12, 56, 57, 58, 28, 62, 94]"
14075.219156,-20392.000000,"[0, 78, 87, 45, 10, 36, 3, 17, 88, 90, 16, 75, 6, 29, 25, 84, 40, 76, 59, 7, 34, 19, 60, 50, 83, 27, 9, 12, 56, 58, 80, 97, 85, 79, 82, 18, 44, 22, 21, 77, 43, 37, 89, 14, 28, 51, 99, 96, 53, 5, 55, 24, 35, 54, 38, 31, 92, 68, 46, 49, 39, 72, 95, 91, 48, 30, 23, 64, 13, 86, 41, 69, 63, 93, 65, 98, 1, 15, 81, 4, 42, 71, 67, 8, 74, 47, 33, 20, 73, 2, 26, 61, 32, 70, 11, 94, 62, 52, 66, 57];[1, 65, 2, 66, 4, 68, 69, 70, 71, 8, 72, 74, 11, 12, 13, 15, 16, 82, 84, 23, 28, 92, 94, 31, 35, 99, 49, 56, 57, 58, 62]"
18420.159426,-21682.000000,"[0, 78, 87, 45, 10, 36, 3, 17, 88, 90, 16, 75, 6, 29, 25, 84, 40, 76, 59, 7, 34, 19, 95, 72, 39, 49, 46, 68, 92, 31, 38, 54, 35, 24, 55, 5, 53, 96, 99, 51, 28, 14, 89, 37, 43, 77, 21, 22, 44, 18, 82, 79, 85, 97, 80, 58, 56, 12, 9, 27, 83, 50, 60, 91, 48, 30, 23, 64, 13, 86, 41, 69, 63, 93, 65, 98, 81, 15, 1, 42, 71, 67, 8, 74, 47, 33, 20, 73, 2, 26, 61, 32, 70, 11, 94, 62, 52, 66, 57, 4];[1, 65, 66, 4, 68, 69, 70, 71, 8, 72, 74, 12, 13, 15, 16, 17, 18, 82, 84, 23, 28, 92, 94, 31, 34, 35, 99, 36, 49, 56, 57, 58, 62]"
10321.658821,-14848.000000,"[0, 78, 87, 45, 10, 36, 3, 17, 88, 90, 16, 75, 6, 29, 25, 84, 40, 76, 59, 7, 34, 19, 95, 72, 39, 49, 46, 68, 92, 31, 38, 54, 35, 24, 55, 5, 53, 96, 99, 51, 28, 14, 89, 37, 43, 77, 21, 22, 44, 18, 82, 79, 85, 97, 80, 58, 56, 12, 9, 27, 83, 50, 60, 91, 48, 30, 23, 64, 13, 86, 41, 69, 63, 93, 65, 98, 1, 15, 81, 4, 42, 71, 67, 8, 74, 47, 33, 20, 73, 2, 26, 61, 32, 70, 11, 94, 62, 52, 66, 57];[1, 66, 4, 68, 69, 70, 71, 8, 72, 74, 11, 12, 13, 15, 82, 56, 57, 58, 28, 92, 62, 94]"
9882.571719,-12801.000000,"[0, 78, 87, 45, 10, 36, 3, 17, 88, 90, 16, 75, 6, 29, 25, 84, 40, 76, 59, 7, 34, 19, 95, 72, 39, 49, 46, 68, 92, 31, 38, 54, 35, 24, 55, 5, 53, 96, 99, 51, 28, 14, 89, 37, 43, 77, 21, 22, 44, 18, 82, 79, 85, 97, 80, 58, 56, 12, 9, 27, 83, 50, 60, 91, 48, 30, 23, 64, 13, 86, 41, 69, 63, 93, 65, 98, 1, 15, 81, 4, 42, 71, 67, 8, 74, 47, 33, 20, 73, 2, 26, 61, 32, 70, 11, 94, 62, 52, 66, 57];[1, 66, 4, 69, 70, 71, 8, 72, 74, 11, 12, 15, 82, 56, 57, 58, 28, 62, 94]"
12488.692334,-19037.000000,"[0, 78, 87, 45, 10, 36, 3, 17, 88, 90, 16, 75, 6, 29, 25, 84, 40, 76, 59, 7, 34, 19, 95, 72, 39, 49, 46, 68, 92, 31, 38, 54, 35, 24, 55, 5, 53, 96, 99, 51, 28, 14, 89, 37, 43, 77, 21, 22, 44, 18, 82, 79, 85, 97, 80, 58, 56, 12, 9, 27, 83, 50, 60, 91, 48, 30, 23, 64, 13, 86, 41, 69, 63, 93, 65, 98, 1, 15, 81, 4, 42, 71, 67, 8, 74, 47, 33, 20, 73, 2, 26, 61, 32, 70, 11, 94, 62, 52, 66, 57];[1, 65, 2, 66, 4, 68, 69, 70, 71, 8, 72, 74, 11, 12, 13, 15, 16, 82, 84, 28, 92, 93, 94, 95, 99, 49, 56, 57, 58, 62]"
14497.327147,-20583.000000,"[0, 78, 87, 45, 10, 36, 3, 17, 88, 90, 16, 75, 6, 29, 25, 84, 40, 76, 59, 7, 34, 19, 60, 50, 83, 27, 9, 12, 56, 58, 80, 97, 85, 79, 82, 18, 44, 22, 21, 77, 43, 37, 89, 14, 28, 51, 99, 96, 53, 5, 55, 24, 35, 54, 38, 31, 92, 68, 46, 49, 39, 72, 95, 91, 48, 30, 23, 64, 13, 86, 41, 69, 63, 93, 65, 98, 1, 15, 81, 4, 42, 71, 67, 8, 74, 47, 33, 20, 73, 2, 26, 61, 32, 70, 11, 94, 62, 52, 66, 57];[1, 65, 2, 66, 4, 68, 69, 70, 71, 8, 72, 74, 11, 12, 13, 15, 16, 82, 84, 23, 28, 92, 94, 31, 34, 35, 49, 56, 57, 58, 62]"
9467.098152,-10057.000000,"[0, 78, 87, 45, 10, 36, 3, 17, 88, 90, 16, 75, 6, 29, 25, 84, 40, 76, 59, 7, 34, 19, 95, 72, 39, 49, 46, 68, 92, 31, 38, 54, 35, 24, 55, 5, 53, 96, 99, 51, 28, 14, 89, 37, 43, 77, 21, 22, 44, 18, 82, 79, 85, 97, 80, 58, 56, 12, 9, 27, 83, 50, 60, 91, 48, 30, 23, 64, 13, 86, 41, 69, 63, 93, 65, 98, 1, 15, 81, 4, 42, 71, 67, 8, 74, 47, 33, 20, 73, 2, 26, 61, 32, 70, 11, 94, 62, 52, 66, 57];[1, 66, 4, 70, 71, 8, 11, 12, 15, 16, 56, 57, 58, 28, 62, 94]"
13483.766566,-19945.000000,"[0, 78, 87, 45, 10, 36, 3, 17, 88, 90, 16, 75, 6, 29, 25, 84, 40, 76, 59, 7, 34, 19, 95, 72, 39, 49, 46, 68, 92, 31, 38, 54, 35, 24, 55, 5, 53, 96, 99, 51, 28, 14, 89, 37, 43, 77, 21, 22, 44, 18, 82, 79, 85, 97, 80, 58, 56, 12, 9, 27, 83, 50, 60, 91, 48, 30, 23, 64, 13, 86, 41, 69, 63, 93, 65, 98, 1, 15, 81, 4, 42, 71, 67, 8, 74, 47, 33, 20, 73, 2, 26, 61, 32, 70, 11, 94, 62, 52, 66, 57];[1, 65, 2, 66, 4, 68, 69, 70, 71, 8, 72, 74, 11, 12, 13, 15, 16, 82, 84, 28, 92, 94, 31, 47, 49, 56, 57, 58, 62]"
12763.810205,-19316.000000,"[0, 78, 87, 45, 10, 36, 3, 17, 88, 90, 16, 75, 6, 29, 25, 84, 40, 76, 59, 7, 34, 19, 95, 72, 39, 49, 46, 68, 92, 31, 38, 54, 35, 24, 55, 5, 53, 96, 99, 51, 28, 14, 89, 37, 43, 77, 21, 22, 44, 18, 82, 79, 85, 97, 80, 58, 56, 12, 9, 27, 83, 50, 60, 91, 48, 30, 23, 64, 13, 86, 41, 69, 63, 93, 65, 98, 1, 15, 81, 4, 42, 71, 67, 8, 74, 47, 33, 20, 73, 2, 26, 61, 32, 70, 11, 94, 62, 52, 66, 57];[1, 65, 2, 66, 4, 68, 69, 70, 71, 8, 72, 74, 11, 12, 13, 15, 16, 82, 84, 26, 28, 92, 93, 94, 95, 49, 56, 57, 58, 62]"
9165.192574,-7703.000000,"[0, 78, 87, 45, 10, 36, 3, 17, 88, 90, 16, 75, 6, 29, 25, 84, 40, 76, 59, 7, 34, 19, 95, 72, 39, 49, 46, 68, 92, 31, 38, 54, 35, 24, 55, 5, 53, 96, 99, 51, 28, 14, 89, 37, 43, 77, 21, 22, 44, 18, 82, 79, 85, 97, 80, 58, 56, 12, 9, 27, 83, 50, 60, 91, 48, 30, 23, 64, 13, 86, 41, 69, 63, 93, 65, 98, 1, 15, 81, 4, 42, 71, 67, 8, 74, 47, 33, 20, 73, 2, 26, 61, 32, 70, 11, 94, 62, 52, 66, 57];[1, 66, 4, 70, 71, 8, 56, 57, 11, 12, 62, 94]"
13761.712637,-20115.000000,"[0, 78, 87, 45, 10, 36, 3, 17, 88, 90, 16, 75, 6, 29, 25, 84, 40, 76, 59, 7, 34, 19, 95, 72, 39, 49, 46, 68, 92, 31, 38, 54, 35, 24, 55, 5, 53, 96, 99, 51, 28, 14, 89, 37, 43, 77, 21, 22, 44, 18, 82, 79, 85, 97, 80, 58, 56, 12, 9, 27, 83, 50, 60, 91, 48, 30, 23, 64, 13, 86, 41, 69, 63, 93, 65, 98, 1, 15, 81, 4, 42, 71, 67, 8, 74, 47, 33, 20, 73, 2, 26, 61, 32, 70, 11, 94, 62, 52, 66, 57];[1, 65, 2, 66, 4, 68, 69, 70, 71, 8, 72, 74, 11, 12, 13, 15, 16, 82, 84, 23, 28, 92, 94, 31, 35, 49, 56, 57, 58, 62]"
12561.625908,-19182.000000,"[0, 78, 87, 45, 10, 36, 3, 17, 88, 90, 16, 75, 6, 29, 25, 84, 40, 76, 59, 7, 34, 19, 95, 72, 39, 49, 46, 68, 92, 31, 38, 54, 35, 24, 55, 5, 53, 96, 99, 51, 28, 14, 89, 37, 43, 77, 21, 22, 44, 18, 82, 79, 85, 97, 80, 58, 56, 12, 9, 27, 83, 50, 60, 91, 48, 30, 23, 64, 13, 86, 41, 69, 63, 93, 65, 98, 1, 15, 81, 4, 42, 71, 67, 8, 74, 47, 33, 20, 73, 2, 26, 61, 32, 70, 11, 94, 62, 52, 66, 57];[1, 65, 2, 66, 4, 68, 69, 70, 71, 8, 72, 74, 11, 12, 13, 15, 16, 82, 84, 26, 28, 92, 94, 99, 49, 56, 57, 58, 62]"
11469.567024,-17826.000000,"[0, 78, 87, 45, 10, 36, 3, 17, 88, 90, 16, 75, 6, 29, 25, 84, 40, 76, 59, 7, 34, 19, 95, 72, 39, 49, 46, 68, 92, 31, 38, 54, 35, 24, 55, 5, 53, 96, 99, 51, 28, 14, 89, 37, 43, 77, 21, 22, 44, 18, 82, 79, 85, 97, 80, 58, 56, 12, 9, 27, 83, 50, 60, 91, 48, 30, 23, 64, 13, 86, 41, 69, 63, 93, 65, 98, 1, 15, 81, 4, 42, 71, 67, 8, 74, 47, 33, 20, 73, 2, 26, 61, 32, 70, 11, 94, 62, 52, 66, 57];[1, 65, 2, 66, 4, 68, 69, 70, 71, 8, 72, 74, 11, 12, 13, 15, 16, 82, 84, 28, 92, 94, 95, 99, 56, 57, 58, 62]"
13774.678012,-20184.000000,"[0, 78, 87, 45, 10, 36, 3, 17, 88, 90, 16, 75, 6, 29, 25, 84, 40, 76, 59, 7, 34, 19, 60, 50, 83, 27, 9, 12, 56, 58, 80, 97, 85, 79, 82, 18, 44, 22, 21, 77, 43, 37, 89, 14, 28, 51, 99, 96, 53, 5, 55, 24, 35, 54, 38, 31, 92, 68, 46, 49, 39, 72, 95, 91, 48, 30, 23, 64, 13, 86, 41, 69, 63, 93, 65, 98, 1, 15, 81, 4, 42, 71, 67, 8, 74, 47, 33, 20, 73, 2, 26, 61, 32, 70, 11, 94, 62, 52, 66, 57];[1, 65, 2, 66, 4, 68, 69, 70, 71, 8, 72, 74, 11, 12, 13, 15, 16, 82, 84, 23, 28, 92, 94, 31, 95, 35, 49, 56, 57, 58, 62]"
9490.233609,-10185.000000,"[0, 78, 87, 45, 10, 36, 3, 17, 88, 90, 16, 75, 6, 29, 25, 84, 40, 76, 59, 7, 34, 19, 95, 72, 39, 49, 46, 68, 92, 31, 38, 54, 35, 24, 55, 5, 53, 96, 99, 51, 28, 14, 89, 37, 43, 77, 21, 22, 44, 18, 82, 79, 85, 97, 80, 58, 56, 12, 9, 27, 83, 50, 60, 91, 48, 30, 23, 64, 13, 86, 41, 69, 63, 93, 65, 98, 1, 15, 81, 4, 42, 71, 67, 8, 74, 47, 33, 20, 73, 2, 26, 61, 32, 70, 11, 94, 62, 52, 66, 57];[1, 66, 68, 69, 70, 71, 8, 11, 12, 15, 56, 57, 58, 28, 62, 94]"
12364.681610,-18974.000000,"[0, 78, 87, 45, 10, 36, 3, 17, 88, 90, 16, 75, 6, 29, 25, 84, 40, 76, 59, 7, 34, 19, 95, 72, 39, 49, 46, 68, 92, 31, 38, 54, 35, 24, 55, 5, 53, 96, 99, 51, 28, 14, 89, 37, 43, 77, 21, 22, 44, 18, 82, 79, 85, 97, 80, 58, 56, 12, 9, 27, 83, 50, 60, 91, 48, 30, 23, 64, 13, 86, 41, 69, 63, 93, 65, 98, 1, 15, 81, 4, 42, 71, 67, 8, 74, 47, 33, 20, 73, 2, 26, 61, 32, 70, 11, 94, 62, 52, 66, 57];[1, 65, 2, 66, 4, 68, 69, 70, 71, 8, 72, 74, 11, 12, 13, 15, 16, 82, 84, 26, 28, 92, 94, 95, 49, 56, 57, 58, 62]"
11656.769091,-18099.000000,"[0, 78, 87, 45, 10, 36, 3, 17, 88, 90, 16, 75, 6, 29, 25, 84, 40, 76, 59, 7, 34, 19, 95, 72, 39, 49, 46, 68, 92, 31, 38, 54, 35, 24, 55, 5, 53, 96, 99, 51, 28, 14, 89, 37, 43, 77, 21, 22, 44, 18, 82, 79, 85, 97, 80, 58, 56, 12, 9, 27, 83, 50, 60, 91, 48, 30, 23, 64, 13, 86, 41, 69, 63, 93, 65, 98, 1, 15, 81, 4, 42, 71, 67, 8, 74, 47, 33, 20, 73, 2, 26, 61, 32, 70, 11, 94, 62, 52, 66, 57];[1, 65, 2, 66, 4, 68, 69, 70, 71, 8, 72, 74, 11, 12, 13, 15, 16, 82, 84, 28, 92, 93, 94, 99, 56, 57, 58, 62]"
12658.808911,-19251.000000,"[0, 78, 87, 45, 10, 36, 3, 17, 88, 90, 16, 75, 6, 29, 25, 84, 40, 76, 59, 7, 34, 19, 95, 72, 39, 49, 46, 68, 92, 31, 38, 54, 35, 24, 55, 5, 53, 96, 99, 51, 28, 14, 89, 37, 43, 77, 21, 22, 44, 18, 82, 79, 85, 97, 80, 58, 56, 12, 9, 27, 83, 50, 60, 91, 48, 30, 23, 64, 13, 86, 41, 69, 63, 93, 65, 98, 1, 15, 81, 4, 42, 71, 67, 8, 74, 47, 33, 20, 73, 2, 26, 61, 32, 70, 11, 94, 62, 52, 66, 57];[1, 65, 2, 66, 4, 68, 69, 70, 71, 8, 72, 74, 11, 12, 13, 15, 16, 82, 84, 26, 28, 92, 94, 95, 99, 49, 56, 57, 58, 62]"
10700.163587,-16201.000000,"[0, 78, 87, 45, 10, 36, 3, 17, 88, 90, 16, 75, 6, 29, 25, 84, 40, 76, 59, 7, 34, 19, 95, 72, 39, 49, 46, 68, 92, 31, 38, 54, 35, 24, 55, 5, 53, 96, 99, 51, 28, 14, 89, 37, 43, 77, 21, 22, 44, 18, 82, 79, 85, 97, 80, 58, 56, 12, 9, 27, 83, 50, 60, 91, 48, 30, 23, 64, 13, 86, 41, 69, 63, 93, 65, 98, 1, 15, 81, 4, 42, 71, 67, 8, 74, 47, 33, 20, 73, 2, 26, 61, 32, 70, 11, 94, 62, 52, 66, 57];[1, 2, 66, 4, 68, 69, 70, 71, 8, 72, 74, 11, 12, 13, 15, 82, 84, 56, 57, 58, 28, 92, 62, 94]"
9224.165296,-8380.000000,"[0, 78, 87, 45, 10, 36, 3, 17, 88, 90, 16, 75, 6, 29, 25, 84, 40, 76, 59, 7, 34, 19, 95, 72, 39, 49, 46, 68, 92, 31, 38, 54, 35, 24, 55, 5, 53, 96, 99, 51, 28, 14, 89, 37, 43, 77, 21, 22, 44, 18, 82, 79, 85, 97, 80, 58, 56, 12, 9, 27, 83, 50, 60, 91, 48, 30, 23, 64, 13, 86, 41, 69, 63, 93, 65, 98, 1, 15, 81, 4, 42, 71, 67, 8, 74, 47, 33, 20, 73, 2, 26, 61, 32, 70, 11, 94, 62, 52, 66, 57];[1, 66, 4, 70, 71, 8, 11, 12, 56, 57, 28, 62, 94]"
9984.795158,-13242.000000,"[0, 78, 87, 45, 10, 36, 3, 17, 88, 90, 16, 75, 6, 29, 25, 84, 40, 76, 59, 7, 34, 19, 95, 72, 39, 49, 46, 68, 92, 31, 38, 54, 35, 24, 55, 5, 53, 96, 99, 51, 28, 14, 89, 37, 43, 77, 21, 22, 44, 18, 82, 79, 85, 97, 80, 58, 56, 12, 9, 27, 83, 50, 60, 91, 48, 30, 23, 64, 13, 86, 41, 69, 63, 93, 65, 98, 1, 15, 81, 4, 42, 71, 67, 8, 74, 47, 33, 20, 73, 2, 26, 61, 32, 70, 11, 94, 62, 52, 66, 57];[1, 2, 66, 4, 68, 69, 70, 71, 8, 11, 12, 13, 15, 56, 57, 58, 28, 92, 62, 94]"
9977.969605,-13042.000000,"[0, 78, 87, 45, 10, 36, 3, 17, 88, 90, 16, 75, 6, 29, 25, 84, 40, 76, 59, 7, 34, 19, 95, 72, 39, 49, 46, 68, 92, 31, 38, 54, 35, 24, 55, 5, 53, 96, 99, 51, 28, 14, 89, 37, 43, 77, 21, 22, 44, 18, 82, 79, 85, 97, 80, 58, 56, 12, 9, 27, 83, 50, 60, 91, 48, 30, 23, 64, 13, 86, 41, 69, 63, 93, 65, 98, 1, 15, 81, 4, 42, 71, 67, 8, 74, 47, 33, 20, 73, 2, 26, 61, 32, 70, 11, 94, 62, 52, 66, 57];[1, 66, 4, 68, 69, 70, 71, 8, 72, 74, 12, 82, 56, 57, 58, 28, 92, 62, 94]"
9914.998641,-12963.000000,"[0, 78, 87, 45, 10, 36, 3, 17, 88, 90, 16, 75, 6, 29, 25, 84, 40, 76, 59, 7, 34, 19, 95, 72, 39, 49, 46, 68, 92, 31, 38, 54, 35, 24, 55, 5, 53, 96, 99, 51, 28, 14, 89, 37, 43, 77, 21, 22, 44, 18, 82, 79, 85, 97, 80, 58, 56, 12, 9, 27, 83, 50, 60, 91, 48, 30, 23, 64, 13, 86, 41, 69, 63, 93, 65, 98, 1, 15, 81, 4, 42, 71, 67, 8, 74, 47, 33, 20, 73, 2, 26, 61, 32, 70, 11, 94, 62, 52, 66, 57];[1, 2, 66, 4, 69, 70, 71, 8, 72, 74, 11, 12, 82, 56, 57, 58, 28, 62, 94]"
11057.201606,-17098.000000,"[0, 78, 87, 45, 10, 36, 3, 17, 88, 90, 16, 75, 6, 29, 25, 84, 40, 76, 59, 7, 34, 19, 95, 72, 39, 49, 46, 68, 92, 31, 38, 54, 35, 24, 55, 5, 53, 96, 99, 51, 28, 14, 89, 37, 43, 77, 21, 22, 44, 18, 82, 79, 85, 97, 80, 58, 56, 12, 9, 27, 83, 50, 60, 91, 48, 30, 23, 64, 13, 86, 41, 69, 63, 93, 65, 98, 1, 15, 81, 4, 42, 71, 67, 8, 74, 47, 33, 20, 73, 2, 26, 61, 32, 70, 11, 94, 62, 52, 66, 57];[1, 65, 2, 66, 4, 68, 69, 70, 71, 8, 72, 74, 11, 12, 13, 15, 82, 84, 28, 92, 94, 56, 57, 58, 62]"
11730.314171,-18168.000000,"[0, 78, 87, 45, 10, 36, 3, 17, 88, 90, 16, 75, 6, 29, 25, 84, 40, 76, 59, 7, 34, 19, 95, 72, 39, 49, 46, 68, 92, 31, 38, 54, 35, 24, 55, 5, 53, 96, 99, 51, 28, 14, 89, 37, 43, 77, 21, 22, 44, 18, 82, 79, 85, 97, 80, 58, 56, 12, 9, 27, 83, 50, 60, 91, 48, 30, 23, 64, 13, 86, 41, 69, 63, 93, 65, 98, 1, 15, 81, 4, 42, 71, 67, 8, 74, 47, 33, 20, 73, 2, 26, 61, 32, 70, 11, 94, 62, 52, 66, 57];[1, 65, 2, 66, 4, 68, 69, 70, 71, 8, 72, 74, 11, 12, 13, 15, 16, 82, 84, 28, 92, 93, 94, 95, 99, 56, 57, 58, 62]"
10823.176158,-16369.000000,"[0, 78, 87, 45, 10, 36, 3, 17, 88, 90, 16, 75, 6, 29, 25, 84, 40, 76, 59, 7, 34, 19, 95, 72, 39, 49, 46, 68, 92, 31, 38, 54, 35, 24, 55, 5, 53, 96, 99, 51, 28, 14, 89, 37, 43, 77, 21, 22, 44, 18, 82, 79, 85, 97, 80, 58, 56, 12, 9, 27, 83, 50, 60, 91, 48, 30, 23, 64, 13, 86, 41, 69, 63, 93, 65, 98, 1, 15, 81, 4, 42, 71, 67, 8, 74, 47, 33, 20, 73, 2, 26, 61, 32, 70, 11, 94, 62, 52, 66, 57];[1, 2, 66, 4, 68, 69, 70, 71, 8, 72, 74, 11, 12, 13, 15, 16, 82, 26, 28, 92, 94, 56, 57, 58, 62]"
10794.036701,-16289.000000,"[0, 78, 87, 45, 10, 36, 3, 17, 88, 90, 16, 75, 6, 29, 25, 84, 40, 76, 59, 7, 34, 19, 95, 72, 39, 49, 46, 68, 92, 31, 38, 54, 35, 24, 55, 5, 53, 96, 99, 51, 28, 14, 89, 37, 43, 77, 21, 22, 44, 18, 82, 79, 85, 97, 80, 58, 56, 12, 9, 27, 83, 50, 60, 91, 48, 30, 23, 64, 13, 86, 41, 69, 63, 93, 65, 98, 1, 15, 81, 4, 42, 71, 67, 8, 74, 47, 33, 20, 73, 2, 26, 61, 32, 70, 11, 94, 62, 52, 66, 57];[1, 65, 2, 66, 4, 68, 69, 70, 71, 8, 72, 74, 11, 12, 15, 82, 84, 56, 57, 58, 28, 92, 62, 94]"
14992.666122,-20860.000000,"[0, 78, 87, 45, 10, 36, 3, 17, 88, 90, 16, 75, 6, 29, 25, 84, 40, 76, 59, 7, 34, 19, 60, 50, 83, 27, 9, 12, 56, 58, 80, 97, 85, 79, 82, 18, 44, 22, 21, 77, 43, 37, 89, 14, 28, 51, 99, 96, 53, 5, 55, 24, 35, 54, 38, 31, 92, 68, 46, 49, 39, 72, 95, 91, 48, 30, 23, 64, 13, 86, 41, 69, 63, 93, 65, 98, 1, 15, 81, 4, 42, 71, 67, 8, 74, 47, 33, 20, 73, 2, 26, 61, 32, 70, 11, 94, 62, 52, 66, 57];[1, 65, 2, 66, 4, 68, 69, 70, 71, 8, 72, 74, 11, 12, 13, 15, 16, 82, 84, 23, 28, 92, 94, 31, 34, 35, 99, 49, 56, 57, 58, 62]"
11755.660405,-18313.000000,"[0, 78, 87, 45, 10, 36, 3, 17, 88, 90, 16, 75, 6, 29, 25, 84, 40, 76, 59, 7, 34, 19, 95, 72, 39, 49, 46, 68, 92, 31, 38, 54, 35, 24, 55, 5, 53, 96, 99, 51, 28, 14, 89, 37, 43, 77, 21, 22, 44, 18, 82, 79, 85, 97, 80, 58, 56, 12, 9, 27, 83, 50, 60, 91, 48, 30, 23, 64, 13, 86, 41, 69, 63, 93, 65, 98, 1, 15, 81, 4, 42, 71, 67, 8, 74, 47, 33, 20, 73, 2, 26, 61, 32, 70, 11, 94, 62, 52, 66, 57];[1, 65, 2, 66, 4, 68, 69, 70, 71, 8, 72, 74, 11, 12, 13, 15, 16, 82, 84, 26, 28, 92, 94, 99, 56, 57, 58, 62]"
9701.030231,-11729.000000,"[0, 78, 87, 45, 10, 36, 3, 17, 88, 90, 16, 75, 6, 29, 25, 84, 40, 76, 59, 7, 34, 19, 95, 72, 39, 49, 46, 68, 92, 31, 38, 54, 35, 24, 55, 5, 53, 96, 99, 51, 28, 14, 89, 37, 43, 77, 21, 22, 44, 18, 82, 79, 85, 97, 80, 58, 56, 12, 9, 27, 83, 50, 60, 91, 48, 30, 23, 64, 13, 86, 41, 69, 63, 93, 65, 98, 1, 15, 81, 4, 42, 71, 67, 8, 74, 47, 33, 20, 73, 2, 26, 61, 32, 70, 11, 94, 62, 52, 66, 57];[1, 2, 66, 4, 68, 69, 70, 71, 8, 11, 12, 15, 56, 57, 58, 28, 62, 94]"
9710.982297,-11771.000000,"[0, 78, 87, 45, 10, 36, 3, 17, 88, 90, 16, 75, 6, 29, 25, 84, 40, 76, 59, 7, 34, 19, 95, 72, 39, 49, 46, 68, 92, 31, 38, 54, 35, 24, 55, 5, 53, 96, 99, 51, 28, 14, 89, 37, 43, 77, 21, 22, 44, 18, 82, 79, 85, 97, 80, 58, 56, 12, 9, 27, 83, 50, 60, 91, 48, 30, 23, 64, 13, 86, 41, 69, 63, 93, 65, 98, 1, 15, 81, 4, 42, 71, 67, 8, 74, 47, 33, 20, 73, 2, 26, 61, 32, 70, 11, 94, 62, 52, 66, 57];[1, 2, 66, 4, 70, 71, 8, 11, 12, 13, 15, 56, 57, 58, 28, 92, 62, 94]"
9495.101966,-10467.000000,"[0, 78, 87, 45, 10, 36, 3, 17, 88, 90, 16, 75, 6, 29, 25, 84, 40, 76, 59, 7, 34, 19, 95, 72, 39, 49, 46, 68, 92, 31, 38, 54, 35, 24, 55, 5, 53, 96, 99, 51, 28, 14, 89, 37, 43, 77, 21, 22, 44, 18, 82, 79, 85, 97, 80, 58, 56, 12, 9, 27, 83, 50, 60, 91, 48, 30, 23, 64, 13, 86, 41, 69, 63, 93, 65, 98, 1, 15, 81, 4, 42, 71, 67, 8, 74, 47, 33, 20, 73, 2, 26, 61, 32, 70, 11, 94, 62, 52, 66, 57];[1, 66, 4, 70, 71, 8, 72, 74, 11, 12, 56, 57, 58, 28, 62, 94]"
10005.467917,-13384.000000,"[0, 78, 87, 45, 10, 36, 3, 17, 88, 90, 16, 75, 6, 29, 25, 84, 40, 76, 59, 7, 34, 19, 95, 72, 39, 49, 46, 68, 92, 31, 38, 54, 35, 24, 55, 5, 53, 96, 99, 51, 28, 14, 89, 37, 43, 77, 21, 22, 44, 18, 82, 79, 85, 97, 80, 58, 56, 12, 9, 27, 83, 50, 60, 91, 48, 30, 23, 64, 13, 86, 41, 69, 63, 93, 65, 98, 1, 15, 81, 4, 42, 71, 67, 8, 74, 47, 33, 20, 73, 2, 26, 61, 32, 70, 11, 94, 62, 52, 66, 57];[1, 2, 66, 4, 69, 70, 71, 8, 72, 74, 11, 12, 15, 82, 56, 57, 58, 28, 62, 94]"
10007.360894,-13505.000000,"[0, 78, 87, 45, 10, 36, 3, 17, 88, 90, 16, 75, 6, 29, 25, 84, 40, 76, 59, 7, 34, 19, 95, 72, 39, 49, 46, 68, 92, 31, 38, 54, 35, 24, 55, 5, 53, 96, 99, 51, 28, 14, 89, 37, 43, 77, 21, 22, 44, 18, 82, 79, 85, 97, 80, 58, 56, 12, 9, 27, 83, 50, 60, 91, 48, 30, 23, 64, 13, 86, 41, 69, 63, 93, 65, 98, 1, 15, 81, 4, 42, 71, 67, 8, 74, 47, 33, 20, 73, 2, 26, 61, 32, 70, 11, 94, 62, 52, 66, 57];[1, 66, 4, 69, 70, 71, 8, 72, 74, 11, 12, 15, 82, 56, 57, 58, 28, 92, 62, 94]"
9505.974643,-10484.000000,"[0, 78, 87, 45, 10, 36, 3, 17, 88, 90, 16, 75, 6, 29, 25, 84, 40, 76, 59, 7, 34, 19, 95, 72, 39, 49, 46, 68, 92, 31, 38, 54, 35, 24, 55, 5, 53, 96, 99, 51, 28, 14, 89, 37, 43, 77, 21, 22, 44, 18, 82, 79, 85, 97, 80, 58, 56, 12, 9, 27, 83, 50, 60, 91, 48, 30, 23, 64, 13, 86, 41, 69, 63, 93, 65, 98, 1, 15, 81, 4, 42, 71, 67, 8, 74, 47, 33, 20, 73, 2, 26, 61, 32, 70, 11, 94, 62, 52, 66, 57];[1, 66, 4, 70, 71, 8, 11, 12, 13, 15, 56, 57, 58, 28, 62, 94]"
