9031.165424,-816.000000,"[0, 57, 4, 1, 42, 71, 67, 8, 74, 43, 77, 47, 33, 20, 32, 70, 11, 94, 66, 52, 62, 61, 26, 2, 73, 14, 28, 51, 89, 99, 37, 21, 96, 53, 5, 55, 24, 35, 54, 97, 79, 22, 44, 18, 82, 85, 58, 80, 56, 12, 9, 38, 31, 92, 68, 46, 49, 39, 72, 95, 19, 34, 7, 83, 27, 48, 41, 13, 86, 64, 23, 30, 60, 50, 91, 59, 76, 40, 84, 25, 29, 6, 75, 90, 16, 17, 36, 3, 10, 88, 98, 65, 69, 63, 93, 15, 45, 87, 81, 78];[12, 15]"
20264.017393,-36339.000000,"[0, 11, 70, 32, 20, 33, 47, 77, 43, 74, 8, 67, 71, 42, 1, 4, 57, 94, 66, 52, 62, 61, 26, 2, 73, 14, 28, 51, 89, 37, 21, 96, 99, 53, 5, 55, 24, 35, 38, 31, 92, 68, 46, 49, 39, 72, 95, 19, 34, 7, 29, 6, 75, 90, 16, 25, 84, 40, 76, 59, 91, 48, 27, 56, 80, 58, 85, 82, 18, 44, 22, 79, 97, 54, 12, 9, 83, 50, 60, 30, 23, 64, 86, 13, 41, 88, 17, 36, 3, 10, 98, 65, 69, 63, 93, 15, 45, 87, 81, 78];[0, 1, 2, 3, 4, 8, 9, 10, 11, 12, 13, 15, 16, 17, 18, 23, 24, 28, 31, 34, 35, 36, 37, 47, 49, 50, 51, 54, 56, 57, 58, 59, 60, 62, 64, 65, 66, 68, 69, 70, 71, 72, 73, 74, 76, 81, 82, 84, 85, 86, 91, 92, 93, 94, 96, 97, 98, 99]"
18697.803991,-36242.000000,"[0, 11, 70, 32, 20, 33, 47, 77, 43, 74, 8, 67, 71, 42, 1, 4, 57, 94, 66, 52, 62, 61, 26, 2, 73, 14, 28, 51, 89, 37, 21, 96, 99, 53, 5, 55, 24, 35, 38, 31, 92, 68, 46, 49, 39, 72, 95, 19, 34, 7, 29, 6, 75, 90, 16, 25, 84, 40, 76, 59, 91, 48, 27, 56, 80, 58, 85, 82, 18, 44, 22, 79, 97, 54, 12, 9, 83, 50, 60, 30, 23, 64, 86, 13, 41, 88, 17, 36, 3, 10, 98, 65, 69, 63, 93, 15, 45, 87, 81, 78];[0, 1, 2, 3, 4, 8, 9, 10, 11, 12, 13, 15, 16, 17, 18, 23, 24, 28, 31, 34, 35, 36, 37, 47, 49, 50, 51, 54, 56, 57, 58, 59, 60, 62, 64, 65, 66, 68, 69, 70, 71, 72, 74, 76, 81, 82, 84, 85, 86, 87, 91, 92, 93, 94, 95, 97, 98, 99]"
9043.957864,-1713.000000,"[0, 57, 4, 1, 42, 71, 67, 8, 74, 43, 77, 47, 33, 20, 32, 70, 11, 94, 66, 52, 62, 61, 26, 2, 73, 14, 28, 51, 89, 99, 37, 21, 96, 53, 5, 55, 24, 35, 54, 97, 79, 22, 44, 18, 82, 85, 58, 80, 56, 12, 9, 38, 31, 92, 68, 46, 49, 39, 72, 95, 19, 34, 7, 83, 27, 48, 41, 13, 86, 64, 23, 30, 60, 50, 91, 59, 76, 40, 84, 25, 29, 6, 75, 90, 16, 17, 36, 3, 10, 88, 98, 65, 69, 63, 93, 15, 45, 87, 81, 78];[65, 12, 15]"
9071.195653,-4114.000000,"[0, 57, 4, 1, 42, 71, 67, 8, 74, 43, 77, 47, 33, 20, 32, 70, 11, 94, 66, 52, 62, 61, 26, 2, 73, 14, 28, 51, 89, 99, 37, 21, 96, 53, 5, 55, 24, 35, 54, 97, 79, 22, 44, 18, 82, 85, 58, 80, 56, 12, 9, 38, 31, 92, 68, 46, 49, 39, 72, 95, 19, 34, 7, 83, 27, 48, 41, 13, 86, 64, 23, 30, 60, 50, 91, 59, 76, 40, 84, 25, 29, 6, 75, 90, 16, 17, 36, 3, 10, 88, 98, 65, 69, 63, 93, 15, 45, 87, 81, 78];[81, 69, 70, 71, 87, 12, 15]"
9469.939887,-13073.000000,"[0, 57, 4, 1, 42, 71, 67, 8, 74, 43, 77, 47, 33, 20, 32, 70, 11, 94, 66, 52, 62, 61, 26, 2, 73, 14, 28, 51, 89, 99, 37, 21, 96, 53, 5, 55, 24, 35, 54, 97, 79, 22, 44, 18, 82, 85, 58, 80, 56, 12, 9, 38, 31, 92, 68, 46, 49, 39, 72, 95, 19, 34, 7, 83, 27, 48, 41, 13, 86, 64, 23, 30, 60, 50, 91, 59, 76, 40, 84, 25, 29, 6, 75, 90, 16, 17, 36, 3, 10, 88, 98, 65, 69, 63, 93, 15, 45, 87, 81, 78];[64, 1, 65, 3, 68, 69, 70, 71, 8, 72, 10, 12, 13, 78, 15, 16, 81, 82, 84, 87, 92, 63]"
9367.765376,-11867.000000,"[0, 57, 4, 1, 42, 71, 67, 8, 74, 43, 77, 47, 33, 20, 32, 70, 11, 94, 66, 52, 62, 61, 26, 2, 73, 14, 28, 51, 89, 99, 37, 21, 96, 53, 5, 55, 24, 35, 54, 97, 79, 22, 44, 18, 82, 85, 58, 80, 56, 12, 9, 38, 31, 92, 68, 46, 49, 39, 72, 95, 19, 34, 7, 83, 27, 48, 41, 13, 86, 64, 23, 30, 60, 50, 91, 59, 76, 40, 84, 25, 29, 6, 75, 90, 16, 17, 36, 3, 10, 88, 98, 65, 69, 63, 93, 15, 45, 87, 81, 78];[64, 1, 65, 68, 69, 70, 71, 72, 10, 12, 13, 78, 15, 16, 81, 82, 84, 87, 92, 63]"
9848.673395,-17861.000000,"[0, 57, 4, 1, 42, 71, 67, 8, 74, 43, 77, 47, 33, 20, 32, 70, 11, 94, 66, 52, 62, 61, 26, 2, 73, 14, 28, 51, 89, 99, 37, 21, 96, 53, 5, 55, 24, 35, 54, 97, 79, 22, 44, 18, 82, 85, 58, 80, 56, 12, 9, 38, 31, 92, 68, 46, 49, 39, 72, 95, 19, 34, 7, 83, 27, 48, 41, 13, 86, 64, 23, 30, 60, 50, 91, 59, 76, 40, 84, 25, 29, 6, 75, 90, 16, 17, 36, 3, 10, 88, 98, 65, 69, 63, 93, 15, 45, 87, 81, 78];[1, 3, 68, 69, 70, 71, 8, 72, 10, 12, 13, 78, 15, 16, 17, 81, 18, 82, 84, 23, 87, 28, 92, 34, 36, 49, 56, 57, 58]"
18226.791052,-36041.000000,"[0, 11, 70, 32, 20, 33, 47, 77, 43, 74, 8, 67, 71, 42, 1, 4, 57, 94, 66, 52, 62, 61, 26, 2, 73, 14, 28, 51, 89, 37, 21, 96, 99, 53, 5, 55, 24, 35, 38, 31, 92, 68, 46, 49, 39, 72, 95, 19, 34, 7, 29, 6, 75, 90, 16, 25, 84, 40, 76, 59, 91, 48, 27, 56, 80, 58, 85, 82, 18, 44, 22, 79, 97, 54, 12, 9, 83, 50, 60, 30, 23, 64, 86, 13, 41, 88, 17, 36, 3, 10, 98, 65, 69, 63, 93, 15, 45, 87, 81, 78];[0, 1, 2, 3, 4, 8, 9, 10, 12, 13, 15, 16, 17, 18, 23, 24, 28, 31, 34, 35, 36, 37, 47, 49, 50, 51, 54, 56, 57, 58, 59, 60, 62, 64, 65, 66, 68, 69, 70, 71, 72, 74, 76, 81, 82, 84, 85, 86, 87, 91, 92, 93, 94, 95, 96, 97, 98, 99]"
10138.645529,-20689.000000,"[0, 57, 4, 1, 42, 71, 67, 8, 74, 43, 77, 47, 33, 20, 32, 70, 11, 94, 66, 52, 62, 61, 26, 2, 73, 14, 28, 51, 89, 99, 37, 21, 96, 53, 5, 55, 24, 35, 54, 97, 79, 22, 44, 18, 82, 85, 58, 80, 56, 12, 9, 38, 31, 92, 68, 46, 49, 39, 72, 95, 19, 34, 7, 83, 27, 48, 41, 13, 86, 64, 23, 30, 60, 50, 91, 59, 76, 40, 84, 25, 29, 6, 75, 90, 16, 17, 36, 3, 10, 88, 98, 65, 69, 63, 93, 15, 45, 87, 81, 78];[64, 1, 65, 3, 68, 69, 70, 71, 8, 72, 10, 12, 13, 78, 15, 16, 17, 81, 18, 82, 84, 85, 86, 23, 87, 28, 92, 34, 36, 49, 56, 57, 58, 63]"
10815.331826,-25194.000000,"[0, 11, 70, 32, 20, 33, 47, 77, 43, 74, 8, 67, 71, 42, 1, 4, 57, 94, 66, 52, 62, 61, 26, 2, 73, 14, 28, 51, 89, 37, 21, 96, 99, 53, 5, 55, 24, 35, 38, 31, 92, 68, 46, 49, 39, 72, 95, 19, 34, 7, 29, 6, 75, 90, 16, 25, 84, 40, 76, 59, 91, 60, 50, 83, 9, 12, 54, 97, 79, 22, 44, 18, 82, 85, 58, 80, 56, 27, 48, 30, 23, 64, 86, 13, 41, 88, 17, 36, 3, 10, 98, 65, 69, 63, 93, 15, 45, 87, 81, 78];[64, 1, 65, 3, 4, 68, 69, 70, 71, 8, 72, 9, 10, 12, 13, 78, 15, 16, 17, 81, 18, 82, 84, 85, 86, 23, 87, 28, 92, 93, 94, 95, 97, 34, 98, 99, 36, 49, 56, 57, 58, 63]"
15936.266427,-35103.000000,"[0, 11, 70, 32, 20, 33, 47, 77, 43, 74, 8, 67, 71, 42, 1, 4, 57, 94, 66, 52, 62, 61, 26, 2, 73, 14, 28, 51, 89, 37, 21, 96, 99, 53, 5, 55, 24, 35, 38, 31, 92, 68, 46, 49, 39, 72, 95, 19, 34, 7, 29, 6, 75, 90, 16, 25, 84, 40, 76, 59, 91, 60, 50, 83, 56, 80, 58, 85, 82, 18, 44, 22, 79, 97, 54, 12, 9, 27, 48, 30, 23, 64, 86, 13, 41, 88, 17, 36, 3, 10, 98, 65, 69, 63, 93, 15, 45, 87, 81, 78];[0, 1, 2, 3, 4, 8, 9, 10, 12, 13, 15, 16, 17, 18, 21, 23, 28, 31, 34, 35, 36, 41, 48, 49, 50, 51, 54, 56, 57, 58, 59, 60, 62, 63, 64, 65, 66, 68, 69, 70, 71, 72, 74, 78, 81, 82, 84, 85, 86, 87, 91, 92, 93, 94, 95, 96, 97, 98, 99]"
9587.133713,-14968.000000,"[0, 57, 4, 1, 42, 71, 67, 8, 74, 43, 77, 47, 33, 20, 32, 70, 11, 94, 66, 52, 62, 61, 26, 2, 73, 14, 28, 51, 89, 99, 37, 21, 96, 53, 5, 55, 24, 35, 54, 97, 79, 22, 44, 18, 82, 85, 58, 80, 56, 12, 9, 38, 31, 92, 68, 46, 49, 39, 72, 95, 19, 34, 7, 83, 27, 48, 41, 13, 86, 64, 23, 30, 60, 50, 91, 59, 76, 40, 84, 25, 29, 6, 75, 90, 16, 17, 36, 3, 10, 88, 98, 65, 69, 63, 93, 15, 45, 87, 81, 78];[64, 1, 65, 68, 69, 70, 71, 72, 10, 12, 13, 78, 15, 16, 49, 81, 82, 84, 87, 56, 57, 58, 92, 63]"
11270.967820,-27356.000000,"[0, 11, 70, 32, 20, 33, 47, 77, 43, 74, 8, 67, 71, 42, 1, 4, 57, 94, 66, 52, 62, 61, 26, 2, 73, 14, 28, 51, 89, 37, 21, 96, 99, 53, 5, 55, 24, 35, 38, 31, 92, 68, 46, 49, 39, 72, 95, 19, 34, 7, 29, 6, 75, 90, 16, 25, 84, 40, 76, 59, 91, 60, 50, 83, 9, 12, 54, 97, 79, 22, 44, 18, 82, 85, 58, 80, 56, 27, 48, 30, 23, 64, 86, 13, 41, 88, 17, 36, 3, 10, 98, 65, 69, 63, 93, 15, 45, 87, 81, 78];[64, 1, 65, 66, 3, 4, 68, 69, 70, 71, 8, 72, 9, 10, 12, 13, 78, 15, 16, 17, 81, 18, 82, 84, 85, 86, 23, 87, 28, 92, 93, 94, 31, 95, 97, 34, 98, 99, 36, 41, 49, 56, 57, 58, 63]"
18510.084586,-36094.000000,"[0, 11, 70, 32, 20, 33, 47, 77, 43, 74, 8, 67, 71, 42, 1, 4, 57, 94, 66, 52, 62, 61, 26, 2, 73, 14, 28, 51, 89, 37, 21, 96, 99, 53, 5, 55, 24, 35, 38, 31, 92, 68, 46, 49, 39, 72, 95, 19, 34, 7, 29, 6, 75, 90, 16, 25, 84, 40, 76, 59, 91, 48, 27, 56, 80, 58, 85, 82, 18, 44, 22, 79, 97, 54, 12, 9, 83, 50, 60, 30, 23, 64, 86, 13, 41, 88, 17, 36, 3, 10, 98, 65, 69, 63, 93, 15, 45, 87, 81, 78];[0, 1, 2, 3, 4, 8, 9, 10, 11, 12, 13, 15, 16, 17, 18, 23, 24, 28, 31, 34, 35, 36, 37, 47, 49, 50, 51, 54, 56, 57, 58, 59, 60, 62, 64, 65, 66, 68, 69, 70, 71, 72, 74, 81, 82, 84, 85, 86, 87, 91, 92, 93, 94, 96, 97, 98, 99]"
16663.574588,-35393.000000,"[0, 11, 70, 32, 20, 33, 47, 77, 43, 74, 8, 67, 71, 42, 1, 4, 57, 94, 66, 52, 62, 61, 26, 2, 73, 14, 28, 51, 89, 37, 21, 96, 99, 53, 5, 55, 24, 35, 38, 31, 92, 68, 46, 49, 39, 72, 95, 19, 34, 7, 29, 6, 75, 90, 16, 25, 84, 40, 76, 59, 91, 48, 27, 56, 80, 58, 85, 82, 18, 44, 22, 79, 97, 54, 12, 9, 83, 50, 60, 30, 23, 64, 86, 13, 41, 88, 17, 36, 3, 10, 98, 65, 69, 63, 93, 15, 45, 87, 81, 78];[0, 1, 2, 3, 4, 8, 9, 10, 11, 12, 13, 15, 16, 17, 18, 23, 28, 31, 34, 35, 36, 40, 41, 47, 49, 50, 51, 54, 56, 57, 58, 59, 60, 62, 64, 65, 66, 68, 69, 70, 71, 72, 74, 78, 81, 82, 84, 85, 86, 87, 91, 92, 93, 94, 97, 98, 99]"
11411.190974,-27892.000000,"[0, 11, 70, 32, 20, 33, 47, 77, 43, 74, 8, 67, 71, 42, 1, 4, 57, 94, 66, 52, 62, 61, 26, 2, 73, 14, 28, 51, 89, 37, 21, 96, 99, 53, 5, 55, 24, 35, 38, 31, 92, 68, 46, 49, 39, 72, 95, 19, 34, 7, 29, 6, 75, 90, 16, 25, 84, 40, 76, 59, 91, 60, 50, 83, 9, 12, 54, 97, 79, 22, 44, 18, 82, 85, 58, 80, 56, 27, 48, 30, 23, 64, 86, 13, 41, 88, 17, 36, 3, 10, 98, 65, 69, 63, 93, 15, 45, 87, 81, 78];[64, 1, 65, 66, 3, 4, 68, 69, 70, 71, 8, 72, 9, 10, 12, 13, 78, 15, 16, 17, 81, 18, 82, 84, 85, 86, 23, 87, 28, 92, 93, 94, 31, 95, 97, 34, 98, 35, 99, 36, 41, 49, 56, 57, 58, 63]"
16862.759918,-35519.000000,"[0, 11, 70, 32, 20, 33, 47, 77, 43, 74, 8, 67, 71, 42, 1, 4, 57, 94, 66, 52, 62, 61, 26, 2, 73, 14, 28, 51, 89, 37, 21, 96, 99, 53, 5, 55, 24, 35, 38, 31, 92, 68, 46, 49, 39, 72, 95, 19, 34, 7, 29, 6, 75, 90, 16, 25, 84, 40, 76, 59, 91, 48, 27, 56, 80, 58, 85, 82, 18, 44, 22, 79, 97, 54, 12, 9, 83, 50, 60, 30, 23, 64, 86, 13, 41, 88, 17, 36, 3, 10, 98, 65, 69, 63, 93, 15, 45, 87, 81, 78];[0, 1, 2, 3, 4, 8, 9, 10, 11, 12, 13, 15, 16, 17, 18, 23, 28, 31, 34, 35, 36, 41, 47, 49, 50, 51, 54, 56, 57, 58, 59, 60, 62, 64, 65, 66, 68, 69, 70, 71, 72, 74, 78, 81, 82, 84, 85, 86, 87, 91, 92, 93, 94, 95, 96, 97, 98, 99]"
9242.199290,-9146.000000,"[0, 57, 4, 1, 42, 71, 67, 8, 74, 43, 77, 47, 33, 20, 32, 70, 11, 94, 66, 52, 62, 61, 26, 2, 73, 14, 28, 51, 89, 99, 37, 21, 96, 53, 5, 55, 24, 35, 54, 97, 79, 22, 44, 18, 82, 85, 58, 80, 56, 12, 9, 38, 31, 92, 68, 46, 49, 39, 72, 95, 19, 34, 7, 83, 27, 48, 41, 13, 86, 64, 23, 30, 60, 50, 91, 59, 76, 40, 84, 25, 29, 6, 75, 90, 16, 17, 36, 3, 10, 88, 98, 65, 69, 63, 93, 15, 45, 87, 81, 78];[1, 69, 70, 71, 10, 12, 13, 78, 15, 16, 81, 82, 84, 87, 92]"
10160.980518,-21701.000000,"[0, 57, 4, 1, 42, 71, 67, 8, 74, 43, 77, 47, 33, 20, 32, 70, 11, 94, 66, 52, 62, 61, 26, 2, 73, 14, 28, 51, 89, 99, 37, 21, 96, 53, 5, 55, 24, 35, 54, 97, 79, 22, 44, 18, 82, 85, 58, 80, 56, 12, 9, 38, 31, 92, 68, 46, 49, 39, 72, 95, 19, 34, 7, 83, 27, 48, 41, 13, 86, 64, 23, 30, 60, 50, 91, 59, 76, 40, 84, 25, 29, 6, 75, 90, 16, 17, 36, 3, 10, 88, 98, 65, 69, 63, 93, 15, 45, 87, 81, 78];[64, 1, 65, 3, 68, 69, 70, 71, 8, 72, 10, 12, 13, 78, 15, 16, 17, 81, 18, 82, 84, 23, 87, 28, 92, 93, 94, 95, 34, 98, 99, 36, 49, 56, 57, 58, 63]"
11871.859182,-29347.000000,"[0, 11, 70, 32, 20, 33, 47, 77, 43, 74, 8, 67, 71, 42, 1, 4, 57, 94, 66, 52, 62, 61, 26, 2, 73, 14, 28, 51, 89, 37, 21, 96, 99, 53, 5, 55, 24, 35, 38, 31, 92, 68, 46, 49, 39, 72, 95, 19, 34, 7, 29, 6, 75, 90, 16, 25, 84, 40, 76, 59, 91, 60, 50, 83, 9, 12, 54, 97, 79, 22, 44, 18, 82, 85, 58, 80, 56, 27, 48, 30, 23, 64, 86, 13, 41, 88, 17, 36, 3, 10, 98, 65, 69, 63, 93, 15, 45, 87, 81, 78];[1, 3, 4, 8, 9, 10, 12, 13, 15, 16, 17, 18, 23, 28, 31, 34, 35, 36, 41, 49, 56, 57, 58, 59, 60, 63, 64, 65, 66, 68, 69, 70, 71, 72, 78, 81, 82, 84, 85, 86, 87, 91, 92, 93, 94, 95, 97, 98, 99]"
9666.152057,-15673.000000,"[0, 11, 94, 66, 62, 52, 61, 26, 2, 73, 14, 28, 51, 89, 99, 37, 21, 22, 79, 96, 53, 5, 55, 24, 54, 35, 97, 85, 82, 44, 18, 77, 43, 74, 80, 58, 56, 12, 9, 38, 31, 92, 68, 46, 49, 39, 72, 95, 34, 19, 7, 83, 27, 60, 50, 91, 59, 76, 40, 84, 25, 29, 6, 75, 90, 16, 17, 3, 36, 10, 88, 98, 65, 69, 63, 93, 1, 42, 71, 13, 41, 48, 30, 23, 64, 86, 8, 67, 47, 33, 20, 32, 70, 57, 4, 15, 45, 87, 81, 78];[64, 1, 65, 4, 68, 69, 70, 71, 8, 72, 12, 78, 15, 47, 16, 81, 82, 84, 87, 56, 57, 58, 28, 92]"
9510.452757,-14441.000000,"[0, 57, 4, 1, 42, 71, 67, 8, 74, 43, 77, 47, 33, 20, 32, 70, 11, 94, 66, 52, 62, 61, 26, 2, 73, 14, 28, 51, 89, 99, 37, 21, 96, 53, 5, 55, 24, 35, 54, 97, 79, 22, 44, 18, 82, 85, 58, 80, 56, 12, 9, 38, 31, 92, 68, 46, 49, 39, 72, 95, 19, 34, 7, 83, 27, 48, 41, 13, 86, 64, 23, 30, 60, 50, 91, 59, 76, 40, 84, 25, 29, 6, 75, 90, 16, 17, 36, 3, 10, 88, 98, 65, 69, 63, 93, 15, 45, 87, 81, 78];[64, 1, 65, 68, 69, 70, 71, 72, 10, 12, 13, 78, 15, 16, 81, 82, 84, 87, 56, 57, 58, 92, 93, 63]"
14464.485327,-33823.000000,"[0, 11, 70, 32, 20, 33, 47, 77, 43, 74, 8, 67, 71, 42, 1, 4, 57, 94, 66, 52, 62, 61, 26, 2, 73, 14, 28, 51, 89, 37, 21, 96, 99, 53, 5, 55, 24, 35, 38, 31, 92, 68, 46, 49, 39, 72, 95, 19, 34, 7, 29, 6, 75, 90, 16, 25, 84, 40, 76, 59, 91, 60, 50, 83, 56, 80, 58, 85, 82, 18, 44, 22, 79, 97, 54, 12, 9, 27, 48, 30, 23, 64, 86, 13, 41, 88, 17, 36, 3, 10, 98, 65, 69, 63, 93, 15, 45, 87, 81, 78];[1, 3, 4, 8, 9, 10, 12, 13, 15, 16, 17, 18, 23, 28, 31, 34, 35, 36, 41, 48, 49, 50, 51, 54, 56, 57, 58, 59, 60, 62, 63, 64, 65, 66, 68, 69, 70, 71, 72, 74, 78, 81, 82, 84, 85, 86, 87, 91, 92, 93, 94, 95, 96, 97, 98, 99]"
14647.770795,-34053.000000,"[0, 11, 70, 32, 20, 33, 47, 77, 43, 74, 8, 67, 71, 42, 1, 4, 57, 94, 66, 52, 62, 61, 26, 2, 73, 14, 28, 51, 89, 37, 21, 96, 99, 53, 5, 55, 24, 35, 38, 31, 92, 68, 46, 49, 39, 72, 95, 19, 34, 7, 29, 6, 75, 90, 16, 25, 84, 40, 76, 59, 91, 60, 50, 83, 56, 80, 58, 85, 82, 18, 44, 22, 79, 97, 54, 12, 9, 27, 48, 30, 23, 64, 86, 13, 41, 88, 17, 36, 3, 10, 98, 65, 69, 63, 93, 15, 45, 87, 81, 78];[0, 1, 3, 4, 8, 9, 10, 12, 13, 15, 16, 17, 18, 23, 28, 31, 34, 35, 36, 41, 48, 49, 50, 51, 54, 56, 57, 58, 59, 60, 62, 63, 64, 65, 66, 68, 69, 70, 71, 72, 74, 78, 81, 82, 84, 85, 86, 87, 91, 92, 93, 94, 97, 98, 99]"
9483.180982,-13752.000000,"[0, 57, 4, 1, 42, 71, 67, 8, 74, 43, 77, 47, 33, 20, 32, 70, 11, 94, 66, 52, 62, 61, 26, 2, 73, 14, 28, 51, 89, 99, 37, 21, 96, 53, 5, 55, 24, 35, 54, 97, 79, 22, 44, 18, 82, 85, 58, 80, 56, 12, 9, 38, 31, 92, 68, 46, 49, 39, 72, 95, 19, 34, 7, 83, 27, 48, 41, 13, 86, 64, 23, 30, 60, 50, 91, 59, 76, 40, 84, 25, 29, 6, 75, 90, 16, 17, 36, 3, 10, 88, 98, 65, 69, 63, 93, 15, 45, 87, 81, 78];[64, 1, 65, 68, 69, 70, 71, 72, 10, 12, 13, 78, 15, 16, 81, 82, 84, 87, 56, 57, 58, 92]"
9146.632030,-6409.000000,"[0, 57, 4, 1, 42, 71, 67, 8, 74, 43, 77, 47, 33, 20, 32, 70, 11, 94, 66, 52, 62, 61, 26, 2, 73, 14, 28, 51, 89, 99, 37, 21, 96, 53, 5, 55, 24, 35, 54, 97, 79, 22, 44, 18, 82, 85, 58, 80, 56, 12, 9, 38, 31, 92, 68, 46, 49, 39, 72, 95, 19, 34, 7, 83, 27, 48, 41, 13, 86, 64, 23, 30, 60, 50, 91, 59, 76, 40, 84, 25, 29, 6, 75, 90, 16, 17, 36, 3, 10, 88, 98, 65, 69, 63, 93, 15, 45, 87, 81, 78];[16, 1, 81, 69, 70, 71, 87, 10, 12, 13, 15]"
9872.940421,-18883.000000,"[0, 57, 4, 1, 42, 71, 67, 8, 74, 43, 77, 47, 33, 20, 32, 70, 11, 94, 66, 52, 62, 61, 26, 2, 73, 14, 28, 51, 89, 99, 37, 21, 96, 53, 5, 55, 24, 35, 54, 97, 79, 22, 44, 18, 82, 85, 58, 80, 56, 12, 9, 38, 31, 92, 68, 46, 49, 39, 72, 95, 19, 34, 7, 83, 27, 48, 41, 13, 86, 64, 23, 30, 60, 50, 91, 59, 76, 40, 84, 25, 29, 6, 75, 90, 16, 17, 36, 3, 10, 88, 98, 65, 69, 63, 93, 15, 45, 87, 81, 78];[64, 1, 65, 68, 69, 70, 71, 72, 10, 12, 13, 78, 15, 16, 81, 82, 84, 87, 28, 92, 93, 94, 95, 34, 98, 99, 36, 49, 56, 57, 58, 63]"
12082.051764,-29556.000000,"[0, 11, 70, 32, 20, 33, 47, 77, 43, 74, 8, 67, 71, 42, 1, 4, 57, 94, 66, 52, 62, 61, 26, 2, 73, 14, 28, 51, 89, 37, 21, 96, 99, 53, 5, 55, 24, 35, 38, 31, 92, 68, 46, 49, 39, 72, 95, 19, 34, 7, 29, 6, 75, 90, 16, 25, 84, 40, 76, 59, 91, 60, 50, 83, 56, 80, 58, 85, 82, 18, 44, 22, 79, 97, 54, 12, 9, 27, 48, 30, 23, 64, 86, 13, 41, 88, 17, 36, 3, 10, 98, 65, 69, 63, 93, 15, 45, 87, 81, 78];[1, 3, 4, 8, 9, 10, 12, 13, 15, 16, 17, 18, 23, 28, 31, 34, 35, 36, 41, 48, 49, 50, 51, 54, 56, 57, 58, 60, 63, 64, 65, 68, 69, 70, 71, 72, 78, 81, 82, 84, 85, 86, 87, 92, 93, 94, 95, 97, 98, 99]"
17949.166274,-36004.000000,"[0, 11, 70, 32, 20, 33, 47, 77, 43, 74, 8, 67, 71, 42, 1, 4, 57, 94, 66, 52, 62, 61, 26, 2, 73, 14, 28, 51, 89, 37, 21, 96, 99, 53, 5, 55, 24, 35, 38, 31, 92, 68, 46, 49, 39, 72, 95, 19, 34, 7, 29, 6, 75, 90, 16, 25, 84, 40, 76, 59, 91, 48, 27, 56, 80, 58, 85, 82, 18, 44, 22, 79, 97, 54, 12, 9, 83, 50, 60, 30, 23, 64, 86, 13, 41, 88, 17, 36, 3, 10, 98, 65, 69, 63, 93, 15, 45, 87, 81, 78];[0, 1, 2, 3, 4, 8, 9, 10, 11, 12, 13, 15, 16, 17, 18, 23, 28, 31, 34, 35, 36, 40, 41, 47, 49, 50, 51, 54, 56, 57, 58, 59, 60, 62, 64, 65, 66, 68, 69, 70, 71, 72, 74, 76, 81, 82, 84, 85, 86, 87, 91, 92, 93, 94, 95, 96, 97, 98, 99]"
16397.744329,-35313.000000,"[0, 11, 70, 32, 20, 33, 47, 77, 43, 74, 8, 67, 71, 42, 1, 4, 57, 94, 66, 52, 62, 61, 26, 2, 73, 14, 28, 51, 89, 37, 21, 96, 99, 53, 5, 55, 24, 35, 38, 31, 92, 68, 46, 49, 39, 72, 95, 19, 34, 7, 29, 6, 75, 90, 16, 25, 84, 40, 76, 59, 91, 48, 27, 56, 80, 58, 85, 82, 18, 44, 22, 79, 97, 54, 12, 9, 83, 50, 60, 30, 23, 64, 86, 13, 41, 88, 17, 36, 3, 10, 98, 65, 69, 63, 93, 15, 45, 87, 81, 78];[0, 1, 2, 3, 4, 8, 9, 10, 12, 13, 15, 16, 17, 18, 21, 23, 28, 31, 34, 35, 36, 41, 47, 49, 50, 51, 54, 56, 57, 58, 59, 60, 62, 63, 64, 65, 66, 68, 69, 70, 71, 72, 74, 78, 81, 82, 84, 85, 86, 87, 91, 92, 93, 94, 95, 96, 97, 98, 99]"
13191.373931,-32091.000000,"[0, 11, 70, 32, 20, 33, 47, 77, 43, 74, 8, 67, 71, 42, 1, 4, 57, 94, 66, 52, 62, 61, 26, 2, 73, 14, 28, 51, 89, 37, 21, 96, 99, 53, 5, 55, 24, 35, 38, 31, 92, 68, 46, 49, 39, 72, 95, 19, 34, 7, 29, 6, 75, 90, 16, 25, 84, 40, 76, 59, 91, 60, 50, 83, 9, 12, 54, 97, 79, 22, 44, 18, 82, 85, 58, 80, 56, 27, 48, 30, 23, 64, 86, 13, 41, 88, 17, 36, 3, 10, 98, 65, 69, 63, 93, 15, 45, 87, 81, 78];[0, 1, 3, 4, 8, 9, 10, 12, 13, 15, 16, 17, 18, 23, 28, 31, 34, 35, 36, 41, 48, 49, 50, 51, 56, 57, 58, 63, 64, 65, 66, 68, 69, 70, 71, 72, 74, 78, 81, 82, 84, 85, 86, 87, 91, 92, 93, 94, 95, 97, 98, 99]"
9275.484146,-9966.000000,"[0, 57, 4, 1, 42, 71, 67, 8, 74, 43, 77, 47, 33, 20, 32, 70, 11, 94, 66, 52, 62, 61, 26, 2, 73, 14, 28, 51, 89, 99, 37, 21, 96, 53, 5, 55, 24, 35, 54, 97, 79, 22, 44, 18, 82, 85, 58, 80, 56, 12, 9, 38, 31, 92, 68, 46, 49, 39, 72, 95, 19, 34, 7, 83, 27, 48, 41, 13, 86, 64, 23, 30, 60, 50, 91, 59, 76, 40, 84, 25, 29, 6, 75, 90, 16, 17, 36, 3, 10, 88, 98, 65, 69, 63, 93, 15, 45, 87, 81, 78];[1, 68, 69, 70, 71, 72, 10, 12, 13, 78, 15, 16, 81, 82, 84, 87, 92]"
17566.392648,-35837.000000,"[0, 11, 70, 32, 20, 33, 47, 77, 43, 74, 8, 67, 71, 42, 1, 4, 57, 94, 66, 52, 62, 61, 26, 2, 73, 14, 28, 51, 89, 37, 21, 96, 99, 53, 5, 55, 24, 35, 38, 31, 92, 68, 46, 49, 39, 72, 95, 19, 34, 7, 29, 6, 75, 90, 16, 25, 84, 40, 76, 59, 91, 60, 50, 83, 56, 80, 58, 85, 82, 18, 44, 22, 79, 97, 54, 12, 9, 27, 48, 30, 23, 64, 86, 13, 41, 88, 17, 36, 3, 10, 98, 65, 69, 63, 93, 15, 45, 87, 81, 78];[0, 1, 2, 3, 4, 8, 9, 10, 11, 12, 13, 15, 16, 17, 18, 23, 28, 31, 34, 35, 36, 40, 41, 47, 48, 49, 50, 51, 54, 56, 57, 58, 59, 62, 63, 64, 65, 66, 68, 69, 70, 71, 72, 74, 81, 82, 84, 85, 86, 87, 91, 92, 93, 94, 95, 97, 98, 99]"
12647.390693,-31069.000000,"[0, 11, 70, 32, 20, 33, 47, 77, 43, 74, 8, 67, 71, 42, 1, 4, 57, 94, 66, 52, 62, 61, 26, 2, 73, 14, 28, 51, 89, 37, 21, 96, 99, 53, 5, 55, 24, 35, 38, 31, 92, 68, 46, 49, 39, 72, 95, 19, 34, 7, 29, 6, 75, 90, 16, 25, 84, 40, 76, 59, 91, 60, 50, 83, 9, 12, 54, 97, 79, 22, 44, 18, 82, 85, 58, 80, 56, 27, 48, 30, 23, 64, 86, 13, 41, 88, 17, 36, 3, 10, 98, 65, 69, 63, 93, 15, 45, 87, 81, 78];[0, 1, 3, 4, 8, 9, 10, 12, 13, 15, 16, 17, 18, 23, 28, 31, 34, 35, 36, 41, 48, 49, 51, 56, 57, 58, 59, 60, 63, 64, 65, 66, 68, 69, 70, 71, 72, 78, 81, 82, 84, 85, 86, 87, 91, 92, 93, 94, 95, 97, 98, 99]"
10457.562636,-23001.000000,"[0, 11, 70, 32, 20, 33, 47, 77, 43, 74, 8, 67, 71, 42, 1, 4, 57, 94, 66, 52, 62, 61, 26, 2, 73, 14, 28, 51, 89, 37, 21, 96, 99, 53, 5, 55, 24, 35, 38, 31, 92, 68, 46, 49, 39, 72, 95, 19, 34, 7, 29, 6, 75, 90, 16, 25, 84, 40, 76, 59, 91, 60, 50, 83, 9, 12, 54, 97, 79, 22, 44, 18, 82, 85, 58, 80, 56, 27, 48, 30, 23, 64, 86, 13, 41, 88, 17, 36, 3, 10, 98, 65, 69, 63, 93, 15, 45, 87, 81, 78];[64, 1, 65, 3, 68, 69, 70, 71, 8, 72, 10, 12, 13, 78, 15, 16, 17, 81, 18, 82, 84, 23, 87, 28, 92, 93, 94, 95, 97, 34, 98, 99, 36, 41, 49, 56, 57, 58, 63]"
14283.367471,-33666.000000,"[0, 11, 70, 32, 20, 33, 47, 77, 43, 74, 8, 67, 71, 42, 1, 4, 57, 94, 66, 52, 62, 61, 26, 2, 73, 14, 28, 51, 89, 37, 21, 96, 99, 53, 5, 55, 24, 35, 38, 31, 92, 68, 46, 49, 39, 72, 95, 19, 34, 7, 29, 6, 75, 90, 16, 25, 84, 40, 76, 59, 91, 60, 50, 83, 56, 80, 58, 85, 82, 18, 44, 22, 79, 97, 54, 12, 9, 27, 48, 30, 23, 64, 86, 13, 41, 88, 17, 36, 3, 10, 98, 65, 69, 63, 93, 15, 45, 87, 81, 78];[0, 1, 3, 4, 8, 9, 10, 12, 13, 15, 16, 17, 18, 23, 28, 31, 34, 35, 36, 41, 48, 49, 50, 51, 54, 56, 57, 58, 59, 60, 63, 64, 65, 66, 68, 69, 70, 71, 72, 74, 78, 81, 82, 84, 85, 86, 87, 91, 92, 93, 94, 95, 96, 97, 98, 99]"
17120.867314,-35553.000000,"[0, 11, 70, 32, 20, 33, 47, 77, 43, 74, 8, 67, 71, 42, 1, 4, 57, 94, 66, 52, 62, 61, 26, 2, 73, 14, 28, 51, 89, 37, 21, 96, 99, 53, 5, 55, 24, 35, 38, 31, 92, 68, 46, 49, 39, 72, 95, 19, 34, 7, 29, 6, 75, 90, 16, 25, 84, 40, 76, 59, 91, 48, 27, 56, 80, 58, 85, 82, 18, 44, 22, 79, 97, 54, 12, 9, 83, 50, 60, 30, 23, 64, 86, 13, 41, 88, 17, 36, 3, 10, 98, 65, 69, 63, 93, 15, 45, 87, 81, 78];[0, 1, 2, 3, 4, 8, 9, 10, 11, 12, 13, 15, 16, 17, 18, 23, 24, 28, 31, 34, 35, 36, 37, 49, 50, 51, 54, 56, 57, 58, 59, 60, 62, 64, 65, 66, 68, 69, 70, 71, 72, 74, 78, 81, 82, 84, 85, 86, 87, 91, 92, 93, 94, 96, 97, 98, 99]"
12483.538586,-30810.000000,"[0, 11, 70, 32, 20, 33, 47, 77, 43, 74, 8, 67, 71, 42, 1, 4, 57, 94, 66, 52, 62, 61, 26, 2, 73, 14, 28, 51, 89, 37, 21, 96, 99, 53, 5, 55, 24, 35, 38, 31, 92, 68, 46, 49, 39, 72, 95, 19, 34, 7, 29, 6, 75, 90, 16, 25, 84, 40, 76, 59, 91, 60, 50, 83, 56, 80, 58, 85, 82, 18, 44, 22, 79, 97, 54, 12, 9, 27, 48, 30, 23, 64, 86, 13, 41, 88, 17, 36, 3, 10, 98, 65, 69, 63, 93, 15, 45, 87, 81, 78];[1, 3, 4, 8, 9, 10, 12, 13, 15, 16, 17, 18, 23, 28, 31, 34, 35, 36, 41, 48, 49, 50, 51, 54, 56, 57, 58, 59, 60, 63, 64, 65, 66, 68, 69, 70, 71, 72, 78, 81, 82, 84, 85, 86, 87, 92, 93, 94, 95, 97, 98, 99]"
12368.392251,-30538.000000,"[0, 11, 70, 32, 20, 33, 47, 77, 43, 74, 8, 67, 71, 42, 1, 4, 57, 94, 66, 52, 62, 61, 26, 2, 73, 14, 28, 51, 89, 37, 21, 96, 99, 53, 5, 55, 24, 35, 38, 31, 92, 68, 46, 49, 39, 72, 95, 19, 34, 7, 29, 6, 75, 90, 16, 25, 84, 40, 76, 59, 91, 60, 50, 83, 56, 80, 58, 85, 82, 18, 44, 22, 79, 97, 54, 12, 9, 27, 48, 30, 23, 64, 86, 13, 41, 88, 17, 36, 3, 10, 98, 65, 69, 63, 93, 15, 45, 87, 81, 78];[1, 3, 4, 8, 9, 10, 12, 13, 15, 16, 17, 18, 23, 28, 31, 34, 35, 36, 41, 48, 49, 50, 51, 54, 56, 57, 58, 60, 63, 64, 65, 66, 68, 69, 70, 71, 72, 78, 81, 82, 84, 85, 86, 87, 92, 93, 94, 95, 97, 98, 99]"
13023.100793,-31923.000000,"[0, 11, 70, 32, 20, 33, 47, 77, 43, 74, 8, 67, 71, 42, 1, 4, 57, 94, 66, 52, 62, 61, 26, 2, 73, 14, 28, 51, 89, 37, 21, 96, 99, 53, 5, 55, 24, 35, 38, 31, 92, 68, 46, 49, 39, 72, 95, 19, 34, 7, 29, 6, 75, 90, 16, 25, 84, 40, 76, 59, 91, 60, 50, 83, 9, 12, 54, 97, 79, 22, 44, 18, 82, 85, 58, 80, 56, 27, 48, 30, 23, 64, 86, 13, 41, 88, 17, 36, 3, 10, 98, 65, 69, 63, 93, 15, 45, 87, 81, 78];[1, 3, 4, 8, 9, 10, 12, 13, 15, 16, 17, 18, 23, 28, 31, 34, 35, 36, 41, 48, 49, 50, 51, 56, 57, 58, 59, 60, 63, 64, 65, 66, 68, 69, 70, 71, 72, 74, 78, 81, 82, 84, 85, 86, 87, 91, 92, 93, 94, 97, 98, 99]"
9677.465011,-16240.000000,"[0, 57, 4, 1, 42, 71, 67, 8, 74, 43, 77, 47, 33, 20, 32, 70, 11, 94, 66, 52, 62, 61, 26, 2, 73, 14, 28, 51, 89, 99, 37, 21, 96, 53, 5, 55, 24, 35, 54, 97, 79, 22, 44, 18, 82, 85, 58, 80, 56, 12, 9, 38, 31, 92, 68, 46, 49, 39, 72, 95, 19, 34, 7, 83, 27, 48, 41, 13, 86, 64, 23, 30, 60, 50, 91, 59, 76, 40, 84, 25, 29, 6, 75, 90, 16, 17, 36, 3, 10, 88, 98, 65, 69, 63, 93, 15, 45, 87, 81, 78];[64, 1, 65, 68, 69, 70, 71, 72, 10, 12, 13, 78, 15, 16, 81, 82, 84, 87, 28, 34, 36, 49, 56, 57, 58, 63]"
12875.163309,-31690.000000,"[0, 11, 70, 32, 20, 33, 47, 77, 43, 74, 8, 67, 71, 42, 1, 4, 57, 94, 66, 52, 62, 61, 26, 2, 73, 14, 28, 51, 89, 37, 21, 96, 99, 53, 5, 55, 24, 35, 38, 31, 92, 68, 46, 49, 39, 72, 95, 19, 34, 7, 29, 6, 75, 90, 16, 25, 84, 40, 76, 59, 91, 60, 50, 83, 56, 80, 58, 85, 82, 18, 44, 22, 79, 97, 54, 12, 9, 27, 48, 30, 23, 64, 86, 13, 41, 88, 17, 36, 3, 10, 98, 65, 69, 63, 93, 15, 45, 87, 81, 78];[1, 3, 4, 8, 9, 10, 12, 13, 15, 16, 17, 18, 23, 28, 31, 34, 35, 36, 41, 48, 49, 50, 51, 54, 56, 57, 58, 59, 60, 63, 64, 65, 66, 68, 69, 70, 71, 72, 78, 81, 82, 84, 85, 86, 87, 91, 92, 93, 94, 95, 97, 98, 99]"
10580.523031,-23928.000000,"[0, 11, 70, 32, 20, 33, 47, 77, 43, 74, 8, 67, 71, 42, 1, 4, 57, 94, 66, 52, 62, 61, 26, 2, 73, 14, 28, 51, 89, 37, 21, 96, 99, 53, 5, 55, 24, 35, 38, 31, 92, 68, 46, 49, 39, 72, 95, 19, 34, 7, 29, 6, 75, 90, 16, 25, 84, 40, 76, 59, 91, 60, 50, 83, 9, 12, 54, 97, 79, 22, 44, 18, 82, 85, 58, 80, 56, 27, 48, 30, 23, 64, 86, 13, 41, 88, 17, 36, 3, 10, 98, 65, 69, 63, 93, 15, 45, 87, 81, 78];[64, 1, 65, 3, 68, 69, 70, 71, 8, 72, 10, 12, 13, 78, 15, 16, 17, 81, 18, 82, 84, 85, 86, 23, 87, 28, 92, 93, 94, 95, 97, 34, 98, 99, 36, 41, 49, 56, 57, 58, 63]"
17812.623857,-35874.000000,"[0, 11, 70, 32, 20, 33, 47, 77, 43, 74, 8, 67, 71, 42, 1, 4, 57, 94, 66, 52, 62, 61, 26, 2, 73, 14, 28, 51, 89, 37, 21, 96, 99, 53, 5, 55, 24, 35, 38, 31, 92, 68, 46, 49, 39, 72, 95, 19, 34, 7, 29, 6, 75, 90, 16, 25, 84, 40, 76, 59, 91, 60, 50, 83, 56, 80, 58, 85, 82, 18, 44, 22, 79, 97, 54, 12, 9, 27, 48, 30, 23, 64, 86, 13, 41, 88, 17, 36, 3, 10, 98, 65, 69, 63, 93, 15, 45, 87, 81, 78];[0, 1, 2, 3, 4, 8, 9, 10, 12, 13, 15, 16, 17, 18, 23, 24, 28, 31, 34, 35, 36, 37, 47, 48, 49, 50, 51, 54, 56, 57, 58, 59, 62, 63, 64, 65, 66, 68, 69, 70, 71, 72, 74, 81, 82, 84, 85, 86, 87, 91, 92, 93, 94, 95, 97, 98, 99]"
9716.253035,-17286.000000,"[0, 57, 4, 1, 42, 71, 67, 8, 74, 43, 77, 47, 33, 20, 32, 70, 11, 94, 66, 52, 62, 61, 26, 2, 73, 14, 28, 51, 89, 99, 37, 21, 96, 53, 5, 55, 24, 35, 54, 97, 79, 22, 44, 18, 82, 85, 58, 80, 56, 12, 9, 38, 31, 92, 68, 46, 49, 39, 72, 95, 19, 34, 7, 83, 27, 48, 41, 13, 86, 64, 23, 30, 60, 50, 91, 59, 76, 40, 84, 25, 29, 6, 75, 90, 16, 17, 36, 3, 10, 88, 98, 65, 69, 63, 93, 15, 45, 87, 81, 78];[64, 1, 65, 68, 69, 70, 71, 72, 10, 12, 13, 78, 15, 16, 81, 82, 84, 87, 28, 92, 93, 34, 36, 49, 56, 57, 58, 63]"
15429.243933,-34728.000000,"[0, 11, 70, 32, 20, 33, 47, 77, 43, 74, 8, 67, 71, 42, 1, 4, 57, 94, 66, 52, 62, 61, 26, 2, 73, 14, 28, 51, 89, 37, 21, 96, 99, 53, 5, 55, 24, 35, 38, 31, 92, 68, 46, 49, 39, 72, 95, 19, 34, 7, 29, 6, 75, 90, 16, 25, 84, 40, 76, 59, 91, 60, 50, 83, 56, 80, 58, 85, 82, 18, 44, 22, 79, 97, 54, 12, 9, 27, 48, 30, 23, 64, 86, 13, 41, 88, 17, 36, 3, 10, 98, 65, 69, 63, 93, 15, 45, 87, 81, 78];[0, 1, 2, 3, 4, 8, 9, 10, 12, 13, 15, 16, 17, 18, 21, 23, 28, 31, 34, 35, 36, 41, 48, 49, 50, 51, 54, 56, 57, 58, 59, 60, 62, 63, 64, 65, 66, 68, 69, 70, 71, 72, 74, 78, 81, 82, 84, 85, 86, 87, 91, 92, 93, 94, 95, 97, 98, 99]"
9237.573761,-8492.000000,"[0, 57, 4, 1, 42, 71, 67, 8, 74, 43, 77, 47, 33, 20, 32, 70, 11, 94, 66, 52, 62, 61, 26, 2, 73, 14, 28, 51, 89, 99, 37, 21, 96, 53, 5, 55, 24, 35, 54, 97, 79, 22, 44, 18, 82, 85, 58, 80, 56, 12, 9, 38, 31, 92, 68, 46, 49, 39, 72, 95, 19, 34, 7, 83, 27, 48, 41, 13, 86, 64, 23, 30, 60, 50, 91, 59, 76, 40, 84, 25, 29, 6, 75, 90, 16, 17, 36, 3, 10, 88, 98, 65, 69, 63, 93, 15, 45, 87, 81, 78];[1, 68, 69, 70, 71, 72, 10, 12, 13, 78, 15, 16, 81, 82, 87]"
9169.742915,-7113.000000,"[0, 57, 4, 1, 42, 71, 67, 8, 74, 43, 77, 47, 33, 20, 32, 70, 11, 94, 66, 52, 62, 61, 26, 2, 73, 14, 28, 51, 89, 99, 37, 21, 96, 53, 5, 55, 24, 35, 54, 97, 79, 22, 44, 18, 82, 85, 58, 80, 56, 12, 9, 38, 31, 92, 68, 46, 49, 39, 72, 95, 19, 34, 7, 83, 27, 48, 41, 13, 86, 64, 23, 30, 60, 50, 91, 59, 76, 40, 84, 25, 29, 6, 75, 90, 16, 17, 36, 3, 10, 88, 98, 65, 69, 63, 93, 15, 45, 87, 81, 78];[16, 1, 81, 69, 70, 71, 87, 10, 12, 92, 13, 15]"
12742.467254,-31418.000000,"[0, 11, 70, 32, 20, 33, 47, 77, 43, 74, 8, 67, 71, 42, 1, 4, 57, 94, 66, 52, 62, 61, 26, 2, 73, 14, 28, 51, 89, 37, 21, 96, 99, 53, 5, 55, 24, 35, 38, 31, 92, 68, 46, 49, 39, 72, 95, 19, 34, 7, 29, 6, 75, 90, 16, 25, 84, 40, 76, 59, 91, 60, 50, 83, 56, 80, 58, 85, 82, 18, 44, 22, 79, 97, 54, 12, 9, 27, 48, 30, 23, 64, 86, 13, 41, 88, 17, 36, 3, 10, 98, 65, 69, 63, 93, 15, 45, 87, 81, 78];[1, 3, 4, 8, 9, 10, 12, 13, 15, 16, 17, 18, 23, 28, 31, 34, 35, 36, 41, 48, 49, 50, 51, 54, 56, 57, 58, 60, 63, 64, 65, 66, 68, 69, 70, 71, 72, 78, 81, 82, 84, 85, 86, 87, 91, 92, 93, 94, 95, 97, 98, 99]"
10513.766981,-23516.000000,"[0, 11, 70, 32, 20, 33, 47, 77, 43, 74, 8, 67, 71, 42, 1, 4, 57, 94, 66, 52, 62, 61, 26, 2, 73, 14, 28, 51, 89, 37, 21, 96, 99, 53, 5, 55, 24, 35, 38, 31, 92, 68, 46, 49, 39, 72, 95, 19, 34, 7, 29, 6, 75, 90, 16, 25, 84, 40, 76, 59, 91, 60, 50, 83, 9, 12, 54, 97, 79, 22, 44, 18, 82, 85, 58, 80, 56, 27, 48, 30, 23, 64, 86, 13, 41, 88, 17, 36, 3, 10, 98, 65, 69, 63, 93, 15, 45, 87, 81, 78];[64, 1, 65, 3, 68, 69, 70, 71, 8, 72, 10, 12, 13, 78, 15, 16, 17, 81, 18, 82, 84, 85, 86, 23, 87, 28, 92, 93, 94, 95, 97, 34, 98, 99, 36, 49, 56, 57, 58, 63]"
15685.929826,-34825.000000,"[0, 11, 70, 32, 20, 33, 47, 77, 43, 74, 8, 67, 71, 42, 1, 4, 57, 94, 66, 52, 62, 61, 26, 2, 73, 14, 28, 51, 89, 37, 21, 96, 99, 53, 5, 55, 24, 35, 38, 31, 92, 68, 46, 49, 39, 72, 95, 19, 34, 7, 29, 6, 75, 90, 16, 25, 84, 40, 76, 59, 91, 60, 50, 83, 56, 80, 58, 85, 82, 18, 44, 22, 79, 97, 54, 12, 9, 27, 48, 30, 23, 64, 86, 13, 41, 88, 17, 36, 3, 10, 98, 65, 69, 63, 93, 15, 45, 87, 81, 78];[0, 1, 2, 3, 4, 8, 9, 10, 11, 12, 13, 15, 16, 17, 18, 23, 28, 31, 34, 35, 36, 41, 48, 49, 50, 51, 54, 56, 57, 58, 59, 60, 63, 64, 65, 66, 68, 69, 70, 71, 72, 74, 78, 81, 82, 84, 85, 86, 87, 91, 92, 93, 94, 95, 96, 97, 98, 99]"
13561.469315,-32720.000000,"[0, 11, 70, 32, 20, 33, 47, 77, 43, 74, 8, 67, 71, 42, 1, 4, 57, 94, 66, 52, 62, 61, 26, 2, 73, 14, 28, 51, 89, 37, 21, 96, 99, 53, 5, 55, 24, 35, 38, 31, 92, 68, 46, 49, 39, 72, 95, 19, 34, 7, 29, 6, 75, 90, 16, 25, 84, 40, 76, 59, 91, 60, 50, 83, 56, 80, 58, 85, 82, 18, 44, 22, 79, 97, 54, 12, 9, 27, 48, 30, 23, 64, 86, 13, 41, 88, 17, 36, 3, 10, 98, 65, 69, 63, 93, 15, 45, 87, 81, 78];[1, 3, 4, 8, 9, 10, 12, 13, 15, 16, 17, 18, 23, 28, 31, 34, 35, 36, 41, 48, 49, 50, 51, 54, 56, 57, 58, 60, 63, 64, 65, 66, 68, 69, 70, 71, 72, 74, 78, 81, 82, 84, 85, 86, 87, 91, 92, 93, 94, 95, 96, 97, 98, 99]"
11186.483308,-26910.000000,"[0, 11, 70, 32, 20, 33, 47, 77, 43, 74, 8, 67, 71, 42, 1, 4, 57, 94, 66, 52, 62, 61, 26, 2, 73, 14, 28, 51, 89, 37, 21, 96, 99, 53, 5, 55, 24, 35, 38, 31, 92, 68, 46, 49, 39, 72, 95, 19, 34, 7, 29, 6, 75, 90, 16, 25, 84, 40, 76, 59, 91, 60, 50, 83, 9, 12, 54, 97, 79, 22, 44, 18, 82, 85, 58, 80, 56, 27, 48, 30, 23, 64, 86, 13, 41, 88, 17, 36, 3, 10, 98, 65, 69, 63, 93, 15, 45, 87, 81, 78];[64, 1, 65, 3, 4, 68, 69, 70, 71, 8, 72, 9, 10, 12, 13, 78, 15, 16, 17, 81, 18, 82, 84, 85, 86, 23, 87, 28, 92, 93, 94, 31, 95, 97, 34, 98, 35, 99, 36, 41, 49, 56, 57, 58, 63]"
11662.833086,-28772.000000,"[0, 11, 70, 32, 20, 33, 47, 77, 43, 74, 8, 67, 71, 42, 1, 4, 57, 94, 66, 52, 62, 61, 26, 2, 73, 14, 28, 51, 89, 37, 21, 96, 99, 53, 5, 55, 24, 35, 38, 31, 92, 68, 46, 49, 39, 72, 95, 19, 34, 7, 29, 6, 75, 90, 16, 25, 84, 40, 76, 59, 91, 60, 50, 83, 9, 12, 54, 97, 79, 22, 44, 18, 82, 85, 58, 80, 56, 27, 48, 30, 23, 64, 86, 13, 41, 88, 17, 36, 3, 10, 98, 65, 69, 63, 93, 15, 45, 87, 81, 78];[64, 1, 65, 66, 3, 4, 68, 69, 70, 71, 8, 72, 9, 10, 12, 13, 78, 15, 16, 17, 81, 18, 82, 84, 85, 86, 23, 87, 91, 28, 92, 93, 94, 31, 95, 97, 34, 98, 35, 99, 36, 41, 49, 56, 57, 58, 63]"
12235.832815,-30185.000000,"[0, 11, 70, 32, 20, 33, 47, 77, 43, 74, 8, 67, 71, 42, 1, 4, 57, 94, 66, 52, 62, 61, 26, 2, 73, 14, 28, 51, 89, 37, 21, 96, 99, 53, 5, 55, 24, 35, 38, 31, 92, 68, 46, 49, 39, 72, 95, 19, 34, 7, 29, 6, 75, 90, 16, 25, 84, 40, 76, 59, 91, 60, 50, 83, 56, 80, 58, 85, 82, 18, 44, 22, 79, 97, 54, 12, 9, 27, 48, 30, 23, 64, 86, 13, 41, 88, 17, 36, 3, 10, 98, 65, 69, 63, 93, 15, 45, 87, 81, 78];[1, 3, 4, 8, 9, 10, 12, 13, 15, 16, 17, 18, 23, 28, 31, 34, 35, 36, 41, 48, 49, 50, 51, 56, 57, 58, 59, 60, 63, 64, 65, 66, 68, 69, 70, 71, 72, 78, 81, 82, 84, 85, 86, 87, 92, 93, 94, 95, 97, 98, 99]"
15118.092498,-34497.000000,"[0, 11, 70, 32, 20, 33, 47, 77, 43, 74, 8, 67, 71, 42, 1, 4, 57, 94, 66, 52, 62, 61, 26, 2, 73, 14, 28, 51, 89, 37, 21, 96, 99, 53, 5, 55, 24, 35, 38, 31, 92, 68, 46, 49, 39, 72, 95, 19, 34, 7, 29, 6, 75, 90, 16, 25, 84, 40, 76, 59, 91, 60, 50, 83, 56, 80, 58, 85, 82, 18, 44, 22, 79, 97, 54, 12, 9, 27, 48, 30, 23, 64, 86, 13, 41, 88, 17, 36, 3, 10, 98, 65, 69, 63, 93, 15, 45, 87, 81, 78];[0, 1, 3, 4, 8, 9, 10, 12, 13, 15, 16, 17, 18, 23, 28, 31, 34, 35, 36, 41, 48, 49, 50, 51, 54, 56, 57, 58, 59, 60, 62, 63, 64, 65, 66, 68, 69, 70, 71, 72, 74, 78, 81, 82, 84, 85, 86, 87, 91, 92, 93, 94, 95, 96, 97, 98, 99]"
9299.604844,-10407.000000,"[0, 57, 4, 1, 42, 71, 67, 8, 74, 43, 77, 47, 33, 20, 32, 70, 11, 94, 66, 52, 62, 61, 26, 2, 73, 14, 28, 51, 89, 99, 37, 21, 96, 53, 5, 55, 24, 35, 54, 97, 79, 22, 44, 18, 82, 85, 58, 80, 56, 12, 9, 38, 31, 92, 68, 46, 49, 39, 72, 95, 19, 34, 7, 83, 27, 48, 41, 13, 86, 64, 23, 30, 60, 50, 91, 59, 76, 40, 84, 25, 29, 6, 75, 90, 16, 17, 36, 3, 10, 88, 98, 65, 69, 63, 93, 15, 45, 87, 81, 78];[64, 1, 65, 68, 69, 70, 71, 72, 12, 78, 15, 16, 81, 82, 84, 87, 92, 63]"
14953.899679,-34272.000000,"[0, 11, 70, 32, 20, 33, 47, 77, 43, 74, 8, 67, 71, 42, 1, 4, 57, 94, 66, 52, 62, 61, 26, 2, 73, 14, 28, 51, 89, 37, 21, 96, 99, 53, 5, 55, 24, 35, 38, 31, 92, 68, 46, 49, 39, 72, 95, 19, 34, 7, 29, 6, 75, 90, 16, 25, 84, 40, 76, 59, 91, 60, 50, 83, 56, 80, 58, 85, 82, 18, 44, 22, 79, 97, 54, 12, 9, 27, 48, 30, 23, 64, 86, 13, 41, 88, 17, 36, 3, 10, 98, 65, 69, 63, 93, 15, 45, 87, 81, 78];[0, 1, 2, 3, 4, 8, 9, 10, 12, 13, 15, 16, 17, 18, 21, 23, 28, 31, 34, 35, 36, 41, 48, 49, 50, 51, 54, 56, 57, 58, 59, 60, 63, 64, 65, 66, 68, 69, 70, 71, 72, 74, 78, 81, 82, 84, 85, 86, 87, 91, 92, 93, 94, 95, 96, 97, 98, 99]"
10695.983797,-24477.000000,"[0, 11, 70, 32, 20, 33, 47, 77, 43, 74, 8, 67, 71, 42, 1, 4, 57, 94, 66, 52, 62, 61, 26, 2, 73, 14, 28, 51, 89, 37, 21, 96, 99, 53, 5, 55, 24, 35, 38, 31, 92, 68, 46, 49, 39, 72, 95, 19, 34, 7, 29, 6, 75, 90, 16, 25, 84, 40, 76, 59, 91, 60, 50, 83, 9, 12, 54, 97, 79, 22, 44, 18, 82, 85, 58, 80, 56, 27, 48, 30, 23, 64, 86, 13, 41, 88, 17, 36, 3, 10, 98, 65, 69, 63, 93, 15, 45, 87, 81, 78];[64, 1, 65, 3, 4, 68, 69, 70, 71, 8, 72, 10, 12, 13, 78, 15, 16, 17, 81, 18, 82, 84, 85, 86, 23, 87, 28, 92, 93, 94, 95, 97, 34, 98, 99, 36, 49, 56, 57, 58, 63]"
11757.644112,-29022.000000,"[0, 11, 70, 32, 20, 33, 47, 77, 43, 74, 8, 67, 71, 42, 1, 4, 57, 94, 66, 52, 62, 61, 26, 2, 73, 14, 28, 51, 89, 37, 21, 96, 99, 53, 5, 55, 24, 35, 38, 31, 92, 68, 46, 49, 39, 72, 95, 19, 34, 7, 29, 6, 75, 90, 16, 25, 84, 40, 76, 59, 91, 60, 50, 83, 9, 12, 54, 97, 79, 22, 44, 18, 82, 85, 58, 80, 56, 27, 48, 30, 23, 64, 86, 13, 41, 88, 17, 36, 3, 10, 98, 65, 69, 63, 93, 15, 45, 87, 81, 78];[64, 1, 65, 66, 3, 4, 68, 69, 70, 71, 8, 72, 9, 10, 12, 13, 78, 15, 16, 17, 81, 18, 82, 84, 85, 86, 22, 23, 87, 91, 28, 92, 93, 94, 31, 95, 97, 34, 98, 35, 99, 36, 41, 49, 56, 57, 58, 63]"
14126.565977,-33471.000000,"[0, 11, 70, 32, 20, 33, 47, 77, 43, 74, 8, 67, 71, 42, 1, 4, 57, 94, 66, 52, 62, 61, 26, 2, 73, 14, 28, 51, 89, 37, 21, 96, 99, 53, 5, 55, 24, 35, 38, 31, 92, 68, 46, 49, 39, 72, 95, 19, 34, 7, 29, 6, 75, 90, 16, 25, 84, 40, 76, 59, 91, 60, 50, 83, 56, 80, 58, 85, 82, 18, 44, 22, 79, 97, 54, 12, 9, 27, 48, 30, 23, 64, 86, 13, 41, 88, 17, 36, 3, 10, 98, 65, 69, 63, 93, 15, 45, 87, 81, 78];[1, 3, 4, 8, 9, 10, 12, 13, 15, 16, 17, 18, 21, 23, 28, 31, 34, 35, 36, 41, 48, 49, 50, 51, 54, 56, 57, 58, 59, 60, 62, 63, 64, 65, 66, 68, 69, 70, 71, 72, 74, 78, 81, 82, 84, 85, 86, 87, 91, 92, 93, 94, 95, 97, 98, 99]"
9088.518187,-4949.000000,"[0, 57, 4, 1, 42, 71, 67, 8, 74, 43, 77, 47, 33, 20, 32, 70, 11, 94, 66, 52, 62, 61, 26, 2, 73, 14, 28, 51, 89, 99, 37, 21, 96, 53, 5, 55, 24, 35, 54, 97, 79, 22, 44, 18, 82, 85, 58, 80, 56, 12, 9, 38, 31, 92, 68, 46, 49, 39, 72, 95, 19, 34, 7, 83, 27, 48, 41, 13, 86, 64, 23, 30, 60, 50, 91, 59, 76, 40, 84, 25, 29, 6, 75, 90, 16, 17, 36, 3, 10, 88, 98, 65, 69, 63, 93, 15, 45, 87, 81, 78];[16, 1, 81, 69, 70, 71, 87, 12, 15]"
15267.983974,-34548.000000,"[0, 11, 70, 32, 20, 33, 47, 77, 43, 74, 8, 67, 71, 42, 1, 4, 57, 94, 66, 52, 62, 61, 26, 2, 73, 14, 28, 51, 89, 37, 21, 96, 99, 53, 5, 55, 24, 35, 38, 31, 92, 68, 46, 49, 39, 72, 95, 19, 34, 7, 29, 6, 75, 90, 16, 25, 84, 40, 76, 59, 91, 60, 50, 83, 56, 80, 58, 85, 82, 18, 44, 22, 79, 97, 54, 12, 9, 27, 48, 30, 23, 64, 86, 13, 41, 88, 17, 36, 3, 10, 98, 65, 69, 63, 93, 15, 45, 87, 81, 78];[0, 1, 3, 4, 8, 9, 10, 12, 13, 15, 16, 17, 18, 23, 28, 29, 31, 34, 35, 36, 41, 48, 49, 50, 51, 54, 56, 57, 58, 59, 60, 62, 63, 64, 65, 66, 68, 69, 70, 71, 72, 74, 78, 81, 82, 84, 85, 86, 87, 91, 92, 93, 94, 95, 96, 97, 98, 99]"
11100.205055,-26588.000000,"[0, 11, 70, 32, 20, 33, 47, 77, 43, 74, 8, 67, 71, 42, 1, 4, 57, 94, 66, 52, 62, 61, 26, 2, 73, 14, 28, 51, 89, 37, 21, 96, 99, 53, 5, 55, 24, 35, 38, 31, 92, 68, 46, 49, 39, 72, 95, 19, 34, 7, 29, 6, 75, 90, 16, 25, 84, 40, 76, 59, 91, 60, 50, 83, 9, 12, 54, 97, 79, 22, 44, 18, 82, 85, 58, 80, 56, 27, 48, 30, 23, 64, 86, 13, 41, 88, 17, 36, 3, 10, 98, 65, 69, 63, 93, 15, 45, 87, 81, 78];[64, 1, 65, 66, 3, 4, 68, 69, 70, 71, 8, 72, 9, 10, 12, 13, 78, 15, 16, 17, 81, 18, 82, 84, 85, 86, 23, 87, 28, 92, 93, 94, 95, 97, 34, 98, 99, 36, 41, 49, 56, 57, 58, 63]"
11071.340343,-26074.000000,"[0, 57, 4, 1, 42, 71, 67, 8, 74, 43, 77, 47, 33, 20, 32, 70, 11, 94, 66, 52, 62, 61, 26, 2, 73, 14, 28, 51, 89, 99, 37, 21, 96, 53, 5, 55, 24, 35, 54, 97, 79, 22, 44, 18, 82, 85, 58, 80, 56, 12, 9, 38, 31, 92, 68, 46, 49, 39, 72, 95, 19, 34, 7, 83, 27, 48, 41, 13, 86, 64, 23, 30, 60, 50, 91, 59, 76, 40, 84, 25, 29, 6, 75, 90, 16, 17, 36, 3, 10, 88, 98, 65, 69, 63, 93, 15, 45, 87, 81, 78];[64, 1, 65, 3, 4, 68, 69, 70, 71, 8, 72, 9, 10, 12, 13, 78, 15, 16, 17, 81, 18, 82, 84, 85, 86, 23, 87, 91, 28, 92, 93, 94, 95, 97, 34, 98, 99, 36, 49, 56, 57, 58, 63]"
14827.360289,-34173.000000,"[0, 11, 70, 32, 20, 33, 47, 77, 43, 74, 8, 67, 71, 42, 1, 4, 57, 94, 66, 52, 62, 61, 26, 2, 73, 14, 28, 51, 89, 37, 21, 96, 99, 53, 5, 55, 24, 35, 38, 31, 92, 68, 46, 49, 39, 72, 95, 19, 34, 7, 29, 6, 75, 90, 16, 25, 84, 40, 76, 59, 91, 60, 50, 83, 56, 80, 58, 85, 82, 18, 44, 22, 79, 97, 54, 12, 9, 27, 48, 30, 23, 64, 86, 13, 41, 88, 17, 36, 3, 10, 98, 65, 69, 63, 93, 15, 45, 87, 81, 78];[0, 1, 3, 4, 8, 9, 10, 12, 13, 15, 16, 17, 18, 23, 28, 29, 31, 34, 35, 36, 41, 48, 49, 50, 51, 54, 56, 57, 58, 59, 60, 62, 63, 64, 65, 66, 68, 69, 70, 71, 72, 74, 78, 81, 82, 84, 85, 86, 87, 91, 92, 93, 94, 95, 97, 98, 99]"
9706.351531,-16944.000000,"[0, 57, 4, 1, 42, 71, 67, 8, 74, 43, 77, 47, 33, 20, 32, 70, 11, 94, 66, 52, 62, 61, 26, 2, 73, 14, 28, 51, 89, 99, 37, 21, 96, 53, 5, 55, 24, 35, 54, 97, 79, 22, 44, 18, 82, 85, 58, 80, 56, 12, 9, 38, 31, 92, 68, 46, 49, 39, 72, 95, 19, 34, 7, 83, 27, 48, 41, 13, 86, 64, 23, 30, 60, 50, 91, 59, 76, 40, 84, 25, 29, 6, 75, 90, 16, 17, 36, 3, 10, 88, 98, 65, 69, 63, 93, 15, 45, 87, 81, 78];[64, 1, 65, 68, 69, 70, 71, 72, 10, 12, 13, 78, 15, 16, 81, 82, 84, 87, 28, 92, 34, 36, 49, 56, 57, 58, 63]"
16142.336703,-35126.000000,"[0, 11, 70, 32, 20, 33, 47, 77, 43, 74, 8, 67, 71, 42, 1, 4, 57, 94, 66, 52, 62, 61, 26, 2, 73, 14, 28, 51, 89, 37, 21, 96, 99, 53, 5, 55, 24, 35, 38, 31, 92, 68, 46, 49, 39, 72, 95, 19, 34, 7, 29, 6, 75, 90, 16, 25, 84, 40, 76, 59, 91, 60, 50, 83, 56, 80, 58, 85, 82, 18, 44, 22, 79, 97, 54, 12, 9, 27, 48, 30, 23, 64, 86, 13, 41, 88, 17, 36, 3, 10, 98, 65, 69, 63, 93, 15, 45, 87, 81, 78];[0, 1, 2, 3, 4, 8, 9, 10, 11, 12, 13, 15, 16, 17, 18, 23, 24, 28, 31, 34, 35, 36, 41, 48, 49, 50, 51, 54, 56, 57, 58, 59, 60, 63, 64, 65, 66, 68, 69, 70, 71, 72, 74, 78, 81, 82, 84, 85, 86, 87, 91, 92, 93, 94, 97, 98, 99]"
17416.474719,-35686.000000,"[0, 11, 70, 32, 20, 33, 47, 77, 43, 74, 8, 67, 71, 42, 1, 4, 57, 94, 66, 52, 62, 61, 26, 2, 73, 14, 28, 51, 89, 37, 21, 96, 99, 53, 5, 55, 24, 35, 38, 31, 92, 68, 46, 49, 39, 72, 95, 19, 34, 7, 29, 6, 75, 90, 16, 25, 84, 40, 76, 59, 91, 48, 27, 56, 80, 58, 85, 82, 18, 44, 22, 79, 97, 54, 12, 9, 83, 50, 60, 30, 23, 64, 86, 13, 41, 88, 17, 36, 3, 10, 98, 65, 69, 63, 93, 15, 45, 87, 81, 78];[0, 1, 2, 3, 4, 8, 9, 10, 11, 12, 13, 15, 16, 17, 18, 23, 28, 31, 34, 35, 36, 41, 47, 49, 50, 51, 54, 56, 57, 58, 59, 60, 62, 64, 65, 66, 68, 69, 70, 71, 72, 74, 76, 81, 82, 84, 85, 86, 87, 91, 92, 93, 94, 95, 96, 97, 98, 99]"
10269.362827,-21838.000000,"[0, 57, 4, 1, 42, 71, 67, 8, 74, 43, 77, 47, 33, 20, 32, 70, 11, 94, 66, 52, 62, 61, 26, 2, 73, 14, 28, 51, 89, 99, 37, 21, 96, 53, 5, 55, 24, 35, 54, 97, 79, 22, 44, 18, 82, 85, 58, 80, 56, 12, 9, 38, 31, 92, 68, 46, 49, 39, 72, 95, 19, 34, 7, 83, 27, 48, 41, 13, 86, 64, 23, 30, 60, 50, 91, 59, 76, 40, 84, 25, 29, 6, 75, 90, 16, 17, 36, 3, 10, 88, 98, 65, 69, 63, 93, 15, 45, 87, 81, 78];[64, 1, 65, 3, 68, 69, 70, 71, 8, 72, 10, 12, 13, 78, 15, 16, 17, 81, 18, 82, 84, 23, 87, 28, 92, 97, 34, 98, 99, 36, 49, 56, 57, 58, 63]"
12188.777567,-29828.000000,"[0, 11, 70, 32, 20, 33, 47, 77, 43, 74, 8, 67, 71, 42, 1, 4, 57, 94, 66, 52, 62, 61, 26, 2, 73, 14, 28, 51, 89, 37, 21, 96, 99, 53, 5, 55, 24, 35, 38, 31, 92, 68, 46, 49, 39, 72, 95, 19, 34, 7, 29, 6, 75, 90, 16, 25, 84, 40, 76, 59, 91, 60, 50, 83, 56, 80, 58, 85, 82, 18, 44, 22, 79, 97, 54, 12, 9, 27, 48, 30, 23, 64, 86, 13, 41, 88, 17, 36, 3, 10, 98, 65, 69, 63, 93, 15, 45, 87, 81, 78];[1, 3, 4, 8, 9, 10, 12, 13, 15, 16, 17, 18, 23, 28, 31, 34, 35, 36, 41, 48, 49, 50, 51, 54, 56, 57, 58, 59, 60, 63, 64, 65, 68, 69, 70, 71, 72, 78, 81, 82, 84, 85, 86, 87, 92, 93, 94, 95, 97, 98, 99]"
10357.061935,-22589.000000,"[0, 57, 4, 1, 42, 71, 67, 8, 74, 43, 77, 47, 33, 20, 32, 70, 11, 94, 66, 52, 62, 61, 26, 2, 73, 14, 28, 51, 89, 99, 37, 21, 96, 53, 5, 55, 24, 35, 54, 97, 79, 22, 44, 18, 82, 85, 58, 80, 56, 12, 9, 38, 31, 92, 68, 46, 49, 39, 72, 95, 19, 34, 7, 83, 27, 48, 41, 13, 86, 64, 23, 30, 60, 50, 91, 59, 76, 40, 84, 25, 29, 6, 75, 90, 16, 17, 36, 3, 10, 88, 98, 65, 69, 63, 93, 15, 45, 87, 81, 78];[64, 1, 65, 3, 68, 69, 70, 71, 8, 72, 10, 12, 13, 78, 15, 16, 17, 81, 18, 82, 84, 23, 87, 28, 92, 93, 94, 95, 97, 34, 98, 99, 36, 49, 56, 57, 58, 63]"
9328.547016,-11058.000000,"[0, 57, 4, 1, 42, 71, 67, 8, 74, 43, 77, 47, 33, 20, 32, 70, 11, 94, 66, 52, 62, 61, 26, 2, 73, 14, 28, 51, 89, 99, 37, 21, 96, 53, 5, 55, 24, 35, 54, 97, 79, 22, 44, 18, 82, 85, 58, 80, 56, 12, 9, 38, 31, 92, 68, 46, 49, 39, 72, 95, 19, 34, 7, 83, 27, 48, 41, 13, 86, 64, 23, 30, 60, 50, 91, 59, 76, 40, 84, 25, 29, 6, 75, 90, 16, 17, 36, 3, 10, 88, 98, 65, 69, 63, 93, 15, 45, 87, 81, 78];[64, 1, 65, 68, 69, 70, 71, 72, 10, 12, 78, 15, 16, 81, 82, 84, 87, 92, 63]"
10939.354633,-25499.000000,"[0, 11, 70, 32, 20, 33, 47, 77, 43, 74, 8, 67, 71, 42, 1, 4, 57, 94, 66, 52, 62, 61, 26, 2, 73, 14, 28, 51, 89, 37, 21, 96, 99, 53, 5, 55, 24, 35, 38, 31, 92, 68, 46, 49, 39, 72, 95, 19, 34, 7, 29, 6, 75, 90, 16, 25, 84, 40, 76, 59, 91, 60, 50, 83, 9, 12, 54, 97, 79, 22, 44, 18, 82, 85, 58, 80, 56, 27, 48, 30, 23, 64, 86, 13, 41, 88, 17, 36, 3, 10, 98, 65, 69, 63, 93, 15, 45, 87, 81, 78];[64, 1, 65, 66, 68, 69, 70, 71, 8, 72, 10, 12, 13, 78, 15, 16, 17, 81, 18, 82, 84, 85, 86, 23, 87, 91, 28, 92, 93, 94, 95, 97, 34, 98, 99, 36, 41, 49, 56, 57, 58, 63]"
13911.178376,-33222.000000,"[0, 11, 70, 32, 20, 33, 47, 77, 43, 74, 8, 67, 71, 42, 1, 4, 57, 94, 66, 52, 62, 61, 26, 2, 73, 14, 28, 51, 89, 37, 21, 96, 99, 53, 5, 55, 24, 35, 38, 31, 92, 68, 46, 49, 39, 72, 95, 19, 34, 7, 29, 6, 75, 90, 16, 25, 84, 40, 76, 59, 91, 60, 50, 83, 9, 12, 54, 97, 79, 22, 44, 18, 82, 85, 58, 80, 56, 27, 48, 30, 23, 64, 86, 13, 41, 88, 17, 36, 3, 10, 98, 65, 69, 63, 93, 15, 45, 87, 81, 78];[0, 1, 3, 4, 8, 9, 10, 12, 13, 15, 16, 17, 18, 23, 28, 31, 34, 35, 36, 41, 48, 49, 50, 51, 54, 56, 57, 58, 59, 60, 63, 64, 65, 66, 68, 69, 70, 71, 72, 74, 78, 81, 82, 84, 85, 86, 87, 91, 92, 93, 94, 97, 98, 99]"
17275.396252,-35629.000000,"[0, 11, 70, 32, 20, 33, 47, 77, 43, 74, 8, 67, 71, 42, 1, 4, 57, 94, 66, 52, 62, 61, 26, 2, 73, 14, 28, 51, 89, 37, 21, 96, 99, 53, 5, 55, 24, 35, 38, 31, 92, 68, 46, 49, 39, 72, 95, 19, 34, 7, 29, 6, 75, 90, 16, 25, 84, 40, 76, 59, 91, 48, 27, 56, 80, 58, 85, 82, 18, 44, 22, 79, 97, 54, 12, 9, 83, 50, 60, 30, 23, 64, 86, 13, 41, 88, 17, 36, 3, 10, 98, 65, 69, 63, 93, 15, 45, 87, 81, 78];[0, 1, 2, 3, 4, 8, 9, 10, 11, 12, 13, 15, 16, 17, 18, 23, 28, 31, 34, 35, 36, 40, 41, 47, 49, 50, 51, 54, 56, 57, 58, 59, 60, 62, 64, 65, 66, 68, 69, 70, 71, 72, 74, 76, 81, 82, 84, 85, 86, 87, 91, 92, 93, 94, 95, 97, 98, 99]"
10063.155217,-20174.000000,"[0, 57, 4, 1, 42, 71, 67, 8, 74, 43, 77, 47, 33, 20, 32, 70, 11, 94, 66, 52, 62, 61, 26, 2, 73, 14, 28, 51, 89, 99, 37, 21, 96, 53, 5, 55, 24, 35, 54, 97, 79, 22, 44, 18, 82, 85, 58, 80, 56, 12, 9, 38, 31, 92, 68, 46, 49, 39, 72, 95, 19, 34, 7, 83, 27, 48, 41, 13, 86, 64, 23, 30, 60, 50, 91, 59, 76, 40, 84, 25, 29, 6, 75, 90, 16, 17, 36, 3, 10, 88, 98, 65, 69, 63, 93, 15, 45, 87, 81, 78];[64, 1, 65, 3, 68, 69, 70, 71, 8, 72, 10, 12, 13, 78, 15, 16, 17, 81, 18, 82, 84, 23, 87, 28, 92, 34, 36, 41, 49, 56, 57, 58, 63]"
13374.914917,-32548.000000,"[0, 11, 70, 32, 20, 33, 47, 77, 43, 74, 8, 67, 71, 42, 1, 4, 57, 94, 66, 52, 62, 61, 26, 2, 73, 14, 28, 51, 89, 37, 21, 96, 99, 53, 5, 55, 24, 35, 38, 31, 92, 68, 46, 49, 39, 72, 95, 19, 34, 7, 29, 6, 75, 90, 16, 25, 84, 40, 76, 59, 91, 60, 50, 83, 56, 80, 58, 85, 82, 18, 44, 22, 79, 97, 54, 12, 9, 27, 48, 30, 23, 64, 86, 13, 41, 88, 17, 36, 3, 10, 98, 65, 69, 63, 93, 15, 45, 87, 81, 78];[1, 3, 4, 8, 9, 10, 12, 13, 15, 16, 17, 18, 23, 28, 31, 34, 35, 36, 41, 48, 49, 50, 51, 54, 56, 57, 58, 59, 60, 63, 64, 65, 66, 68, 69, 70, 71, 72, 74, 78, 81, 82, 84, 85, 86, 87, 91, 92, 93, 94, 97, 98, 99]"
13339.124483,-32367.000000,"[0, 11, 70, 32, 20, 33, 47, 77, 43, 74, 8, 67, 71, 42, 1, 4, 57, 94, 66, 52, 62, 61, 26, 2, 73, 14, 28, 51, 89, 37, 21, 96, 99, 53, 5, 55, 24, 35, 38, 31, 92, 68, 46, 49, 39, 72, 95, 19, 34, 7, 29, 6, 75, 90, 16, 25, 84, 40, 76, 59, 91, 60, 50, 83, 9, 12, 54, 97, 79, 22, 44, 18, 82, 85, 58, 80, 56, 27, 48, 30, 23, 64, 86, 13, 41, 88, 17, 36, 3, 10, 98, 65, 69, 63, 93, 15, 45, 87, 81, 78];[1, 3, 4, 8, 9, 10, 12, 13, 15, 16, 17, 18, 23, 28, 31, 34, 35, 36, 41, 48, 49, 50, 51, 56, 57, 58, 59, 60, 63, 64, 65, 66, 68, 69, 70, 71, 72, 74, 78, 81, 82, 84, 85, 86, 87, 91, 92, 93, 94, 95, 96, 97, 98, 99]"
9220.758114,-7867.000000,"[0, 57, 4, 1, 42, 71, 67, 8, 74, 43, 77, 47, 33, 20, 32, 70, 11, 94, 66, 52, 62, 61, 26, 2, 73, 14, 28, 51, 89, 99, 37, 21, 96, 53, 5, 55, 24, 35, 54, 97, 79, 22, 44, 18, 82, 85, 58, 80, 56, 12, 9, 38, 31, 92, 68, 46, 49, 39, 72, 95, 19, 34, 7, 83, 27, 48, 41, 13, 86, 64, 23, 30, 60, 50, 91, 59, 76, 40, 84, 25, 29, 6, 75, 90, 16, 17, 36, 3, 10, 88, 98, 65, 69, 63, 93, 15, 45, 87, 81, 78];[1, 34, 69, 70, 71, 12, 15, 16, 81, 82, 84, 87, 92]"
10327.320801,-22298.000000,"[0, 57, 4, 1, 42, 71, 67, 8, 74, 43, 77, 47, 33, 20, 32, 70, 11, 94, 66, 52, 62, 61, 26, 2, 73, 14, 28, 51, 89, 99, 37, 21, 96, 53, 5, 55, 24, 35, 54, 97, 79, 22, 44, 18, 82, 85, 58, 80, 56, 12, 9, 38, 31, 92, 68, 46, 49, 39, 72, 95, 19, 34, 7, 83, 27, 48, 41, 13, 86, 64, 23, 30, 60, 50, 91, 59, 76, 40, 84, 25, 29, 6, 75, 90, 16, 17, 36, 3, 10, 88, 98, 65, 69, 63, 93, 15, 45, 87, 81, 78];[64, 1, 65, 68, 69, 70, 71, 8, 72, 10, 12, 13, 78, 15, 16, 17, 81, 18, 82, 84, 23, 87, 28, 92, 93, 94, 95, 97, 34, 98, 99, 36, 49, 56, 57, 58, 63]"
11560.013177,-28360.000000,"[0, 11, 70, 32, 20, 33, 47, 77, 43, 74, 8, 67, 71, 42, 1, 4, 57, 94, 66, 52, 62, 61, 26, 2, 73, 14, 28, 51, 89, 37, 21, 96, 99, 53, 5, 55, 24, 35, 38, 31, 92, 68, 46, 49, 39, 72, 95, 19, 34, 7, 29, 6, 75, 90, 16, 25, 84, 40, 76, 59, 91, 60, 50, 83, 9, 12, 54, 97, 79, 22, 44, 18, 82, 85, 58, 80, 56, 27, 48, 30, 23, 64, 86, 13, 41, 88, 17, 36, 3, 10, 98, 65, 69, 63, 93, 15, 45, 87, 81, 78];[64, 1, 65, 66, 3, 4, 68, 69, 70, 71, 8, 72, 9, 10, 12, 13, 78, 15, 16, 17, 81, 18, 82, 84, 85, 86, 23, 87, 91, 28, 92, 93, 94, 31, 95, 97, 34, 98, 35, 99, 36, 49, 56, 57, 58, 63]"
16240.345786,-35281.000000,"[0, 11, 70, 32, 20, 33, 47, 77, 43, 74, 8, 67, 71, 42, 1, 4, 57, 94, 66, 52, 62, 61, 26, 2, 73, 14, 28, 51, 89, 37, 21, 96, 99, 53, 5, 55, 24, 35, 38, 31, 92, 68, 46, 49, 39, 72, 95, 19, 34, 7, 29, 6, 75, 90, 16, 25, 84, 40, 76, 59, 91, 60, 50, 83, 56, 80, 58, 85, 82, 18, 44, 22, 79, 97, 54, 12, 9, 27, 48, 30, 23, 64, 86, 13, 41, 88, 17, 36, 3, 10, 98, 65, 69, 63, 93, 15, 45, 87, 81, 78];[0, 1, 2, 3, 4, 8, 9, 10, 11, 12, 13, 15, 16, 17, 18, 23, 28, 31, 34, 35, 36, 41, 48, 49, 50, 51, 54, 56, 57, 58, 59, 60, 62, 63, 64, 65, 66, 68, 69, 70, 71, 72, 74, 78, 81, 82, 84, 85, 86, 87, 91, 92, 93, 94, 95, 97, 98, 99]"
10976.378097,-25790.000000,"[0, 11, 70, 32, 20, 33, 47, 77, 43, 74, 8, 67, 71, 42, 1, 4, 57, 94, 66, 52, 62, 61, 26, 2, 73, 14, 28, 51, 89, 37, 21, 96, 99, 53, 5, 55, 24, 35, 38, 31, 92, 68, 46, 49, 39, 72, 95, 19, 34, 7, 29, 6, 75, 90, 16, 25, 84, 40, 76, 59, 91, 60, 50, 83, 9, 12, 54, 97, 79, 22, 44, 18, 82, 85, 58, 80, 56, 27, 48, 30, 23, 64, 86, 13, 41, 88, 17, 36, 3, 10, 98, 65, 69, 63, 93, 15, 45, 87, 81, 78];[64, 1, 65, 66, 3, 68, 69, 70, 71, 8, 72, 10, 12, 13, 78, 15, 16, 17, 81, 18, 82, 84, 85, 86, 23, 87, 91, 28, 92, 93, 94, 95, 97, 34, 98, 99, 36, 41, 49, 56, 57, 58, 63]"
11511.366599,-28236.000000,"[0, 11, 70, 32, 20, 33, 47, 77, 43, 74, 8, 67, 71, 42, 1, 4, 57, 94, 66, 52, 62, 61, 26, 2, 73, 14, 28, 51, 89, 37, 21, 96, 99, 53, 5, 55, 24, 35, 38, 31, 92, 68, 46, 49, 39, 72, 95, 19, 34, 7, 29, 6, 75, 90, 16, 25, 84, 40, 76, 59, 91, 60, 50, 83, 9, 12, 54, 97, 79, 22, 44, 18, 82, 85, 58, 80, 56, 27, 48, 30, 23, 64, 86, 13, 41, 88, 17, 36, 3, 10, 98, 65, 69, 63, 93, 15, 45, 87, 81, 78];[64, 1, 65, 66, 3, 4, 68, 69, 70, 71, 8, 72, 9, 10, 12, 13, 78, 15, 16, 17, 81, 18, 82, 84, 85, 86, 23, 87, 91, 28, 92, 93, 94, 31, 95, 97, 34, 98, 99, 36, 41, 49, 56, 57, 58, 63]"
9035.921606,-1198.000000,"[0, 57, 4, 1, 42, 71, 67, 8, 74, 43, 77, 47, 33, 20, 32, 70, 11, 94, 66, 52, 62, 61, 26, 2, 73, 14, 28, 51, 89, 99, 37, 21, 96, 53, 5, 55, 24, 35, 54, 97, 79, 22, 44, 18, 82, 85, 58, 80, 56, 12, 9, 38, 31, 92, 68, 46, 49, 39, 72, 95, 19, 34, 7, 83, 27, 48, 41, 13, 86, 64, 23, 30, 60, 50, 91, 59, 76, 40, 84, 25, 29, 6, 75, 90, 16, 17, 36, 3, 10, 88, 98, 65, 69, 63, 93, 15, 45, 87, 81, 78];[16, 12, 15]"
9336.415646,-11400.000000,"[0, 57, 4, 1, 42, 71, 67, 8, 74, 43, 77, 47, 33, 20, 32, 70, 11, 94, 66, 52, 62, 61, 26, 2, 73, 14, 28, 51, 89, 99, 37, 21, 96, 53, 5, 55, 24, 35, 54, 97, 79, 22, 44, 18, 82, 85, 58, 80, 56, 12, 9, 38, 31, 92, 68, 46, 49, 39, 72, 95, 19, 34, 7, 83, 27, 48, 41, 13, 86, 64, 23, 30, 60, 50, 91, 59, 76, 40, 84, 25, 29, 6, 75, 90, 16, 17, 36, 3, 10, 88, 98, 65, 69, 63, 93, 15, 45, 87, 81, 78];[64, 1, 65, 68, 69, 70, 71, 72, 10, 12, 78, 15, 16, 81, 82, 84, 87, 92, 93, 63]"
14012.536221,-33293.000000,"[0, 11, 70, 32, 20, 33, 47, 77, 43, 74, 8, 67, 71, 42, 1, 4, 57, 94, 66, 52, 62, 61, 26, 2, 73, 14, 28, 51, 89, 37, 21, 96, 99, 53, 5, 55, 24, 35, 38, 31, 92, 68, 46, 49, 39, 72, 95, 19, 34, 7, 29, 6, 75, 90, 16, 25, 84, 40, 76, 59, 91, 60, 50, 83, 56, 80, 58, 85, 82, 18, 44, 22, 79, 97, 54, 12, 9, 27, 48, 30, 23, 64, 86, 13, 41, 88, 17, 36, 3, 10, 98, 65, 69, 63, 93, 15, 45, 87, 81, 78];[1, 3, 4, 8, 9, 10, 12, 13, 15, 16, 17, 18, 23, 24, 28, 31, 34, 35, 36, 41, 48, 49, 50, 51, 54, 56, 57, 58, 59, 60, 63, 64, 65, 66, 68, 69, 70, 71, 72, 74, 78, 81, 82, 84, 85, 86, 87, 91, 92, 93, 94, 97, 98, 99]"
9112.526485,-5600.000000,"[0, 57, 4, 1, 42, 71, 67, 8, 74, 43, 77, 47, 33, 20, 32, 70, 11, 94, 66, 52, 62, 61, 26, 2, 73, 14, 28, 51, 89, 99, 37, 21, 96, 53, 5, 55, 24, 35, 54, 97, 79, 22, 44, 18, 82, 85, 58, 80, 56, 12, 9, 38, 31, 92, 68, 46, 49, 39, 72, 95, 19, 34, 7, 83, 27, 48, 41, 13, 86, 64, 23, 30, 60, 50, 91, 59, 76, 40, 84, 25, 29, 6, 75, 90, 16, 17, 36, 3, 10, 88, 98, 65, 69, 63, 93, 15, 45, 87, 81, 78];[16, 1, 81, 69, 70, 71, 87, 10, 12, 15]"
9138.825272,-5716.000000,"[0, 57, 4, 1, 42, 71, 67, 8, 74, 43, 77, 47, 33, 20, 32, 70, 11, 94, 66, 52, 62, 61, 26, 2, 73, 14, 28, 51, 89, 99, 37, 21, 96, 53, 5, 55, 24, 35, 54, 97, 79, 22, 44, 18, 82, 85, 58, 80, 56, 12, 9, 38, 31, 92, 68, 46, 49, 39, 72, 95, 19, 34, 7, 83, 27, 48, 41, 13, 86, 64, 23, 30, 60, 50, 91, 59, 76, 40, 84, 25, 29, 6, 75, 90, 16, 17, 36, 3, 10, 88, 98, 65, 69, 63, 93, 15, 45, 87, 81, 78];[16, 1, 81, 69, 70, 71, 10, 12, 13, 15]"
9202.077482,-7575.000000,"[0, 57, 4, 1, 42, 71, 67, 8, 74, 43, 77, 47, 33, 20, 32, 70, 11, 94, 66, 52, 62, 61, 26, 2, 73, 14, 28, 51, 89, 99, 37, 21, 96, 53, 5, 55, 24, 35, 54, 97, 79, 22, 44, 18, 82, 85, 58, 80, 56, 12, 9, 38, 31, 92, 68, 46, 49, 39, 72, 95, 19, 34, 7, 83, 27, 48, 41, 13, 86, 64, 23, 30, 60, 50, 91, 59, 76, 40, 84, 25, 29, 6, 75, 90, 16, 17, 36, 3, 10, 88, 98, 65, 69, 63, 93, 15, 45, 87, 81, 78];[1, 69, 70, 71, 10, 12, 13, 15, 16, 81, 23, 87, 92]"
10675.574134,-24396.000000,"[0, 57, 4, 1, 42, 71, 67, 8, 74, 43, 77, 47, 33, 20, 32, 70, 11, 94, 66, 52, 62, 61, 26, 2, 73, 14, 28, 51, 89, 99, 37, 21, 96, 53, 5, 55, 24, 35, 54, 97, 79, 22, 44, 18, 82, 85, 58, 80, 56, 12, 9, 38, 31, 92, 68, 46, 49, 39, 72, 95, 19, 34, 7, 83, 27, 48, 41, 13, 86, 64, 23, 30, 60, 50, 91, 59, 76, 40, 84, 25, 29, 6, 75, 90, 16, 17, 36, 3, 10, 88, 98, 65, 69, 63, 93, 15, 45, 87, 81, 78];[64, 1, 65, 3, 68, 69, 70, 71, 8, 72, 10, 12, 13, 78, 15, 16, 17, 81, 18, 82, 84, 85, 86, 23, 87, 91, 28, 92, 93, 94, 95, 97, 34, 98, 99, 36, 49, 56, 57, 58, 63]"
15616.792662,-34800.000000,"[0, 11, 70, 32, 20, 33, 47, 77, 43, 74, 8, 67, 71, 42, 1, 4, 57, 94, 66, 52, 62, 61, 26, 2, 73, 14, 28, 51, 89, 37, 21, 96, 99, 53, 5, 55, 24, 35, 38, 31, 92, 68, 46, 49, 39, 72, 95, 19, 34, 7, 29, 6, 75, 90, 16, 25, 84, 40, 76, 59, 91, 60, 50, 83, 56, 80, 58, 85, 82, 18, 44, 22, 79, 97, 54, 12, 9, 27, 48, 30, 23, 64, 86, 13, 41, 88, 17, 36, 3, 10, 98, 65, 69, 63, 93, 15, 45, 87, 81, 78];[0, 1, 2, 3, 4, 8, 9, 10, 12, 13, 15, 16, 17, 18, 22, 23, 24, 28, 31, 34, 35, 36, 41, 48, 49, 50, 51, 54, 56, 57, 58, 59, 60, 63, 64, 65, 66, 68, 69, 70, 71, 72, 74, 78, 81, 82, 84, 85, 86, 87, 91, 92, 93, 94, 97, 98, 99]"
9076.138604,-4496.000000,"[0, 57, 4, 1, 42, 71, 67, 8, 74, 43, 77, 47, 33, 20, 32, 70, 11, 94, 66, 52, 62, 61, 26, 2, 73, 14, 28, 51, 89, 99, 37, 21, 96, 53, 5, 55, 24, 35, 54, 97, 79, 22, 44, 18, 82, 85, 58, 80, 56, 12, 9, 38, 31, 92, 68, 46, 49, 39, 72, 95, 19, 34, 7, 83, 27, 48, 41, 13, 86, 64, 23, 30, 60, 50, 91, 59, 76, 40, 84, 25, 29, 6, 75, 90, 16, 17, 36, 3, 10, 88, 98, 65, 69, 63, 93, 15, 45, 87, 81, 78];[16, 81, 69, 70, 71, 87, 12, 15]"
9942.294161,-19058.000000,"[0, 57, 4, 1, 42, 71, 67, 8, 74, 43, 77, 47, 33, 20, 32, 70, 11, 94, 66, 52, 62, 61, 26, 2, 73, 14, 28, 51, 89, 99, 37, 21, 96, 53, 5, 55, 24, 35, 54, 97, 79, 22, 44, 18, 82, 85, 58, 80, 56, 12, 9, 38, 31, 92, 68, 46, 49, 39, 72, 95, 19, 34, 7, 83, 27, 48, 41, 13, 86, 64, 23, 30, 60, 50, 91, 59, 76, 40, 84, 25, 29, 6, 75, 90, 16, 17, 36, 3, 10, 88, 98, 65, 69, 63, 93, 15, 45, 87, 81, 78];[64, 1, 65, 3, 68, 69, 70, 71, 8, 72, 10, 12, 13, 78, 15, 16, 17, 81, 18, 82, 84, 23, 87, 28, 34, 36, 49, 56, 57, 58, 63]"
13757.820284,-33015.000000,"[0, 11, 70, 32, 20, 33, 47, 77, 43, 74, 8, 67, 71, 42, 1, 4, 57, 94, 66, 52, 62, 61, 26, 2, 73, 14, 28, 51, 89, 37, 21, 96, 99, 53, 5, 55, 24, 35, 38, 31, 92, 68, 46, 49, 39, 72, 95, 19, 34, 7, 29, 6, 75, 90, 16, 25, 84, 40, 76, 59, 91, 60, 50, 83, 56, 80, 58, 85, 82, 18, 44, 22, 79, 97, 54, 12, 9, 27, 48, 30, 23, 64, 86, 13, 41, 88, 17, 36, 3, 10, 98, 65, 69, 63, 93, 15, 45, 87, 81, 78];[1, 3, 4, 8, 9, 10, 12, 13, 15, 16, 17, 18, 21, 23, 28, 31, 34, 35, 36, 41, 48, 49, 50, 51, 54, 56, 57, 58, 59, 60, 63, 64, 65, 66, 68, 69, 70, 71, 72, 74, 78, 81, 82, 84, 85, 86, 87, 91, 92, 93, 94, 95, 96, 97, 98, 99]"
9950.136397,-19471.000000,"[0, 57, 4, 1, 42, 71, 67, 8, 74, 43, 77, 47, 33, 20, 32, 70, 11, 94, 66, 52, 62, 61, 26, 2, 73, 14, 28, 51, 89, 99, 37, 21, 96, 53, 5, 55, 24, 35, 54, 97, 79, 22, 44, 18, 82, 85, 58, 80, 56, 12, 9, 38, 31, 92, 68, 46, 49, 39, 72, 95, 19, 34, 7, 83, 27, 48, 41, 13, 86, 64, 23, 30, 60, 50, 91, 59, 76, 40, 84, 25, 29, 6, 75, 90, 16, 17, 36, 3, 10, 88, 98, 65, 69, 63, 93, 15, 45, 87, 81, 78];[64, 1, 65, 68, 69, 70, 71, 8, 72, 10, 12, 13, 78, 15, 16, 17, 81, 18, 82, 84, 23, 87, 28, 92, 34, 36, 49, 56, 57, 58, 63]"
13687.263828,-32873.000000,"[0, 11, 70, 32, 20, 33, 47, 77, 43, 74, 8, 67, 71, 42, 1, 4, 57, 94, 66, 52, 62, 61, 26, 2, 73, 14, 28, 51, 89, 37, 21, 96, 99, 53, 5, 55, 24, 35, 38, 31, 92, 68, 46, 49, 39, 72, 95, 19, 34, 7, 29, 6, 75, 90, 16, 25, 84, 40, 76, 59, 91, 60, 50, 83, 56, 80, 58, 85, 82, 18, 44, 22, 79, 97, 54, 12, 9, 27, 48, 30, 23, 64, 86, 13, 41, 88, 17, 36, 3, 10, 98, 65, 69, 63, 93, 15, 45, 87, 81, 78];[1, 3, 4, 8, 9, 10, 12, 13, 15, 16, 17, 18, 23, 28, 31, 34, 35, 36, 41, 48, 49, 50, 51, 54, 56, 57, 58, 62, 63, 64, 65, 66, 68, 69, 70, 71, 72, 74, 78, 81, 82, 84, 85, 86, 87, 91, 92, 93, 94, 95, 97, 98, 99]"
9974.154366,-19762.000000,"[0, 57, 4, 1, 42, 71, 67, 8, 74, 43, 77, 47, 33, 20, 32, 70, 11, 94, 66, 52, 62, 61, 26, 2, 73, 14, 28, 51, 89, 99, 37, 21, 96, 53, 5, 55, 24, 35, 54, 97, 79, 22, 44, 18, 82, 85, 58, 80, 56, 12, 9, 38, 31, 92, 68, 46, 49, 39, 72, 95, 19, 34, 7, 83, 27, 48, 41, 13, 86, 64, 23, 30, 60, 50, 91, 59, 76, 40, 84, 25, 29, 6, 75, 90, 16, 17, 36, 3, 10, 88, 98, 65, 69, 63, 93, 15, 45, 87, 81, 78];[64, 1, 65, 3, 68, 69, 70, 71, 8, 72, 10, 12, 13, 78, 15, 16, 17, 81, 18, 82, 84, 23, 87, 28, 92, 34, 36, 49, 56, 57, 58, 63]"
