9028.490347,-6638.000000,"[0, 4, 81, 78, 87, 45, 15, 1, 42, 71, 20, 73, 33, 47, 8, 67, 13, 86, 64, 23, 30, 48, 27, 50, 60, 91, 41, 69, 63, 93, 98, 65, 10, 3, 17, 36, 88, 16, 90, 75, 6, 29, 25, 84, 40, 59, 76, 7, 34, 19, 95, 72, 39, 49, 46, 68, 92, 31, 38, 54, 83, 12, 9, 56, 80, 58, 74, 43, 77, 18, 44, 82, 85, 97, 35, 24, 55, 5, 53, 96, 79, 22, 21, 37, 89, 99, 51, 28, 14, 2, 26, 61, 32, 70, 11, 94, 62, 52, 66, 57];[1, 70, 71, 72, 12, 82, 21, 56, 57, 58, 28, 92]"
21019.971095,-36339.000000,"[0, 26, 61, 2, 14, 28, 89, 51, 99, 21, 37, 77, 43, 74, 18, 22, 44, 82, 85, 79, 96, 53, 5, 55, 24, 35, 97, 80, 58, 56, 12, 9, 48, 91, 50, 60, 27, 83, 54, 38, 31, 92, 68, 46, 39, 49, 72, 95, 19, 7, 34, 76, 59, 40, 84, 25, 29, 6, 75, 16, 90, 88, 36, 17, 3, 10, 98, 65, 63, 69, 41, 93, 42, 1, 15, 45, 87, 78, 81, 4, 71, 67, 13, 30, 23, 64, 86, 8, 47, 33, 73, 20, 32, 70, 94, 11, 62, 52, 66, 57];[0, 1, 2, 3, 4, 8, 9, 10, 11, 12, 13, 15, 16, 17, 18, 23, 24, 28, 31, 34, 35, 36, 37, 47, 49, 50, 51, 54, 56, 57, 58, 59, 60, 62, 64, 65, 66, 68, 69, 70, 71, 72, 73, 74, 76, 81, 82, 84, 85, 86, 91, 92, 93, 94, 96, 97, 98, 99]"
19639.923028,-36177.000000,"[0, 26, 61, 2, 14, 28, 89, 51, 99, 21, 37, 77, 43, 74, 18, 22, 44, 82, 85, 79, 96, 53, 5, 55, 24, 35, 97, 80, 58, 56, 12, 9, 48, 91, 50, 60, 27, 83, 54, 38, 31, 92, 68, 46, 39, 49, 72, 95, 19, 7, 34, 76, 59, 40, 84, 25, 29, 6, 75, 16, 90, 88, 36, 17, 3, 10, 98, 65, 63, 69, 41, 93, 42, 1, 15, 45, 87, 78, 81, 4, 71, 67, 13, 30, 23, 64, 86, 8, 47, 33, 73, 20, 32, 70, 94, 11, 62, 52, 66, 57];[0, 1, 2, 4, 8, 9, 10, 11, 12, 13, 15, 16, 17, 18, 20, 23, 24, 28, 31, 34, 35, 36, 42, 47, 49, 50, 51, 56, 57, 58, 59, 60, 62, 64, 65, 66, 68, 69, 70, 71, 72, 73, 74, 76, 81, 82, 84, 85, 86, 91, 92, 93, 94, 95, 96, 97, 98, 99]"
19374.549169,-36093.000000,"[0, 26, 61, 2, 14, 28, 89, 51, 99, 21, 37, 77, 43, 74, 18, 22, 44, 82, 85, 79, 96, 53, 5, 55, 24, 35, 97, 80, 58, 56, 12, 9, 48, 91, 50, 60, 27, 83, 54, 38, 31, 92, 68, 46, 39, 49, 72, 95, 19, 7, 34, 76, 59, 40, 84, 25, 29, 6, 75, 16, 90, 88, 36, 17, 3, 10, 98, 65, 63, 69, 41, 93, 42, 1, 15, 45, 87, 78, 81, 4, 71, 67, 13, 30, 23, 64, 86, 8, 47, 33, 73, 20, 32, 70, 94, 11, 62, 52, 66, 57];[0, 1, 2, 3, 4, 8, 9, 10, 11, 12, 13, 15, 16, 17, 18, 20, 23, 24, 28, 31, 34, 35, 36, 42, 47, 49, 50, 51, 56, 57, 58, 59, 60, 62, 64, 65, 66, 68, 69, 70, 71, 72, 73, 74, 76, 81, 82, 84, 85, 86, 91, 92, 93, 94, 95, 97, 98, 99]"
18624.293405,-36068.000000,"[0, 57, 66, 52, 62, 94, 11, 70, 32, 61, 26, 2, 14, 28, 51, 99, 89, 37, 21, 22, 79, 96, 53, 5, 55, 24, 35, 97, 85, 82, 44, 18, 77, 43, 74, 58, 80, 56, 9, 12, 83, 54, 38, 31, 92, 68, 46, 49, 39, 72, 95, 19, 34, 7, 76, 59, 40, 84, 25, 29, 6, 75, 90, 16, 88, 36, 17, 3, 10, 65, 98, 93, 63, 69, 41, 91, 60, 50, 27, 48, 30, 23, 64, 86, 13, 67, 8, 47, 33, 73, 20, 71, 42, 1, 15, 45, 87, 78, 81, 4];[0, 1, 2, 4, 8, 9, 10, 11, 12, 13, 15, 16, 17, 18, 20, 23, 28, 31, 34, 35, 36, 40, 42, 47, 49, 50, 51, 56, 57, 58, 59, 60, 62, 64, 65, 66, 68, 69, 70, 71, 72, 73, 74, 76, 81, 82, 84, 85, 86, 87, 91, 92, 93, 94, 95, 97, 98, 99]"
9652.126914,-17791.000000,"[0, 57, 66, 52, 62, 94, 11, 70, 32, 61, 26, 2, 14, 28, 51, 99, 89, 37, 21, 22, 79, 96, 53, 5, 55, 24, 35, 97, 85, 82, 44, 18, 77, 43, 74, 58, 80, 56, 9, 12, 83, 54, 38, 31, 92, 68, 46, 49, 39, 72, 95, 19, 34, 7, 76, 59, 40, 84, 25, 29, 6, 75, 90, 16, 88, 36, 17, 3, 10, 65, 98, 93, 63, 69, 41, 91, 60, 50, 27, 48, 30, 23, 64, 86, 13, 67, 8, 47, 33, 73, 20, 71, 42, 1, 15, 45, 87, 78, 81, 4];[64, 1, 65, 4, 68, 69, 70, 71, 8, 72, 73, 12, 13, 78, 15, 16, 17, 81, 82, 20, 84, 23, 87, 28, 92, 42, 56, 58]"
9627.471314,-16876.000000,"[0, 57, 66, 52, 62, 94, 11, 70, 32, 61, 26, 2, 14, 28, 51, 99, 89, 37, 21, 22, 79, 96, 53, 5, 55, 24, 35, 97, 85, 82, 44, 18, 77, 43, 74, 58, 80, 56, 9, 12, 83, 54, 38, 31, 92, 68, 46, 49, 39, 72, 95, 19, 34, 7, 76, 59, 40, 84, 25, 29, 6, 75, 90, 16, 88, 36, 17, 3, 10, 65, 98, 93, 63, 69, 41, 91, 60, 50, 27, 48, 30, 23, 64, 86, 13, 67, 8, 47, 33, 73, 20, 71, 42, 1, 15, 45, 87, 78, 81, 4];[64, 1, 65, 4, 68, 69, 70, 71, 8, 72, 73, 12, 13, 78, 15, 16, 81, 82, 84, 87, 28, 92, 99, 42, 50, 56, 58]"
9031.968693,-7620.000000,"[0, 4, 81, 78, 87, 45, 15, 1, 42, 71, 20, 73, 33, 47, 8, 67, 13, 86, 64, 23, 30, 48, 27, 50, 60, 91, 41, 69, 63, 93, 98, 65, 10, 3, 17, 36, 88, 16, 90, 75, 6, 29, 25, 84, 40, 59, 76, 7, 34, 19, 95, 72, 39, 49, 46, 68, 92, 31, 38, 54, 83, 12, 9, 56, 80, 58, 74, 43, 77, 18, 44, 82, 85, 97, 35, 24, 55, 5, 53, 96, 79, 22, 21, 37, 89, 99, 51, 28, 14, 2, 26, 61, 32, 70, 11, 94, 62, 52, 66, 57];[1, 66, 70, 71, 72, 12, 82, 21, 56, 57, 58, 28, 92]"
9119.739259,-9869.000000,"[0, 4, 81, 78, 87, 45, 15, 1, 42, 71, 20, 73, 33, 47, 8, 67, 13, 86, 64, 23, 30, 48, 27, 50, 60, 91, 41, 69, 63, 93, 98, 65, 10, 3, 17, 36, 88, 16, 90, 75, 6, 29, 25, 84, 40, 59, 76, 7, 34, 19, 95, 72, 39, 49, 46, 68, 92, 31, 38, 54, 83, 12, 9, 56, 80, 58, 74, 43, 77, 18, 44, 82, 85, 97, 35, 24, 55, 5, 53, 96, 79, 22, 21, 37, 89, 99, 51, 28, 14, 2, 26, 61, 32, 70, 11, 94, 62, 52, 66, 57];[1, 2, 66, 70, 71, 72, 12, 82, 84, 21, 56, 57, 26, 58, 28, 92, 94]"
12640.464553,-30529.000000,"[0, 57, 66, 52, 62, 94, 11, 70, 32, 61, 26, 2, 14, 28, 51, 99, 89, 37, 21, 22, 79, 96, 53, 5, 55, 24, 35, 97, 85, 82, 44, 18, 77, 43, 74, 58, 80, 56, 9, 12, 83, 54, 38, 31, 92, 68, 46, 49, 39, 72, 95, 19, 34, 7, 76, 59, 40, 84, 25, 29, 6, 75, 90, 16, 88, 36, 17, 3, 10, 65, 98, 93, 63, 69, 41, 91, 60, 50, 27, 48, 30, 23, 64, 86, 13, 67, 8, 47, 33, 73, 20, 71, 42, 1, 15, 45, 87, 78, 81, 4];[1, 4, 8, 9, 10, 12, 13, 15, 16, 17, 18, 20, 23, 28, 31, 34, 35, 36, 42, 47, 49, 50, 51, 56, 57, 58, 64, 65, 66, 68, 69, 70, 71, 72, 73, 78, 81, 82, 84, 85, 86, 87, 91, 92, 93, 94, 95, 98, 99]"
14835.985464,-33782.000000,"[0, 57, 66, 52, 62, 94, 11, 70, 32, 61, 26, 2, 14, 28, 51, 99, 89, 37, 21, 22, 79, 96, 53, 5, 55, 24, 35, 97, 85, 82, 44, 18, 77, 43, 74, 58, 80, 56, 9, 12, 83, 54, 38, 31, 92, 68, 46, 49, 39, 72, 95, 19, 34, 7, 76, 59, 40, 84, 25, 29, 6, 75, 90, 16, 88, 36, 17, 3, 10, 65, 98, 93, 63, 69, 41, 91, 60, 50, 27, 48, 30, 23, 64, 86, 13, 67, 8, 47, 33, 73, 20, 71, 42, 1, 15, 45, 87, 78, 81, 4];[1, 4, 8, 9, 10, 12, 13, 15, 16, 17, 18, 20, 23, 28, 31, 34, 35, 36, 40, 42, 47, 49, 50, 51, 56, 57, 58, 59, 60, 64, 65, 66, 67, 68, 69, 70, 71, 72, 73, 74, 78, 81, 82, 84, 85, 86, 87, 91, 92, 93, 94, 95, 97, 98, 99]"
12425.623253,-30084.000000,"[0, 57, 66, 52, 62, 94, 11, 70, 32, 61, 26, 2, 14, 28, 51, 99, 89, 37, 21, 22, 79, 96, 53, 5, 55, 24, 35, 97, 85, 82, 44, 18, 77, 43, 74, 58, 80, 56, 9, 12, 83, 54, 38, 31, 92, 68, 46, 49, 39, 72, 95, 19, 34, 7, 76, 59, 40, 84, 25, 29, 6, 75, 90, 16, 88, 36, 17, 3, 10, 65, 98, 93, 63, 69, 41, 91, 60, 50, 27, 48, 30, 23, 64, 86, 13, 67, 8, 47, 33, 73, 20, 71, 42, 1, 15, 45, 87, 78, 81, 4];[64, 1, 65, 66, 4, 68, 69, 70, 71, 8, 72, 9, 73, 10, 12, 13, 78, 15, 16, 17, 81, 18, 82, 20, 84, 86, 23, 87, 91, 28, 92, 93, 94, 31, 95, 34, 98, 35, 99, 36, 42, 47, 49, 50, 51, 56, 57, 58]"
15192.934042,-34138.000000,"[0, 57, 66, 52, 62, 94, 11, 70, 32, 61, 26, 2, 14, 28, 51, 99, 89, 37, 21, 22, 79, 96, 53, 5, 55, 24, 35, 97, 85, 82, 44, 18, 77, 43, 74, 58, 80, 56, 9, 12, 83, 54, 38, 31, 92, 68, 46, 49, 39, 72, 95, 19, 34, 7, 76, 59, 40, 84, 25, 29, 6, 75, 90, 16, 88, 36, 17, 3, 10, 65, 98, 93, 63, 69, 41, 91, 60, 50, 27, 48, 30, 23, 64, 86, 13, 67, 8, 47, 33, 73, 20, 71, 42, 1, 15, 45, 87, 78, 81, 4];[0, 1, 4, 8, 9, 10, 12, 13, 15, 16, 17, 18, 20, 23, 28, 31, 34, 35, 36, 42, 47, 49, 50, 51, 56, 57, 58, 59, 60, 64, 65, 66, 67, 68, 69, 70, 71, 72, 73, 74, 78, 81, 82, 84, 85, 86, 87, 91, 92, 93, 94, 95, 97, 98, 99]"
18394.594666,-35920.000000,"[0, 57, 66, 52, 62, 94, 11, 70, 32, 61, 26, 2, 14, 28, 51, 99, 89, 37, 21, 22, 79, 96, 53, 5, 55, 24, 35, 97, 85, 82, 44, 18, 77, 43, 74, 58, 80, 56, 9, 12, 83, 54, 38, 31, 92, 68, 46, 49, 39, 72, 95, 19, 34, 7, 76, 59, 40, 84, 25, 29, 6, 75, 90, 16, 88, 36, 17, 3, 10, 65, 98, 93, 63, 69, 41, 91, 60, 50, 27, 48, 30, 23, 64, 86, 13, 67, 8, 47, 33, 73, 20, 71, 42, 1, 15, 45, 87, 78, 81, 4];[0, 1, 2, 4, 8, 9, 10, 11, 12, 13, 15, 16, 17, 18, 20, 23, 28, 31, 34, 35, 36, 40, 42, 47, 49, 50, 51, 56, 57, 58, 59, 60, 62, 64, 65, 66, 68, 69, 70, 71, 72, 73, 74, 81, 82, 84, 85, 86, 87, 91, 92, 93, 94, 96, 97, 98, 99]"
11001.849061,-26106.000000,"[0, 57, 66, 52, 62, 94, 11, 70, 32, 61, 26, 2, 14, 28, 51, 99, 89, 37, 21, 22, 79, 96, 53, 5, 55, 24, 35, 97, 85, 82, 44, 18, 77, 43, 74, 58, 80, 56, 9, 12, 83, 54, 38, 31, 92, 68, 46, 49, 39, 72, 95, 19, 34, 7, 76, 59, 40, 84, 25, 29, 6, 75, 90, 16, 88, 36, 17, 3, 10, 65, 98, 93, 63, 69, 41, 91, 60, 50, 27, 48, 30, 23, 64, 86, 13, 67, 8, 47, 33, 73, 20, 71, 42, 1, 15, 45, 87, 78, 81, 4];[64, 1, 65, 66, 4, 68, 69, 70, 71, 8, 72, 73, 12, 13, 78, 15, 16, 17, 81, 82, 20, 84, 86, 23, 87, 91, 28, 92, 93, 94, 31, 34, 36, 42, 47, 49, 50, 56, 57, 58]"
9354.745753,-13596.000000,"[0, 57, 66, 52, 62, 94, 11, 70, 32, 61, 26, 2, 14, 28, 51, 99, 89, 37, 21, 22, 79, 96, 53, 5, 55, 24, 35, 97, 85, 82, 44, 18, 77, 43, 74, 58, 80, 56, 9, 12, 83, 54, 38, 31, 92, 68, 46, 49, 39, 72, 95, 19, 34, 7, 76, 59, 40, 84, 25, 29, 6, 75, 90, 16, 88, 36, 17, 3, 10, 65, 98, 93, 63, 69, 41, 91, 60, 50, 27, 48, 30, 23, 64, 86, 13, 67, 8, 47, 33, 73, 20, 71, 42, 1, 15, 45, 87, 78, 81, 4];[1, 4, 69, 70, 71, 8, 72, 42, 12, 13, 15, 16, 17, 81, 82, 20, 84, 87, 56, 28, 92]"
9288.188405,-12967.000000,"[0, 57, 66, 52, 62, 94, 11, 70, 32, 61, 26, 2, 14, 28, 51, 99, 89, 37, 21, 22, 79, 96, 53, 5, 55, 24, 35, 97, 85, 82, 44, 18, 77, 43, 74, 58, 80, 56, 9, 12, 83, 54, 38, 31, 92, 68, 46, 49, 39, 72, 95, 19, 34, 7, 76, 59, 40, 84, 25, 29, 6, 75, 90, 16, 88, 36, 17, 3, 10, 65, 98, 93, 63, 69, 41, 91, 60, 50, 27, 48, 30, 23, 64, 86, 13, 67, 8, 47, 33, 73, 20, 71, 42, 1, 15, 45, 87, 78, 81, 4];[1, 4, 69, 70, 71, 8, 72, 73, 42, 12, 13, 78, 15, 16, 81, 82, 84, 87, 56, 28, 92]"
14563.915493,-33537.000000,"[0, 57, 66, 52, 62, 94, 11, 70, 32, 61, 26, 2, 14, 28, 51, 99, 89, 37, 21, 22, 79, 96, 53, 5, 55, 24, 35, 97, 85, 82, 44, 18, 77, 43, 74, 58, 80, 56, 9, 12, 83, 54, 38, 31, 92, 68, 46, 49, 39, 72, 95, 19, 34, 7, 76, 59, 40, 84, 25, 29, 6, 75, 90, 16, 88, 36, 17, 3, 10, 65, 98, 93, 63, 69, 41, 91, 60, 50, 27, 48, 30, 23, 64, 86, 13, 67, 8, 47, 33, 73, 20, 71, 42, 1, 15, 45, 87, 78, 81, 4];[1, 4, 8, 9, 10, 12, 13, 15, 16, 17, 18, 20, 23, 28, 31, 34, 35, 36, 42, 47, 48, 49, 50, 51, 56, 57, 58, 59, 60, 64, 65, 66, 68, 69, 70, 71, 72, 73, 74, 78, 81, 82, 84, 85, 86, 87, 91, 92, 93, 94, 95, 97, 98, 99]"
15470.491069,-34224.000000,"[0, 57, 66, 52, 62, 94, 11, 70, 32, 61, 26, 2, 14, 28, 51, 99, 89, 37, 21, 22, 79, 96, 53, 5, 55, 24, 35, 97, 85, 82, 44, 18, 77, 43, 74, 58, 80, 56, 9, 12, 83, 54, 38, 31, 92, 68, 46, 49, 39, 72, 95, 19, 34, 7, 76, 59, 40, 84, 25, 29, 6, 75, 90, 16, 88, 36, 17, 3, 10, 65, 98, 93, 63, 69, 41, 91, 60, 50, 27, 48, 30, 23, 64, 86, 13, 67, 8, 47, 33, 73, 20, 71, 42, 1, 15, 45, 87, 78, 81, 4];[1, 4, 8, 9, 10, 12, 13, 15, 16, 17, 18, 20, 23, 28, 31, 34, 35, 36, 42, 47, 49, 50, 51, 56, 57, 58, 59, 60, 64, 65, 66, 67, 68, 69, 70, 71, 72, 73, 74, 76, 78, 81, 82, 84, 85, 86, 87, 91, 92, 93, 94, 96, 97, 98, 99]"
18114.983055,-35867.000000,"[0, 57, 66, 52, 62, 94, 11, 70, 32, 61, 26, 2, 14, 28, 51, 99, 89, 37, 21, 22, 79, 96, 53, 5, 55, 24, 35, 97, 85, 82, 44, 18, 77, 43, 74, 58, 80, 56, 9, 12, 83, 54, 38, 31, 92, 68, 46, 49, 39, 72, 95, 19, 34, 7, 76, 59, 40, 84, 25, 29, 6, 75, 90, 16, 88, 36, 17, 3, 10, 65, 98, 93, 63, 69, 41, 91, 60, 50, 27, 48, 30, 23, 64, 86, 13, 67, 8, 47, 33, 73, 20, 71, 42, 1, 15, 45, 87, 78, 81, 4];[0, 1, 3, 4, 8, 9, 10, 11, 12, 13, 15, 16, 17, 18, 20, 23, 28, 31, 34, 35, 36, 40, 42, 47, 49, 50, 51, 56, 57, 58, 59, 60, 62, 64, 65, 66, 67, 68, 69, 70, 71, 72, 73, 74, 81, 82, 84, 85, 86, 87, 91, 92, 93, 94, 95, 97, 98, 99]"
9544.810667,-16385.000000,"[0, 57, 66, 52, 62, 94, 11, 70, 32, 61, 26, 2, 14, 28, 51, 99, 89, 37, 21, 22, 79, 96, 53, 5, 55, 24, 35, 97, 85, 82, 44, 18, 77, 43, 74, 58, 80, 56, 9, 12, 83, 54, 38, 31, 92, 68, 46, 49, 39, 72, 95, 19, 34, 7, 76, 59, 40, 84, 25, 29, 6, 75, 90, 16, 88, 36, 17, 3, 10, 65, 98, 93, 63, 69, 41, 91, 60, 50, 27, 48, 30, 23, 64, 86, 13, 67, 8, 47, 33, 73, 20, 71, 42, 1, 15, 45, 87, 78, 81, 4];[1, 65, 4, 68, 69, 70, 71, 8, 72, 73, 12, 13, 15, 16, 17, 81, 82, 20, 84, 87, 28, 92, 42, 56, 58]"
17919.998312,-35776.000000,"[0, 57, 66, 52, 62, 94, 11, 70, 32, 61, 26, 2, 14, 28, 51, 99, 89, 37, 21, 22, 79, 96, 53, 5, 55, 24, 35, 97, 85, 82, 44, 18, 77, 43, 74, 58, 80, 56, 9, 12, 83, 54, 38, 31, 92, 68, 46, 49, 39, 72, 95, 19, 34, 7, 76, 59, 40, 84, 25, 29, 6, 75, 90, 16, 88, 36, 17, 3, 10, 65, 98, 93, 63, 69, 41, 91, 60, 50, 27, 48, 30, 23, 64, 86, 13, 67, 8, 47, 33, 73, 20, 71, 42, 1, 15, 45, 87, 78, 81, 4];[0, 1, 3, 4, 8, 9, 10, 11, 12, 13, 15, 16, 17, 18, 20, 23, 28, 31, 34, 35, 36, 40, 42, 47, 49, 50, 51, 56, 57, 58, 59, 60, 62, 64, 65, 66, 68, 69, 70, 71, 72, 73, 74, 76, 81, 82, 84, 85, 86, 87, 91, 92, 93, 94, 95, 97, 98, 99]"
9424.435140,-14985.000000,"[0, 57, 66, 52, 62, 94, 11, 70, 32, 61, 26, 2, 14, 28, 51, 99, 89, 37, 21, 22, 79, 96, 53, 5, 55, 24, 35, 97, 85, 82, 44, 18, 77, 43, 74, 58, 80, 56, 9, 12, 83, 54, 38, 31, 92, 68, 46, 49, 39, 72, 95, 19, 34, 7, 76, 59, 40, 84, 25, 29, 6, 75, 90, 16, 88, 36, 17, 3, 10, 65, 98, 93, 63, 69, 41, 91, 60, 50, 27, 48, 30, 23, 64, 86, 13, 67, 8, 47, 33, 73, 20, 71, 42, 1, 15, 45, 87, 78, 81, 4];[1, 65, 4, 68, 69, 70, 71, 8, 72, 73, 42, 12, 13, 15, 16, 81, 82, 84, 87, 56, 58, 28, 92]"
9756.610713,-18544.000000,"[0, 57, 66, 52, 62, 94, 11, 70, 32, 61, 26, 2, 14, 28, 51, 99, 89, 37, 21, 22, 79, 96, 53, 5, 55, 24, 35, 97, 85, 82, 44, 18, 77, 43, 74, 58, 80, 56, 9, 12, 83, 54, 38, 31, 92, 68, 46, 49, 39, 72, 95, 19, 34, 7, 76, 59, 40, 84, 25, 29, 6, 75, 90, 16, 88, 36, 17, 3, 10, 65, 98, 93, 63, 69, 41, 91, 60, 50, 27, 48, 30, 23, 64, 86, 13, 67, 8, 47, 33, 73, 20, 71, 42, 1, 15, 45, 87, 78, 81, 4];[1, 65, 4, 68, 69, 70, 71, 8, 72, 73, 12, 13, 15, 16, 17, 81, 82, 20, 84, 23, 87, 28, 92, 42, 47, 49, 56, 58]"
11340.029015,-27131.000000,"[0, 57, 66, 52, 62, 94, 11, 70, 32, 61, 26, 2, 14, 28, 51, 99, 89, 37, 21, 22, 79, 96, 53, 5, 55, 24, 35, 97, 85, 82, 44, 18, 77, 43, 74, 58, 80, 56, 9, 12, 83, 54, 38, 31, 92, 68, 46, 49, 39, 72, 95, 19, 34, 7, 76, 59, 40, 84, 25, 29, 6, 75, 90, 16, 88, 36, 17, 3, 10, 65, 98, 93, 63, 69, 41, 91, 60, 50, 27, 48, 30, 23, 64, 86, 13, 67, 8, 47, 33, 73, 20, 71, 42, 1, 15, 45, 87, 78, 81, 4];[64, 1, 65, 66, 4, 68, 69, 70, 71, 8, 72, 73, 12, 13, 78, 15, 16, 17, 81, 82, 20, 84, 86, 23, 87, 91, 28, 92, 93, 94, 95, 34, 98, 35, 99, 36, 42, 47, 49, 50, 56, 57, 58]"
9052.218528,-8176.000000,"[0, 4, 81, 78, 87, 45, 15, 1, 42, 71, 20, 73, 33, 47, 8, 67, 13, 86, 64, 23, 30, 48, 27, 50, 60, 91, 41, 69, 63, 93, 98, 65, 10, 3, 17, 36, 88, 16, 90, 75, 6, 29, 25, 84, 40, 59, 76, 7, 34, 19, 95, 72, 39, 49, 46, 68, 92, 31, 38, 54, 83, 12, 9, 56, 80, 58, 74, 43, 77, 18, 44, 82, 85, 97, 35, 24, 55, 5, 53, 96, 79, 22, 21, 37, 89, 99, 51, 28, 14, 2, 26, 61, 32, 70, 11, 94, 62, 52, 66, 57];[1, 66, 70, 71, 72, 12, 82, 21, 56, 57, 26, 58, 28, 92]"
15003.404734,-33918.000000,"[0, 57, 66, 52, 62, 94, 11, 70, 32, 61, 26, 2, 14, 28, 51, 99, 89, 37, 21, 22, 79, 96, 53, 5, 55, 24, 35, 97, 85, 82, 44, 18, 77, 43, 74, 58, 80, 56, 9, 12, 83, 54, 38, 31, 92, 68, 46, 49, 39, 72, 95, 19, 34, 7, 76, 59, 40, 84, 25, 29, 6, 75, 90, 16, 88, 36, 17, 3, 10, 65, 98, 93, 63, 69, 41, 91, 60, 50, 27, 48, 30, 23, 64, 86, 13, 67, 8, 47, 33, 73, 20, 71, 42, 1, 15, 45, 87, 78, 81, 4];[1, 4, 8, 9, 10, 12, 13, 15, 16, 17, 18, 20, 23, 28, 31, 34, 35, 36, 42, 47, 49, 50, 51, 56, 57, 58, 59, 60, 64, 65, 66, 67, 68, 69, 70, 71, 72, 73, 74, 76, 78, 81, 82, 84, 85, 86, 87, 91, 92, 93, 94, 95, 97, 98, 99]"
13357.703999,-31899.000000,"[0, 57, 66, 52, 62, 94, 11, 70, 32, 61, 26, 2, 14, 28, 51, 99, 89, 37, 21, 22, 79, 96, 53, 5, 55, 24, 35, 97, 85, 82, 44, 18, 77, 43, 74, 58, 80, 56, 9, 12, 83, 54, 38, 31, 92, 68, 46, 49, 39, 72, 95, 19, 34, 7, 76, 59, 40, 84, 25, 29, 6, 75, 90, 16, 88, 36, 17, 3, 10, 65, 98, 93, 63, 69, 41, 91, 60, 50, 27, 48, 30, 23, 64, 86, 13, 67, 8, 47, 33, 73, 20, 71, 42, 1, 15, 45, 87, 78, 81, 4];[1, 4, 8, 9, 10, 12, 13, 15, 16, 17, 18, 20, 23, 28, 31, 34, 35, 36, 42, 47, 49, 50, 51, 56, 57, 58, 64, 65, 66, 68, 69, 70, 71, 72, 73, 74, 78, 81, 82, 84, 86, 87, 91, 92, 93, 94, 95, 97, 98, 99]"
11148.602346,-26432.000000,"[0, 57, 66, 52, 62, 94, 11, 70, 32, 61, 26, 2, 14, 28, 51, 99, 89, 37, 21, 22, 79, 96, 53, 5, 55, 24, 35, 97, 85, 82, 44, 18, 77, 43, 74, 58, 80, 56, 9, 12, 83, 54, 38, 31, 92, 68, 46, 49, 39, 72, 95, 19, 34, 7, 76, 59, 40, 84, 25, 29, 6, 75, 90, 16, 88, 36, 17, 3, 10, 65, 98, 93, 63, 69, 41, 91, 60, 50, 27, 48, 30, 23, 64, 86, 13, 67, 8, 47, 33, 73, 20, 71, 42, 1, 15, 45, 87, 78, 81, 4];[64, 1, 65, 4, 68, 69, 70, 71, 8, 72, 73, 12, 13, 78, 15, 16, 17, 81, 82, 20, 84, 86, 23, 87, 91, 28, 92, 93, 29, 94, 31, 95, 34, 98, 99, 36, 42, 47, 49, 50, 56, 57, 58]"
13227.114505,-31601.000000,"[0, 57, 66, 52, 62, 94, 11, 70, 32, 61, 26, 2, 14, 28, 51, 99, 89, 37, 21, 22, 79, 96, 53, 5, 55, 24, 35, 97, 85, 82, 44, 18, 77, 43, 74, 58, 80, 56, 9, 12, 83, 54, 38, 31, 92, 68, 46, 49, 39, 72, 95, 19, 34, 7, 76, 59, 40, 84, 25, 29, 6, 75, 90, 16, 88, 36, 17, 3, 10, 65, 98, 93, 63, 69, 41, 91, 60, 50, 27, 48, 30, 23, 64, 86, 13, 67, 8, 47, 33, 73, 20, 71, 42, 1, 15, 45, 87, 78, 81, 4];[1, 4, 8, 9, 10, 12, 13, 15, 16, 17, 18, 20, 23, 28, 31, 34, 35, 36, 40, 42, 47, 49, 50, 51, 56, 57, 58, 59, 64, 65, 66, 68, 69, 70, 71, 72, 73, 74, 78, 81, 82, 84, 86, 87, 91, 92, 93, 94, 95, 98, 99]"
9097.674636,-9286.000000,"[0, 4, 81, 78, 87, 45, 15, 1, 42, 71, 20, 73, 33, 47, 8, 67, 13, 86, 64, 23, 30, 48, 27, 50, 60, 91, 41, 69, 63, 93, 98, 65, 10, 3, 17, 36, 88, 16, 90, 75, 6, 29, 25, 84, 40, 59, 76, 7, 34, 19, 95, 72, 39, 49, 46, 68, 92, 31, 38, 54, 83, 12, 9, 56, 80, 58, 74, 43, 77, 18, 44, 82, 85, 97, 35, 24, 55, 5, 53, 96, 79, 22, 21, 37, 89, 99, 51, 28, 14, 2, 26, 61, 32, 70, 11, 94, 62, 52, 66, 57];[1, 66, 70, 71, 72, 12, 82, 84, 21, 56, 57, 26, 58, 28, 92, 94]"
9073.785680,-8759.000000,"[0, 4, 81, 78, 87, 45, 15, 1, 42, 71, 20, 73, 33, 47, 8, 67, 13, 86, 64, 23, 30, 48, 27, 50, 60, 91, 41, 69, 63, 93, 98, 65, 10, 3, 17, 36, 88, 16, 90, 75, 6, 29, 25, 84, 40, 59, 76, 7, 34, 19, 95, 72, 39, 49, 46, 68, 92, 31, 38, 54, 83, 12, 9, 56, 80, 58, 74, 43, 77, 18, 44, 82, 85, 97, 35, 24, 55, 5, 53, 96, 79, 22, 21, 37, 89, 99, 51, 28, 14, 2, 26, 61, 32, 70, 11, 94, 62, 52, 66, 57];[1, 2, 66, 70, 71, 72, 12, 82, 21, 56, 57, 26, 58, 28, 92]"
15799.596253,-34592.000000,"[0, 57, 66, 52, 62, 94, 11, 70, 32, 61, 26, 2, 14, 28, 51, 99, 89, 37, 21, 22, 79, 96, 53, 5, 55, 24, 35, 97, 85, 82, 44, 18, 77, 43, 74, 58, 80, 56, 9, 12, 83, 54, 38, 31, 92, 68, 46, 49, 39, 72, 95, 19, 34, 7, 76, 59, 40, 84, 25, 29, 6, 75, 90, 16, 88, 36, 17, 3, 10, 65, 98, 93, 63, 69, 41, 91, 60, 50, 27, 48, 30, 23, 64, 86, 13, 67, 8, 47, 33, 73, 20, 71, 42, 1, 15, 45, 87, 78, 81, 4];[0, 1, 4, 8, 9, 10, 12, 13, 15, 16, 17, 18, 20, 23, 28, 31, 34, 35, 36, 42, 47, 49, 50, 51, 56, 57, 58, 59, 60, 64, 65, 66, 67, 68, 69, 70, 71, 72, 73, 74, 76, 78, 81, 82, 84, 85, 86, 87, 91, 92, 93, 94, 95, 97, 98, 99]"
9192.308998,-10566.000000,"[0, 57, 66, 52, 62, 94, 11, 70, 32, 61, 26, 2, 14, 28, 51, 99, 89, 37, 21, 22, 79, 96, 53, 5, 55, 24, 35, 97, 85, 82, 44, 18, 77, 43, 74, 58, 80, 56, 9, 12, 83, 54, 38, 31, 92, 68, 46, 49, 39, 72, 95, 19, 34, 7, 76, 59, 40, 84, 25, 29, 6, 75, 90, 16, 88, 36, 17, 3, 10, 65, 98, 93, 63, 69, 41, 91, 60, 50, 27, 48, 30, 23, 64, 86, 13, 67, 8, 47, 33, 73, 20, 71, 42, 1, 15, 45, 87, 78, 81, 4];[1, 4, 70, 71, 8, 72, 42, 12, 13, 15, 16, 81, 82, 84, 56, 28, 92]"
15600.593814,-34456.000000,"[0, 57, 66, 52, 62, 94, 11, 70, 32, 61, 26, 2, 14, 28, 51, 99, 89, 37, 21, 22, 79, 96, 53, 5, 55, 24, 35, 97, 85, 82, 44, 18, 77, 43, 74, 58, 80, 56, 9, 12, 83, 54, 38, 31, 92, 68, 46, 49, 39, 72, 95, 19, 34, 7, 76, 59, 40, 84, 25, 29, 6, 75, 90, 16, 88, 36, 17, 3, 10, 65, 98, 93, 63, 69, 41, 91, 60, 50, 27, 48, 30, 23, 64, 86, 13, 67, 8, 47, 33, 73, 20, 71, 42, 1, 15, 45, 87, 78, 81, 4];[0, 1, 4, 8, 9, 10, 12, 13, 15, 16, 17, 18, 20, 23, 28, 31, 34, 35, 36, 40, 42, 47, 49, 50, 51, 56, 57, 58, 59, 60, 64, 65, 66, 67, 68, 69, 70, 71, 72, 73, 74, 78, 81, 82, 84, 85, 86, 87, 91, 92, 93, 94, 95, 97, 98, 99]"
11218.191539,-26799.000000,"[0, 57, 66, 52, 62, 94, 11, 70, 32, 61, 26, 2, 14, 28, 51, 99, 89, 37, 21, 22, 79, 96, 53, 5, 55, 24, 35, 97, 85, 82, 44, 18, 77, 43, 74, 58, 80, 56, 9, 12, 83, 54, 38, 31, 92, 68, 46, 49, 39, 72, 95, 19, 34, 7, 76, 59, 40, 84, 25, 29, 6, 75, 90, 16, 88, 36, 17, 3, 10, 65, 98, 93, 63, 69, 41, 91, 60, 50, 27, 48, 30, 23, 64, 86, 13, 67, 8, 47, 33, 73, 20, 71, 42, 1, 15, 45, 87, 78, 81, 4];[64, 1, 65, 66, 4, 68, 69, 70, 71, 8, 72, 73, 12, 13, 15, 16, 17, 81, 82, 20, 84, 86, 23, 87, 91, 28, 92, 93, 94, 31, 95, 34, 98, 36, 42, 47, 49, 50, 56, 57, 58]"
17692.071785,-35633.000000,"[0, 57, 66, 52, 62, 94, 11, 70, 32, 61, 26, 2, 14, 28, 51, 99, 89, 37, 21, 22, 79, 96, 53, 5, 55, 24, 35, 97, 85, 82, 44, 18, 77, 43, 74, 58, 80, 56, 9, 12, 83, 54, 38, 31, 92, 68, 46, 49, 39, 72, 95, 19, 34, 7, 76, 59, 40, 84, 25, 29, 6, 75, 90, 16, 88, 36, 17, 3, 10, 65, 98, 93, 63, 69, 41, 91, 60, 50, 27, 48, 30, 23, 64, 86, 13, 67, 8, 47, 33, 73, 20, 71, 42, 1, 15, 45, 87, 78, 81, 4];[0, 1, 4, 8, 9, 10, 11, 12, 13, 15, 16, 17, 18, 20, 23, 28, 31, 34, 35, 36, 42, 47, 49, 50, 51, 56, 57, 58, 59, 60, 62, 64, 65, 66, 67, 68, 69, 70, 71, 72, 73, 74, 81, 82, 84, 85, 86, 87, 91, 92, 93, 94, 95, 96, 97, 98, 99]"
10187.724057,-22124.000000,"[0, 57, 66, 52, 62, 94, 11, 70, 32, 61, 26, 2, 14, 28, 51, 99, 89, 37, 21, 22, 79, 96, 53, 5, 55, 24, 35, 97, 85, 82, 44, 18, 77, 43, 74, 58, 80, 56, 9, 12, 83, 54, 38, 31, 92, 68, 46, 49, 39, 72, 95, 19, 34, 7, 76, 59, 40, 84, 25, 29, 6, 75, 90, 16, 88, 36, 17, 3, 10, 65, 98, 93, 63, 69, 41, 91, 60, 50, 27, 48, 30, 23, 64, 86, 13, 67, 8, 47, 33, 73, 20, 71, 42, 1, 15, 45, 87, 78, 81, 4];[64, 1, 65, 4, 68, 69, 70, 71, 8, 72, 73, 12, 13, 78, 15, 16, 17, 81, 82, 20, 84, 86, 23, 87, 28, 92, 34, 36, 42, 47, 49, 56, 57, 58]"
11487.277436,-27391.000000,"[0, 57, 66, 52, 62, 94, 11, 70, 32, 61, 26, 2, 14, 28, 51, 99, 89, 37, 21, 22, 79, 96, 53, 5, 55, 24, 35, 97, 85, 82, 44, 18, 77, 43, 74, 58, 80, 56, 9, 12, 83, 54, 38, 31, 92, 68, 46, 49, 39, 72, 95, 19, 34, 7, 76, 59, 40, 84, 25, 29, 6, 75, 90, 16, 88, 36, 17, 3, 10, 65, 98, 93, 63, 69, 41, 91, 60, 50, 27, 48, 30, 23, 64, 86, 13, 67, 8, 47, 33, 73, 20, 71, 42, 1, 15, 45, 87, 78, 81, 4];[64, 1, 65, 66, 4, 68, 69, 70, 71, 8, 72, 73, 10, 12, 13, 78, 15, 16, 17, 81, 82, 20, 84, 21, 86, 23, 87, 91, 28, 92, 93, 94, 31, 95, 34, 98, 99, 36, 47, 49, 50, 56, 57, 58]"
9487.681460,-15929.000000,"[0, 57, 66, 52, 62, 94, 11, 70, 32, 61, 26, 2, 14, 28, 51, 99, 89, 37, 21, 22, 79, 96, 53, 5, 55, 24, 35, 97, 85, 82, 44, 18, 77, 43, 74, 58, 80, 56, 9, 12, 83, 54, 38, 31, 92, 68, 46, 49, 39, 72, 95, 19, 34, 7, 76, 59, 40, 84, 25, 29, 6, 75, 90, 16, 88, 36, 17, 3, 10, 65, 98, 93, 63, 69, 41, 91, 60, 50, 27, 48, 30, 23, 64, 86, 13, 67, 8, 47, 33, 73, 20, 71, 42, 1, 15, 45, 87, 78, 81, 4];[64, 1, 65, 4, 68, 69, 70, 71, 8, 72, 73, 12, 13, 78, 15, 16, 81, 82, 84, 87, 28, 92, 42, 56, 58]"
9467.684956,-15470.000000,"[0, 57, 66, 52, 62, 94, 11, 70, 32, 61, 26, 2, 14, 28, 51, 99, 89, 37, 21, 22, 79, 96, 53, 5, 55, 24, 35, 97, 85, 82, 44, 18, 77, 43, 74, 58, 80, 56, 9, 12, 83, 54, 38, 31, 92, 68, 46, 49, 39, 72, 95, 19, 34, 7, 76, 59, 40, 84, 25, 29, 6, 75, 90, 16, 88, 36, 17, 3, 10, 65, 98, 93, 63, 69, 41, 91, 60, 50, 27, 48, 30, 23, 64, 86, 13, 67, 8, 47, 33, 73, 20, 71, 42, 1, 15, 45, 87, 78, 81, 4];[1, 65, 4, 68, 69, 70, 71, 8, 72, 73, 12, 13, 15, 16, 81, 82, 84, 21, 23, 87, 28, 92, 42, 56, 58]"
14019.858274,-32919.000000,"[0, 57, 66, 52, 62, 94, 11, 70, 32, 61, 26, 2, 14, 28, 51, 99, 89, 37, 21, 22, 79, 96, 53, 5, 55, 24, 35, 97, 85, 82, 44, 18, 77, 43, 74, 58, 80, 56, 9, 12, 83, 54, 38, 31, 92, 68, 46, 49, 39, 72, 95, 19, 34, 7, 76, 59, 40, 84, 25, 29, 6, 75, 90, 16, 88, 36, 17, 3, 10, 65, 98, 93, 63, 69, 41, 91, 60, 50, 27, 48, 30, 23, 64, 86, 13, 67, 8, 47, 33, 73, 20, 71, 42, 1, 15, 45, 87, 78, 81, 4];[1, 4, 8, 9, 10, 12, 13, 15, 16, 17, 18, 20, 23, 28, 31, 34, 35, 36, 42, 47, 49, 50, 51, 56, 57, 58, 59, 60, 64, 65, 66, 68, 69, 70, 71, 72, 73, 74, 78, 81, 82, 84, 85, 86, 87, 91, 92, 93, 94, 95, 97, 98, 99]"
9932.159806,-20343.000000,"[0, 57, 66, 52, 62, 94, 11, 70, 32, 61, 26, 2, 14, 28, 51, 99, 89, 37, 21, 22, 79, 96, 53, 5, 55, 24, 35, 97, 85, 82, 44, 18, 77, 43, 74, 58, 80, 56, 9, 12, 83, 54, 38, 31, 92, 68, 46, 49, 39, 72, 95, 19, 34, 7, 76, 59, 40, 84, 25, 29, 6, 75, 90, 16, 88, 36, 17, 3, 10, 65, 98, 93, 63, 69, 41, 91, 60, 50, 27, 48, 30, 23, 64, 86, 13, 67, 8, 47, 33, 73, 20, 71, 42, 1, 15, 45, 87, 78, 81, 4];[64, 1, 65, 4, 68, 69, 70, 71, 8, 72, 73, 12, 13, 78, 15, 16, 17, 81, 82, 20, 84, 23, 87, 28, 92, 42, 47, 49, 56, 57, 58]"
10532.408537,-23927.000000,"[0, 57, 66, 52, 62, 94, 11, 70, 32, 61, 26, 2, 14, 28, 51, 99, 89, 37, 21, 22, 79, 96, 53, 5, 55, 24, 35, 97, 85, 82, 44, 18, 77, 43, 74, 58, 80, 56, 9, 12, 83, 54, 38, 31, 92, 68, 46, 49, 39, 72, 95, 19, 34, 7, 76, 59, 40, 84, 25, 29, 6, 75, 90, 16, 88, 36, 17, 3, 10, 65, 98, 93, 63, 69, 41, 91, 60, 50, 27, 48, 30, 23, 64, 86, 13, 67, 8, 47, 33, 73, 20, 71, 42, 1, 15, 45, 87, 78, 81, 4];[64, 1, 65, 4, 68, 69, 70, 71, 8, 72, 73, 12, 13, 78, 15, 16, 17, 81, 82, 20, 84, 21, 86, 23, 87, 28, 92, 93, 31, 34, 36, 42, 47, 49, 50, 56, 57, 58]"
10280.984839,-22668.000000,"[0, 57, 66, 52, 62, 94, 11, 70, 32, 61, 26, 2, 14, 28, 51, 99, 89, 37, 21, 22, 79, 96, 53, 5, 55, 24, 35, 97, 85, 82, 44, 18, 77, 43, 74, 58, 80, 56, 9, 12, 83, 54, 38, 31, 92, 68, 46, 49, 39, 72, 95, 19, 34, 7, 76, 59, 40, 84, 25, 29, 6, 75, 90, 16, 88, 36, 17, 3, 10, 65, 98, 93, 63, 69, 41, 91, 60, 50, 27, 48, 30, 23, 64, 86, 13, 67, 8, 47, 33, 73, 20, 71, 42, 1, 15, 45, 87, 78, 81, 4];[64, 1, 65, 4, 68, 69, 70, 71, 8, 72, 73, 12, 13, 78, 15, 16, 17, 81, 82, 20, 84, 86, 23, 87, 28, 92, 93, 36, 42, 47, 49, 50, 56, 57, 58]"
12857.016195,-31011.000000,"[0, 57, 66, 52, 62, 94, 11, 70, 32, 61, 26, 2, 14, 28, 51, 99, 89, 37, 21, 22, 79, 96, 53, 5, 55, 24, 35, 97, 85, 82, 44, 18, 77, 43, 74, 58, 80, 56, 9, 12, 83, 54, 38, 31, 92, 68, 46, 49, 39, 72, 95, 19, 34, 7, 76, 59, 40, 84, 25, 29, 6, 75, 90, 16, 88, 36, 17, 3, 10, 65, 98, 93, 63, 69, 41, 91, 60, 50, 27, 48, 30, 23, 64, 86, 13, 67, 8, 47, 33, 73, 20, 71, 42, 1, 15, 45, 87, 78, 81, 4];[1, 4, 8, 9, 10, 12, 13, 15, 16, 17, 18, 20, 23, 28, 31, 34, 35, 36, 42, 47, 49, 50, 51, 56, 57, 58, 64, 65, 66, 68, 69, 70, 71, 72, 73, 74, 78, 81, 82, 84, 86, 87, 91, 92, 93, 94, 95, 98, 99]"
15997.787437,-34682.000000,"[0, 57, 66, 52, 62, 94, 11, 70, 32, 61, 26, 2, 14, 28, 51, 99, 89, 37, 21, 22, 79, 96, 53, 5, 55, 24, 35, 97, 85, 82, 44, 18, 77, 43, 74, 58, 80, 56, 9, 12, 83, 54, 38, 31, 92, 68, 46, 49, 39, 72, 95, 19, 34, 7, 76, 59, 40, 84, 25, 29, 6, 75, 90, 16, 88, 36, 17, 3, 10, 65, 98, 93, 63, 69, 41, 91, 60, 50, 27, 48, 30, 23, 64, 86, 13, 67, 8, 47, 33, 73, 20, 71, 42, 1, 15, 45, 87, 78, 81, 4];[0, 1, 4, 8, 9, 10, 12, 13, 15, 16, 17, 18, 20, 23, 28, 31, 34, 35, 36, 42, 47, 49, 50, 51, 56, 57, 58, 59, 60, 62, 64, 65, 66, 67, 68, 69, 70, 71, 72, 73, 74, 81, 82, 84, 85, 86, 87, 91, 92, 93, 94, 95, 97, 98, 99]"
9902.191626,-19970.000000,"[0, 57, 66, 52, 62, 94, 11, 70, 32, 61, 26, 2, 14, 28, 51, 99, 89, 37, 21, 22, 79, 96, 53, 5, 55, 24, 35, 97, 85, 82, 44, 18, 77, 43, 74, 58, 80, 56, 9, 12, 83, 54, 38, 31, 92, 68, 46, 49, 39, 72, 95, 19, 34, 7, 76, 59, 40, 84, 25, 29, 6, 75, 90, 16, 88, 36, 17, 3, 10, 65, 98, 93, 63, 69, 41, 91, 60, 50, 27, 48, 30, 23, 64, 86, 13, 67, 8, 47, 33, 73, 20, 71, 42, 1, 15, 45, 87, 78, 81, 4];[64, 1, 65, 4, 68, 69, 70, 71, 8, 72, 73, 12, 13, 78, 15, 16, 17, 81, 82, 20, 84, 86, 23, 87, 28, 92, 42, 47, 49, 56, 58]"
14311.651978,-33237.000000,"[0, 57, 66, 52, 62, 94, 11, 70, 32, 61, 26, 2, 14, 28, 51, 99, 89, 37, 21, 22, 79, 96, 53, 5, 55, 24, 35, 97, 85, 82, 44, 18, 77, 43, 74, 58, 80, 56, 9, 12, 83, 54, 38, 31, 92, 68, 46, 49, 39, 72, 95, 19, 34, 7, 76, 59, 40, 84, 25, 29, 6, 75, 90, 16, 88, 36, 17, 3, 10, 65, 98, 93, 63, 69, 41, 91, 60, 50, 27, 48, 30, 23, 64, 86, 13, 67, 8, 47, 33, 73, 20, 71, 42, 1, 15, 45, 87, 78, 81, 4];[1, 4, 8, 9, 10, 12, 13, 15, 16, 17, 18, 20, 23, 28, 31, 34, 35, 36, 40, 42, 47, 49, 50, 51, 56, 57, 58, 59, 60, 64, 65, 66, 68, 69, 70, 71, 72, 73, 74, 78, 81, 82, 84, 85, 86, 87, 91, 92, 93, 94, 95, 97, 98, 99]"
14174.964787,-33034.000000,"[0, 57, 66, 52, 62, 94, 11, 70, 32, 61, 26, 2, 14, 28, 51, 99, 89, 37, 21, 22, 79, 96, 53, 5, 55, 24, 35, 97, 85, 82, 44, 18, 77, 43, 74, 58, 80, 56, 9, 12, 83, 54, 38, 31, 92, 68, 46, 49, 39, 72, 95, 19, 34, 7, 76, 59, 40, 84, 25, 29, 6, 75, 90, 16, 88, 36, 17, 3, 10, 65, 98, 93, 63, 69, 41, 91, 60, 50, 27, 48, 30, 23, 64, 86, 13, 67, 8, 47, 33, 73, 20, 71, 42, 1, 15, 45, 87, 78, 81, 4];[1, 4, 8, 9, 10, 12, 13, 15, 16, 17, 18, 20, 23, 28, 31, 34, 35, 36, 42, 47, 49, 50, 56, 57, 58, 59, 60, 64, 65, 66, 67, 68, 69, 70, 71, 72, 73, 74, 78, 81, 82, 84, 85, 86, 87, 91, 92, 93, 94, 95, 97, 98, 99]"
12228.097668,-29654.000000,"[0, 57, 66, 52, 62, 94, 11, 70, 32, 61, 26, 2, 14, 28, 51, 99, 89, 37, 21, 22, 79, 96, 53, 5, 55, 24, 35, 97, 85, 82, 44, 18, 77, 43, 74, 58, 80, 56, 9, 12, 83, 54, 38, 31, 92, 68, 46, 49, 39, 72, 95, 19, 34, 7, 76, 59, 40, 84, 25, 29, 6, 75, 90, 16, 88, 36, 17, 3, 10, 65, 98, 93, 63, 69, 41, 91, 60, 50, 27, 48, 30, 23, 64, 86, 13, 67, 8, 47, 33, 73, 20, 71, 42, 1, 15, 45, 87, 78, 81, 4];[64, 1, 65, 66, 4, 68, 69, 70, 71, 8, 72, 9, 73, 10, 12, 13, 78, 15, 16, 17, 81, 18, 82, 20, 84, 86, 23, 87, 91, 28, 92, 93, 94, 31, 95, 34, 98, 35, 99, 36, 42, 47, 49, 50, 56, 57, 58]"
9247.060039,-12196.000000,"[0, 57, 66, 52, 62, 94, 11, 70, 32, 61, 26, 2, 14, 28, 51, 99, 89, 37, 21, 22, 79, 96, 53, 5, 55, 24, 35, 97, 85, 82, 44, 18, 77, 43, 74, 58, 80, 56, 9, 12, 83, 54, 38, 31, 92, 68, 46, 49, 39, 72, 95, 19, 34, 7, 76, 59, 40, 84, 25, 29, 6, 75, 90, 16, 88, 36, 17, 3, 10, 65, 98, 93, 63, 69, 41, 91, 60, 50, 27, 48, 30, 23, 64, 86, 13, 67, 8, 47, 33, 73, 20, 71, 42, 1, 15, 45, 87, 78, 81, 4];[1, 4, 69, 70, 71, 8, 72, 42, 12, 13, 15, 16, 81, 82, 84, 87, 56, 28, 92]"
9218.430512,-11546.000000,"[0, 57, 66, 52, 62, 94, 11, 70, 32, 61, 26, 2, 14, 28, 51, 99, 89, 37, 21, 22, 79, 96, 53, 5, 55, 24, 35, 97, 85, 82, 44, 18, 77, 43, 74, 58, 80, 56, 9, 12, 83, 54, 38, 31, 92, 68, 46, 49, 39, 72, 95, 19, 34, 7, 76, 59, 40, 84, 25, 29, 6, 75, 90, 16, 88, 36, 17, 3, 10, 65, 98, 93, 63, 69, 41, 91, 60, 50, 27, 48, 30, 23, 64, 86, 13, 67, 8, 47, 33, 73, 20, 71, 42, 1, 15, 45, 87, 78, 81, 4];[1, 4, 70, 71, 8, 72, 42, 12, 13, 78, 15, 16, 81, 82, 84, 87, 56, 28, 92]"
17224.965642,-35454.000000,"[0, 57, 66, 52, 62, 94, 11, 70, 32, 61, 26, 2, 14, 28, 51, 99, 89, 37, 21, 22, 79, 96, 53, 5, 55, 24, 35, 97, 85, 82, 44, 18, 77, 43, 74, 58, 80, 56, 9, 12, 83, 54, 38, 31, 92, 68, 46, 49, 39, 72, 95, 19, 34, 7, 76, 59, 40, 84, 25, 29, 6, 75, 90, 16, 88, 36, 17, 3, 10, 65, 98, 93, 63, 69, 41, 91, 60, 50, 27, 48, 30, 23, 64, 86, 13, 67, 8, 47, 33, 73, 20, 71, 42, 1, 15, 45, 87, 78, 81, 4];[0, 1, 4, 8, 9, 10, 12, 13, 15, 16, 17, 18, 20, 23, 28, 31, 34, 35, 36, 40, 42, 47, 49, 50, 51, 56, 57, 58, 59, 60, 62, 64, 65, 66, 67, 68, 69, 70, 71, 72, 73, 74, 76, 81, 82, 84, 85, 86, 87, 91, 92, 93, 94, 95, 97, 98, 99]"
10451.850568,-23562.000000,"[0, 57, 66, 52, 62, 94, 11, 70, 32, 61, 26, 2, 14, 28, 51, 99, 89, 37, 21, 22, 79, 96, 53, 5, 55, 24, 35, 97, 85, 82, 44, 18, 77, 43, 74, 58, 80, 56, 9, 12, 83, 54, 38, 31, 92, 68, 46, 49, 39, 72, 95, 19, 34, 7, 76, 59, 40, 84, 25, 29, 6, 75, 90, 16, 88, 36, 17, 3, 10, 65, 98, 93, 63, 69, 41, 91, 60, 50, 27, 48, 30, 23, 64, 86, 13, 67, 8, 47, 33, 73, 20, 71, 42, 1, 15, 45, 87, 78, 81, 4];[64, 1, 65, 4, 68, 69, 70, 71, 8, 72, 73, 12, 13, 78, 15, 16, 17, 81, 82, 20, 84, 86, 23, 87, 28, 92, 31, 34, 36, 42, 47, 49, 50, 56, 57, 58]"
10117.104385,-21642.000000,"[0, 57, 66, 52, 62, 94, 11, 70, 32, 61, 26, 2, 14, 28, 51, 99, 89, 37, 21, 22, 79, 96, 53, 5, 55, 24, 35, 97, 85, 82, 44, 18, 77, 43, 74, 58, 80, 56, 9, 12, 83, 54, 38, 31, 92, 68, 46, 49, 39, 72, 95, 19, 34, 7, 76, 59, 40, 84, 25, 29, 6, 75, 90, 16, 88, 36, 17, 3, 10, 65, 98, 93, 63, 69, 41, 91, 60, 50, 27, 48, 30, 23, 64, 86, 13, 67, 8, 47, 33, 73, 20, 71, 42, 1, 15, 45, 87, 78, 81, 4];[64, 1, 65, 4, 68, 69, 70, 71, 8, 72, 73, 12, 13, 78, 15, 16, 17, 81, 82, 20, 84, 23, 87, 28, 92, 34, 36, 42, 47, 49, 56, 57, 58]"
12758.557212,-30763.000000,"[0, 57, 66, 52, 62, 94, 11, 70, 32, 61, 26, 2, 14, 28, 51, 99, 89, 37, 21, 22, 79, 96, 53, 5, 55, 24, 35, 97, 85, 82, 44, 18, 77, 43, 74, 58, 80, 56, 9, 12, 83, 54, 38, 31, 92, 68, 46, 49, 39, 72, 95, 19, 34, 7, 76, 59, 40, 84, 25, 29, 6, 75, 90, 16, 88, 36, 17, 3, 10, 65, 98, 93, 63, 69, 41, 91, 60, 50, 27, 48, 30, 23, 64, 86, 13, 67, 8, 47, 33, 73, 20, 71, 42, 1, 15, 45, 87, 78, 81, 4];[1, 4, 8, 12, 13, 15, 16, 17, 18, 20, 23, 28, 31, 34, 35, 36, 42, 47, 49, 50, 51, 56, 57, 58, 59, 60, 64, 65, 66, 67, 68, 69, 70, 71, 72, 73, 74, 78, 81, 82, 84, 86, 87, 91, 92, 93, 94, 95, 98, 99]"
9401.301215,-14367.000000,"[0, 57, 66, 52, 62, 94, 11, 70, 32, 61, 26, 2, 14, 28, 51, 99, 89, 37, 21, 22, 79, 96, 53, 5, 55, 24, 35, 97, 85, 82, 44, 18, 77, 43, 74, 58, 80, 56, 9, 12, 83, 54, 38, 31, 92, 68, 46, 49, 39, 72, 95, 19, 34, 7, 76, 59, 40, 84, 25, 29, 6, 75, 90, 16, 88, 36, 17, 3, 10, 65, 98, 93, 63, 69, 41, 91, 60, 50, 27, 48, 30, 23, 64, 86, 13, 67, 8, 47, 33, 73, 20, 71, 42, 1, 15, 45, 87, 78, 81, 4];[1, 4, 69, 70, 71, 8, 72, 73, 42, 12, 13, 78, 15, 16, 17, 81, 82, 20, 84, 87, 56, 28, 92]"
17032.289987,-35318.000000,"[0, 57, 66, 52, 62, 94, 11, 70, 32, 61, 26, 2, 14, 28, 51, 99, 89, 37, 21, 22, 79, 96, 53, 5, 55, 24, 35, 97, 85, 82, 44, 18, 77, 43, 74, 58, 80, 56, 9, 12, 83, 54, 38, 31, 92, 68, 46, 49, 39, 72, 95, 19, 34, 7, 76, 59, 40, 84, 25, 29, 6, 75, 90, 16, 88, 36, 17, 3, 10, 65, 98, 93, 63, 69, 41, 91, 60, 50, 27, 48, 30, 23, 64, 86, 13, 67, 8, 47, 33, 73, 20, 71, 42, 1, 15, 45, 87, 78, 81, 4];[0, 1, 4, 8, 9, 10, 11, 12, 13, 15, 16, 17, 18, 20, 23, 28, 31, 34, 35, 36, 40, 42, 47, 49, 50, 51, 56, 57, 58, 59, 60, 62, 64, 65, 66, 68, 69, 70, 71, 72, 73, 74, 78, 81, 82, 84, 85, 86, 87, 91, 92, 93, 94, 95, 97, 98, 99]"
9892.917028,-19374.000000,"[0, 57, 66, 52, 62, 94, 11, 70, 32, 61, 26, 2, 14, 28, 51, 99, 89, 37, 21, 22, 79, 96, 53, 5, 55, 24, 35, 97, 85, 82, 44, 18, 77, 43, 74, 58, 80, 56, 9, 12, 83, 54, 38, 31, 92, 68, 46, 49, 39, 72, 95, 19, 34, 7, 76, 59, 40, 84, 25, 29, 6, 75, 90, 16, 88, 36, 17, 3, 10, 65, 98, 93, 63, 69, 41, 91, 60, 50, 27, 48, 30, 23, 64, 86, 13, 67, 8, 47, 33, 73, 20, 71, 42, 1, 15, 45, 87, 78, 81, 4];[64, 1, 65, 4, 68, 69, 70, 71, 8, 72, 12, 13, 78, 15, 16, 17, 81, 82, 20, 84, 23, 87, 28, 92, 31, 34, 36, 42, 56, 58]"
16455.293135,-35000.000000,"[0, 57, 66, 52, 62, 94, 11, 70, 32, 61, 26, 2, 14, 28, 51, 99, 89, 37, 21, 22, 79, 96, 53, 5, 55, 24, 35, 97, 85, 82, 44, 18, 77, 43, 74, 58, 80, 56, 9, 12, 83, 54, 38, 31, 92, 68, 46, 49, 39, 72, 95, 19, 34, 7, 76, 59, 40, 84, 25, 29, 6, 75, 90, 16, 88, 36, 17, 3, 10, 65, 98, 93, 63, 69, 41, 91, 60, 50, 27, 48, 30, 23, 64, 86, 13, 67, 8, 47, 33, 73, 20, 71, 42, 1, 15, 45, 87, 78, 81, 4];[0, 1, 4, 8, 9, 10, 12, 13, 15, 16, 17, 18, 20, 23, 28, 31, 34, 35, 36, 40, 42, 47, 49, 50, 51, 56, 57, 58, 59, 60, 62, 64, 65, 66, 67, 68, 69, 70, 71, 72, 73, 74, 81, 82, 84, 85, 86, 87, 91, 92, 93, 94, 95, 97, 98, 99]"
16614.868102,-35078.000000,"[0, 57, 66, 52, 62, 94, 11, 70, 32, 61, 26, 2, 14, 28, 51, 99, 89, 37, 21, 22, 79, 96, 53, 5, 55, 24, 35, 97, 85, 82, 44, 18, 77, 43, 74, 58, 80, 56, 9, 12, 83, 54, 38, 31, 92, 68, 46, 49, 39, 72, 95, 19, 34, 7, 76, 59, 40, 84, 25, 29, 6, 75, 90, 16, 88, 36, 17, 3, 10, 65, 98, 93, 63, 69, 41, 91, 60, 50, 27, 48, 30, 23, 64, 86, 13, 67, 8, 47, 33, 73, 20, 71, 42, 1, 15, 45, 87, 78, 81, 4];[0, 1, 3, 4, 8, 9, 10, 11, 12, 13, 15, 16, 17, 18, 20, 23, 28, 31, 34, 35, 36, 42, 47, 48, 49, 50, 51, 56, 57, 58, 59, 60, 64, 65, 66, 68, 69, 70, 71, 72, 73, 74, 78, 81, 82, 84, 85, 86, 87, 91, 92, 93, 94, 95, 97, 98, 99]"
16285.646550,-34910.000000,"[0, 57, 66, 52, 62, 94, 11, 70, 32, 61, 26, 2, 14, 28, 51, 99, 89, 37, 21, 22, 79, 96, 53, 5, 55, 24, 35, 97, 85, 82, 44, 18, 77, 43, 74, 58, 80, 56, 9, 12, 83, 54, 38, 31, 92, 68, 46, 49, 39, 72, 95, 19, 34, 7, 76, 59, 40, 84, 25, 29, 6, 75, 90, 16, 88, 36, 17, 3, 10, 65, 98, 93, 63, 69, 41, 91, 60, 50, 27, 48, 30, 23, 64, 86, 13, 67, 8, 47, 33, 73, 20, 71, 42, 1, 15, 45, 87, 78, 81, 4];[0, 1, 4, 8, 9, 10, 12, 13, 15, 16, 17, 18, 20, 23, 28, 31, 34, 35, 36, 40, 42, 47, 49, 50, 51, 56, 57, 58, 59, 60, 64, 65, 66, 67, 68, 69, 70, 71, 72, 73, 74, 76, 78, 81, 82, 84, 85, 86, 87, 91, 92, 93, 94, 95, 97, 98, 99]"
10916.976116,-25638.000000,"[0, 57, 66, 52, 62, 94, 11, 70, 32, 61, 26, 2, 14, 28, 51, 99, 89, 37, 21, 22, 79, 96, 53, 5, 55, 24, 35, 97, 85, 82, 44, 18, 77, 43, 74, 58, 80, 56, 9, 12, 83, 54, 38, 31, 92, 68, 46, 49, 39, 72, 95, 19, 34, 7, 76, 59, 40, 84, 25, 29, 6, 75, 90, 16, 88, 36, 17, 3, 10, 65, 98, 93, 63, 69, 41, 91, 60, 50, 27, 48, 30, 23, 64, 86, 13, 67, 8, 47, 33, 73, 20, 71, 42, 1, 15, 45, 87, 78, 81, 4];[64, 1, 65, 4, 68, 69, 70, 71, 8, 72, 73, 12, 13, 78, 15, 16, 17, 81, 82, 20, 84, 85, 86, 23, 87, 91, 28, 92, 93, 94, 31, 95, 34, 36, 42, 47, 49, 50, 56, 57, 58]"
10083.424154,-21361.000000,"[0, 57, 66, 52, 62, 94, 11, 70, 32, 61, 26, 2, 14, 28, 51, 99, 89, 37, 21, 22, 79, 96, 53, 5, 55, 24, 35, 97, 85, 82, 44, 18, 77, 43, 74, 58, 80, 56, 9, 12, 83, 54, 38, 31, 92, 68, 46, 49, 39, 72, 95, 19, 34, 7, 76, 59, 40, 84, 25, 29, 6, 75, 90, 16, 88, 36, 17, 3, 10, 65, 98, 93, 63, 69, 41, 91, 60, 50, 27, 48, 30, 23, 64, 86, 13, 67, 8, 47, 33, 73, 20, 71, 42, 1, 15, 45, 87, 78, 81, 4];[64, 1, 65, 4, 68, 69, 70, 71, 8, 72, 73, 12, 13, 78, 15, 16, 81, 82, 20, 84, 86, 23, 87, 28, 92, 34, 36, 42, 47, 49, 56, 57, 58]"
16170.006433,-34745.000000,"[0, 57, 66, 52, 62, 94, 11, 70, 32, 61, 26, 2, 14, 28, 51, 99, 89, 37, 21, 22, 79, 96, 53, 5, 55, 24, 35, 97, 85, 82, 44, 18, 77, 43, 74, 58, 80, 56, 9, 12, 83, 54, 38, 31, 92, 68, 46, 49, 39, 72, 95, 19, 34, 7, 76, 59, 40, 84, 25, 29, 6, 75, 90, 16, 88, 36, 17, 3, 10, 65, 98, 93, 63, 69, 41, 91, 60, 50, 27, 48, 30, 23, 64, 86, 13, 67, 8, 47, 33, 73, 20, 71, 42, 1, 15, 45, 87, 78, 81, 4];[0, 1, 4, 8, 9, 10, 11, 12, 13, 15, 16, 17, 18, 20, 23, 28, 31, 34, 35, 36, 40, 42, 47, 49, 50, 51, 56, 57, 58, 59, 60, 64, 65, 66, 67, 68, 69, 70, 71, 72, 73, 74, 81, 82, 84, 85, 86, 87, 91, 92, 93, 94, 95, 97, 98, 99]"
14473.982064,-33336.000000,"[0, 57, 66, 52, 62, 94, 11, 70, 32, 61, 26, 2, 14, 28, 51, 99, 89, 37, 21, 22, 79, 96, 53, 5, 55, 24, 35, 97, 85, 82, 44, 18, 77, 43, 74, 58, 80, 56, 9, 12, 83, 54, 38, 31, 92, 68, 46, 49, 39, 72, 95, 19, 34, 7, 76, 59, 40, 84, 25, 29, 6, 75, 90, 16, 88, 36, 17, 3, 10, 65, 98, 93, 63, 69, 41, 91, 60, 50, 27, 48, 30, 23, 64, 86, 13, 67, 8, 47, 33, 73, 20, 71, 42, 1, 15, 45, 87, 78, 81, 4];[0, 1, 4, 8, 9, 10, 12, 13, 15, 16, 17, 18, 20, 23, 28, 31, 34, 35, 36, 40, 42, 47, 49, 50, 51, 56, 57, 58, 64, 65, 66, 68, 69, 70, 71, 72, 73, 74, 78, 81, 82, 84, 85, 86, 87, 91, 92, 93, 94, 95, 97, 98, 99]"
13125.048336,-31247.000000,"[0, 57, 66, 52, 62, 94, 11, 70, 32, 61, 26, 2, 14, 28, 51, 99, 89, 37, 21, 22, 79, 96, 53, 5, 55, 24, 35, 97, 85, 82, 44, 18, 77, 43, 74, 58, 80, 56, 9, 12, 83, 54, 38, 31, 92, 68, 46, 49, 39, 72, 95, 19, 34, 7, 76, 59, 40, 84, 25, 29, 6, 75, 90, 16, 88, 36, 17, 3, 10, 65, 98, 93, 63, 69, 41, 91, 60, 50, 27, 48, 30, 23, 64, 86, 13, 67, 8, 47, 33, 73, 20, 71, 42, 1, 15, 45, 87, 78, 81, 4];[1, 4, 8, 12, 13, 15, 16, 17, 20, 28, 31, 34, 35, 36, 42, 47, 49, 50, 51, 56, 57, 58, 59, 60, 64, 65, 66, 67, 68, 69, 70, 71, 72, 73, 74, 78, 81, 82, 84, 85, 86, 87, 91, 92, 93, 94, 95, 97, 98, 99]"
12329.242908,-29836.000000,"[0, 57, 66, 52, 62, 94, 11, 70, 32, 61, 26, 2, 14, 28, 51, 99, 89, 37, 21, 22, 79, 96, 53, 5, 55, 24, 35, 97, 85, 82, 44, 18, 77, 43, 74, 58, 80, 56, 9, 12, 83, 54, 38, 31, 92, 68, 46, 49, 39, 72, 95, 19, 34, 7, 76, 59, 40, 84, 25, 29, 6, 75, 90, 16, 88, 36, 17, 3, 10, 65, 98, 93, 63, 69, 41, 91, 60, 50, 27, 48, 30, 23, 64, 86, 13, 67, 8, 47, 33, 73, 20, 71, 42, 1, 15, 45, 87, 78, 81, 4];[1, 4, 8, 12, 13, 15, 16, 17, 18, 20, 23, 28, 31, 34, 35, 36, 42, 47, 49, 50, 51, 56, 57, 58, 59, 60, 64, 65, 66, 67, 68, 69, 70, 71, 72, 73, 78, 81, 82, 84, 86, 87, 91, 92, 93, 94, 95, 98, 99]"
17529.907459,-35576.000000,"[0, 57, 66, 52, 62, 94, 11, 70, 32, 61, 26, 2, 14, 28, 51, 99, 89, 37, 21, 22, 79, 96, 53, 5, 55, 24, 35, 97, 85, 82, 44, 18, 77, 43, 74, 58, 80, 56, 9, 12, 83, 54, 38, 31, 92, 68, 46, 49, 39, 72, 95, 19, 34, 7, 76, 59, 40, 84, 25, 29, 6, 75, 90, 16, 88, 36, 17, 3, 10, 65, 98, 93, 63, 69, 41, 91, 60, 50, 27, 48, 30, 23, 64, 86, 13, 67, 8, 47, 33, 73, 20, 71, 42, 1, 15, 45, 87, 78, 81, 4];[0, 1, 4, 8, 9, 10, 11, 12, 13, 15, 16, 17, 18, 20, 23, 28, 31, 34, 35, 36, 40, 42, 47, 49, 50, 51, 56, 57, 58, 59, 60, 62, 64, 65, 66, 67, 68, 69, 70, 71, 72, 73, 74, 81, 82, 84, 85, 86, 87, 91, 92, 93, 94, 95, 97, 98, 99]"
11922.091223,-28937.000000,"[0, 57, 66, 52, 62, 94, 11, 70, 32, 61, 26, 2, 14, 28, 51, 99, 89, 37, 21, 22, 79, 96, 53, 5, 55, 24, 35, 97, 85, 82, 44, 18, 77, 43, 74, 58, 80, 56, 9, 12, 83, 54, 38, 31, 92, 68, 46, 49, 39, 72, 95, 19, 34, 7, 76, 59, 40, 84, 25, 29, 6, 75, 90, 16, 88, 36, 17, 3, 10, 65, 98, 93, 63, 69, 41, 91, 60, 50, 27, 48, 30, 23, 64, 86, 13, 67, 8, 47, 33, 73, 20, 71, 42, 1, 15, 45, 87, 78, 81, 4];[64, 1, 65, 66, 4, 68, 69, 70, 71, 8, 72, 73, 10, 12, 13, 78, 15, 16, 17, 81, 18, 82, 20, 84, 86, 23, 87, 91, 28, 92, 93, 94, 31, 95, 34, 98, 35, 99, 36, 42, 47, 49, 50, 56, 57, 58]"
13014.236281,-31204.000000,"[0, 57, 66, 52, 62, 94, 11, 70, 32, 61, 26, 2, 14, 28, 51, 99, 89, 37, 21, 22, 79, 96, 53, 5, 55, 24, 35, 97, 85, 82, 44, 18, 77, 43, 74, 58, 80, 56, 9, 12, 83, 54, 38, 31, 92, 68, 46, 49, 39, 72, 95, 19, 34, 7, 76, 59, 40, 84, 25, 29, 6, 75, 90, 16, 88, 36, 17, 3, 10, 65, 98, 93, 63, 69, 41, 91, 60, 50, 27, 48, 30, 23, 64, 86, 13, 67, 8, 47, 33, 73, 20, 71, 42, 1, 15, 45, 87, 78, 81, 4];[1, 4, 8, 9, 10, 12, 13, 15, 16, 17, 18, 20, 23, 28, 31, 34, 35, 36, 42, 47, 49, 50, 51, 56, 57, 58, 59, 60, 64, 65, 66, 67, 68, 69, 70, 71, 72, 73, 78, 81, 82, 84, 86, 87, 91, 92, 93, 94, 95, 98, 99]"
16800.815846,-35120.000000,"[0, 57, 66, 52, 62, 94, 11, 70, 32, 61, 26, 2, 14, 28, 51, 99, 89, 37, 21, 22, 79, 96, 53, 5, 55, 24, 35, 97, 85, 82, 44, 18, 77, 43, 74, 58, 80, 56, 9, 12, 83, 54, 38, 31, 92, 68, 46, 49, 39, 72, 95, 19, 34, 7, 76, 59, 40, 84, 25, 29, 6, 75, 90, 16, 88, 36, 17, 3, 10, 65, 98, 93, 63, 69, 41, 91, 60, 50, 27, 48, 30, 23, 64, 86, 13, 67, 8, 47, 33, 73, 20, 71, 42, 1, 15, 45, 87, 78, 81, 4];[0, 1, 4, 8, 9, 10, 11, 12, 13, 15, 16, 17, 18, 20, 23, 28, 31, 34, 35, 36, 40, 42, 47, 49, 50, 51, 56, 57, 58, 59, 60, 64, 65, 66, 67, 68, 69, 70, 71, 72, 73, 74, 81, 82, 84, 85, 86, 87, 91, 92, 93, 94, 95, 96, 97, 98, 99]"
9372.282781,-14111.000000,"[0, 57, 66, 52, 62, 94, 11, 70, 32, 61, 26, 2, 14, 28, 51, 99, 89, 37, 21, 22, 79, 96, 53, 5, 55, 24, 35, 97, 85, 82, 44, 18, 77, 43, 74, 58, 80, 56, 9, 12, 83, 54, 38, 31, 92, 68, 46, 49, 39, 72, 95, 19, 34, 7, 76, 59, 40, 84, 25, 29, 6, 75, 90, 16, 88, 36, 17, 3, 10, 65, 98, 93, 63, 69, 41, 91, 60, 50, 27, 48, 30, 23, 64, 86, 13, 67, 8, 47, 33, 73, 20, 71, 42, 1, 15, 45, 87, 78, 81, 4];[1, 65, 4, 68, 69, 70, 71, 8, 72, 73, 42, 12, 13, 15, 16, 81, 82, 84, 87, 56, 28, 92]"
17382.676272,-35485.000000,"[0, 57, 66, 52, 62, 94, 11, 70, 32, 61, 26, 2, 14, 28, 51, 99, 89, 37, 21, 22, 79, 96, 53, 5, 55, 24, 35, 97, 85, 82, 44, 18, 77, 43, 74, 58, 80, 56, 9, 12, 83, 54, 38, 31, 92, 68, 46, 49, 39, 72, 95, 19, 34, 7, 76, 59, 40, 84, 25, 29, 6, 75, 90, 16, 88, 36, 17, 3, 10, 65, 98, 93, 63, 69, 41, 91, 60, 50, 27, 48, 30, 23, 64, 86, 13, 67, 8, 47, 33, 73, 20, 71, 42, 1, 15, 45, 87, 78, 81, 4];[0, 1, 4, 8, 9, 10, 11, 12, 13, 15, 16, 17, 18, 20, 23, 28, 31, 34, 35, 36, 40, 42, 47, 49, 50, 51, 56, 57, 58, 59, 60, 62, 64, 65, 66, 68, 69, 70, 71, 72, 73, 74, 76, 81, 82, 84, 85, 86, 87, 91, 92, 93, 94, 95, 97, 98, 99]"
9259.033673,-12483.000000,"[0, 57, 66, 52, 62, 94, 11, 70, 32, 61, 26, 2, 14, 28, 51, 99, 89, 37, 21, 22, 79, 96, 53, 5, 55, 24, 35, 97, 85, 82, 44, 18, 77, 43, 74, 58, 80, 56, 9, 12, 83, 54, 38, 31, 92, 68, 46, 49, 39, 72, 95, 19, 34, 7, 76, 59, 40, 84, 25, 29, 6, 75, 90, 16, 88, 36, 17, 3, 10, 65, 98, 93, 63, 69, 41, 91, 60, 50, 27, 48, 30, 23, 64, 86, 13, 67, 8, 47, 33, 73, 20, 71, 42, 1, 15, 45, 87, 78, 81, 4];[1, 4, 69, 70, 71, 8, 72, 42, 12, 13, 78, 15, 16, 81, 82, 84, 87, 56, 28, 92]"
12108.341316,-29118.000000,"[0, 57, 66, 52, 62, 94, 11, 70, 32, 61, 26, 2, 14, 28, 51, 99, 89, 37, 21, 22, 79, 96, 53, 5, 55, 24, 35, 97, 85, 82, 44, 18, 77, 43, 74, 58, 80, 56, 9, 12, 83, 54, 38, 31, 92, 68, 46, 49, 39, 72, 95, 19, 34, 7, 76, 59, 40, 84, 25, 29, 6, 75, 90, 16, 88, 36, 17, 3, 10, 65, 98, 93, 63, 69, 41, 91, 60, 50, 27, 48, 30, 23, 64, 86, 13, 67, 8, 47, 33, 73, 20, 71, 42, 1, 15, 45, 87, 78, 81, 4];[0, 64, 1, 65, 66, 67, 4, 68, 69, 70, 71, 8, 72, 73, 12, 13, 78, 15, 16, 17, 81, 82, 20, 84, 86, 23, 87, 91, 28, 92, 93, 94, 31, 95, 34, 98, 35, 99, 36, 42, 47, 49, 50, 56, 57, 58]"
10425.835195,-23099.000000,"[0, 57, 66, 52, 62, 94, 11, 70, 32, 61, 26, 2, 14, 28, 51, 99, 89, 37, 21, 22, 79, 96, 53, 5, 55, 24, 35, 97, 85, 82, 44, 18, 77, 43, 74, 58, 80, 56, 9, 12, 83, 54, 38, 31, 92, 68, 46, 49, 39, 72, 95, 19, 34, 7, 76, 59, 40, 84, 25, 29, 6, 75, 90, 16, 88, 36, 17, 3, 10, 65, 98, 93, 63, 69, 41, 91, 60, 50, 27, 48, 30, 23, 64, 86, 13, 67, 8, 47, 33, 73, 20, 71, 42, 1, 15, 45, 87, 78, 81, 4];[64, 1, 65, 4, 68, 69, 70, 71, 8, 72, 73, 12, 13, 78, 15, 16, 81, 82, 20, 84, 21, 86, 23, 87, 28, 92, 31, 34, 99, 36, 42, 47, 49, 50, 56, 57, 58]"
13526.363731,-32096.000000,"[0, 57, 66, 52, 62, 94, 11, 70, 32, 61, 26, 2, 14, 28, 51, 99, 89, 37, 21, 22, 79, 96, 53, 5, 55, 24, 35, 97, 85, 82, 44, 18, 77, 43, 74, 58, 80, 56, 9, 12, 83, 54, 38, 31, 92, 68, 46, 49, 39, 72, 95, 19, 34, 7, 76, 59, 40, 84, 25, 29, 6, 75, 90, 16, 88, 36, 17, 3, 10, 65, 98, 93, 63, 69, 41, 91, 60, 50, 27, 48, 30, 23, 64, 86, 13, 67, 8, 47, 33, 73, 20, 71, 42, 1, 15, 45, 87, 78, 81, 4];[1, 4, 8, 12, 13, 15, 16, 17, 18, 20, 23, 28, 31, 34, 35, 36, 42, 47, 49, 50, 51, 56, 57, 58, 59, 60, 64, 65, 66, 67, 68, 69, 70, 71, 72, 73, 74, 78, 81, 82, 84, 85, 86, 87, 91, 92, 93, 94, 95, 97, 98, 99]"
12113.354728,-29332.000000,"[0, 57, 66, 52, 62, 94, 11, 70, 32, 61, 26, 2, 14, 28, 51, 99, 89, 37, 21, 22, 79, 96, 53, 5, 55, 24, 35, 97, 85, 82, 44, 18, 77, 43, 74, 58, 80, 56, 9, 12, 83, 54, 38, 31, 92, 68, 46, 49, 39, 72, 95, 19, 34, 7, 76, 59, 40, 84, 25, 29, 6, 75, 90, 16, 88, 36, 17, 3, 10, 65, 98, 93, 63, 69, 41, 91, 60, 50, 27, 48, 30, 23, 64, 86, 13, 67, 8, 47, 33, 73, 20, 71, 42, 1, 15, 45, 87, 78, 81, 4];[64, 1, 65, 66, 67, 4, 68, 69, 70, 71, 8, 72, 73, 12, 13, 78, 15, 16, 17, 81, 82, 20, 84, 86, 23, 87, 91, 28, 92, 93, 94, 31, 95, 97, 34, 98, 35, 99, 36, 42, 47, 49, 50, 56, 57, 58]"
10739.307220,-24717.000000,"[0, 57, 66, 52, 62, 94, 11, 70, 32, 61, 26, 2, 14, 28, 51, 99, 89, 37, 21, 22, 79, 96, 53, 5, 55, 24, 35, 97, 85, 82, 44, 18, 77, 43, 74, 58, 80, 56, 9, 12, 83, 54, 38, 31, 92, 68, 46, 49, 39, 72, 95, 19, 34, 7, 76, 59, 40, 84, 25, 29, 6, 75, 90, 16, 88, 36, 17, 3, 10, 65, 98, 93, 63, 69, 41, 91, 60, 50, 27, 48, 30, 23, 64, 86, 13, 67, 8, 47, 33, 73, 20, 71, 42, 1, 15, 45, 87, 78, 81, 4];[64, 1, 65, 4, 68, 69, 70, 71, 8, 72, 73, 12, 13, 78, 15, 16, 17, 81, 82, 20, 84, 86, 23, 87, 28, 92, 93, 31, 34, 35, 99, 36, 42, 47, 49, 50, 56, 57, 58]"
10617.775979,-24236.000000,"[0, 57, 66, 52, 62, 94, 11, 70, 32, 61, 26, 2, 14, 28, 51, 99, 89, 37, 21, 22, 79, 96, 53, 5, 55, 24, 35, 97, 85, 82, 44, 18, 77, 43, 74, 58, 80, 56, 9, 12, 83, 54, 38, 31, 92, 68, 46, 49, 39, 72, 95, 19, 34, 7, 76, 59, 40, 84, 25, 29, 6, 75, 90, 16, 88, 36, 17, 3, 10, 65, 98, 93, 63, 69, 41, 91, 60, 50, 27, 48, 30, 23, 64, 86, 13, 67, 8, 47, 33, 73, 20, 71, 42, 1, 15, 45, 87, 78, 81, 4];[64, 1, 65, 4, 68, 69, 70, 71, 8, 72, 73, 10, 12, 13, 78, 15, 16, 17, 81, 82, 20, 84, 21, 86, 23, 87, 28, 92, 31, 34, 36, 42, 47, 49, 50, 56, 57, 58]"
9995.931121,-20825.000000,"[0, 57, 66, 52, 62, 94, 11, 70, 32, 61, 26, 2, 14, 28, 51, 99, 89, 37, 21, 22, 79, 96, 53, 5, 55, 24, 35, 97, 85, 82, 44, 18, 77, 43, 74, 58, 80, 56, 9, 12, 83, 54, 38, 31, 92, 68, 46, 49, 39, 72, 95, 19, 34, 7, 76, 59, 40, 84, 25, 29, 6, 75, 90, 16, 88, 36, 17, 3, 10, 65, 98, 93, 63, 69, 41, 91, 60, 50, 27, 48, 30, 23, 64, 86, 13, 67, 8, 47, 33, 73, 20, 71, 42, 1, 15, 45, 87, 78, 81, 4];[64, 1, 65, 4, 68, 69, 70, 71, 8, 72, 73, 12, 13, 78, 15, 16, 17, 81, 82, 20, 84, 86, 23, 87, 28, 92, 42, 47, 49, 56, 57, 58]"
13625.616902,-32344.000000,"[0, 57, 66, 52, 62, 94, 11, 70, 32, 61, 26, 2, 14, 28, 51, 99, 89, 37, 21, 22, 79, 96, 53, 5, 55, 24, 35, 97, 85, 82, 44, 18, 77, 43, 74, 58, 80, 56, 9, 12, 83, 54, 38, 31, 92, 68, 46, 49, 39, 72, 95, 19, 34, 7, 76, 59, 40, 84, 25, 29, 6, 75, 90, 16, 88, 36, 17, 3, 10, 65, 98, 93, 63, 69, 41, 91, 60, 50, 27, 48, 30, 23, 64, 86, 13, 67, 8, 47, 33, 73, 20, 71, 42, 1, 15, 45, 87, 78, 81, 4];[1, 4, 8, 9, 10, 12, 13, 15, 16, 17, 18, 20, 23, 28, 31, 34, 35, 36, 42, 47, 49, 50, 51, 56, 57, 58, 64, 65, 66, 68, 69, 70, 71, 72, 73, 74, 78, 81, 82, 84, 85, 86, 87, 91, 92, 93, 94, 95, 97, 98, 99]"
13882.236672,-32662.000000,"[0, 57, 66, 52, 62, 94, 11, 70, 32, 61, 26, 2, 14, 28, 51, 99, 89, 37, 21, 22, 79, 96, 53, 5, 55, 24, 35, 97, 85, 82, 44, 18, 77, 43, 74, 58, 80, 56, 9, 12, 83, 54, 38, 31, 92, 68, 46, 49, 39, 72, 95, 19, 34, 7, 76, 59, 40, 84, 25, 29, 6, 75, 90, 16, 88, 36, 17, 3, 10, 65, 98, 93, 63, 69, 41, 91, 60, 50, 27, 48, 30, 23, 64, 86, 13, 67, 8, 47, 33, 73, 20, 71, 42, 1, 15, 45, 87, 78, 81, 4];[1, 4, 8, 9, 10, 12, 13, 15, 16, 17, 18, 20, 23, 28, 31, 34, 35, 36, 40, 42, 47, 49, 50, 51, 56, 57, 58, 64, 65, 66, 68, 69, 70, 71, 72, 73, 74, 78, 81, 82, 84, 85, 86, 87, 91, 92, 93, 94, 95, 97, 98, 99]"
11596.326972,-28037.000000,"[0, 57, 66, 52, 62, 94, 11, 70, 32, 61, 26, 2, 14, 28, 51, 99, 89, 37, 21, 22, 79, 96, 53, 5, 55, 24, 35, 97, 85, 82, 44, 18, 77, 43, 74, 58, 80, 56, 9, 12, 83, 54, 38, 31, 92, 68, 46, 49, 39, 72, 95, 19, 34, 7, 76, 59, 40, 84, 25, 29, 6, 75, 90, 16, 88, 36, 17, 3, 10, 65, 98, 93, 63, 69, 41, 91, 60, 50, 27, 48, 30, 23, 64, 86, 13, 67, 8, 47, 33, 73, 20, 71, 42, 1, 15, 45, 87, 78, 81, 4];[64, 1, 65, 66, 4, 68, 69, 70, 71, 8, 72, 73, 10, 12, 13, 78, 15, 16, 17, 81, 82, 20, 84, 21, 86, 23, 87, 91, 28, 92, 93, 94, 31, 95, 34, 98, 99, 36, 42, 47, 49, 50, 56, 57, 58]"
10657.517831,-24440.000000,"[0, 57, 66, 52, 62, 94, 11, 70, 32, 61, 26, 2, 14, 28, 51, 99, 89, 37, 21, 22, 79, 96, 53, 5, 55, 24, 35, 97, 85, 82, 44, 18, 77, 43, 74, 58, 80, 56, 9, 12, 83, 54, 38, 31, 92, 68, 46, 49, 39, 72, 95, 19, 34, 7, 76, 59, 40, 84, 25, 29, 6, 75, 90, 16, 88, 36, 17, 3, 10, 65, 98, 93, 63, 69, 41, 91, 60, 50, 27, 48, 30, 23, 64, 86, 13, 67, 8, 47, 33, 73, 20, 71, 42, 1, 15, 45, 87, 78, 81, 4];[64, 1, 65, 4, 68, 69, 70, 71, 8, 72, 73, 12, 13, 78, 15, 16, 17, 81, 82, 20, 84, 86, 23, 87, 28, 92, 93, 31, 34, 35, 36, 42, 47, 49, 50, 56, 57, 58]"
11731.564410,-28444.000000,"[0, 57, 66, 52, 62, 94, 11, 70, 32, 61, 26, 2, 14, 28, 51, 99, 89, 37, 21, 22, 79, 96, 53, 5, 55, 24, 35, 97, 85, 82, 44, 18, 77, 43, 74, 58, 80, 56, 9, 12, 83, 54, 38, 31, 92, 68, 46, 49, 39, 72, 95, 19, 34, 7, 76, 59, 40, 84, 25, 29, 6, 75, 90, 16, 88, 36, 17, 3, 10, 65, 98, 93, 63, 69, 41, 91, 60, 50, 27, 48, 30, 23, 64, 86, 13, 67, 8, 47, 33, 73, 20, 71, 42, 1, 15, 45, 87, 78, 81, 4];[64, 1, 65, 66, 67, 4, 68, 69, 70, 71, 8, 72, 73, 12, 13, 78, 15, 16, 17, 81, 82, 20, 84, 86, 23, 87, 91, 28, 92, 93, 94, 31, 95, 34, 98, 35, 99, 36, 42, 47, 49, 50, 56, 57, 58]"
10243.927907,-22466.000000,"[0, 57, 66, 52, 62, 94, 11, 70, 32, 61, 26, 2, 14, 28, 51, 99, 89, 37, 21, 22, 79, 96, 53, 5, 55, 24, 35, 97, 85, 82, 44, 18, 77, 43, 74, 58, 80, 56, 9, 12, 83, 54, 38, 31, 92, 68, 46, 49, 39, 72, 95, 19, 34, 7, 76, 59, 40, 84, 25, 29, 6, 75, 90, 16, 88, 36, 17, 3, 10, 65, 98, 93, 63, 69, 41, 91, 60, 50, 27, 48, 30, 23, 64, 86, 13, 67, 8, 47, 33, 73, 20, 71, 42, 1, 15, 45, 87, 78, 81, 4];[64, 1, 65, 4, 68, 69, 70, 71, 8, 72, 73, 12, 13, 78, 15, 16, 17, 81, 82, 20, 84, 86, 23, 87, 28, 92, 93, 34, 36, 42, 47, 49, 56, 57, 58]"
16891.254549,-35287.000000,"[0, 57, 66, 52, 62, 94, 11, 70, 32, 61, 26, 2, 14, 28, 51, 99, 89, 37, 21, 22, 79, 96, 53, 5, 55, 24, 35, 97, 85, 82, 44, 18, 77, 43, 74, 58, 80, 56, 9, 12, 83, 54, 38, 31, 92, 68, 46, 49, 39, 72, 95, 19, 34, 7, 76, 59, 40, 84, 25, 29, 6, 75, 90, 16, 88, 36, 17, 3, 10, 65, 98, 93, 63, 69, 41, 91, 60, 50, 27, 48, 30, 23, 64, 86, 13, 67, 8, 47, 33, 73, 20, 71, 42, 1, 15, 45, 87, 78, 81, 4];[0, 1, 4, 8, 9, 10, 12, 13, 15, 16, 17, 18, 20, 23, 28, 31, 34, 35, 36, 40, 42, 47, 49, 50, 51, 56, 57, 58, 59, 60, 62, 64, 65, 66, 67, 68, 69, 70, 71, 72, 73, 74, 78, 81, 82, 84, 85, 86, 87, 91, 92, 93, 94, 95, 97, 98, 99]"
10043.175805,-20871.000000,"[0, 57, 66, 52, 62, 94, 11, 70, 32, 61, 26, 2, 14, 28, 51, 99, 89, 37, 21, 22, 79, 96, 53, 5, 55, 24, 35, 97, 85, 82, 44, 18, 77, 43, 74, 58, 80, 56, 9, 12, 83, 54, 38, 31, 92, 68, 46, 49, 39, 72, 95, 19, 34, 7, 76, 59, 40, 84, 25, 29, 6, 75, 90, 16, 88, 36, 17, 3, 10, 65, 98, 93, 63, 69, 41, 91, 60, 50, 27, 48, 30, 23, 64, 86, 13, 67, 8, 47, 33, 73, 20, 71, 42, 1, 15, 45, 87, 78, 81, 4];[64, 1, 65, 4, 68, 69, 70, 71, 8, 72, 12, 13, 15, 16, 17, 81, 82, 20, 84, 23, 87, 28, 92, 34, 36, 42, 47, 49, 56, 57, 58]"
13779.955156,-32489.000000,"[0, 57, 66, 52, 62, 94, 11, 70, 32, 61, 26, 2, 14, 28, 51, 99, 89, 37, 21, 22, 79, 96, 53, 5, 55, 24, 35, 97, 85, 82, 44, 18, 77, 43, 74, 58, 80, 56, 9, 12, 83, 54, 38, 31, 92, 68, 46, 49, 39, 72, 95, 19, 34, 7, 76, 59, 40, 84, 25, 29, 6, 75, 90, 16, 88, 36, 17, 3, 10, 65, 98, 93, 63, 69, 41, 91, 60, 50, 27, 48, 30, 23, 64, 86, 13, 67, 8, 47, 33, 73, 20, 71, 42, 1, 15, 45, 87, 78, 81, 4];[1, 4, 8, 9, 10, 12, 13, 15, 16, 17, 18, 20, 23, 28, 31, 34, 35, 36, 40, 42, 47, 49, 50, 51, 56, 57, 58, 59, 64, 65, 66, 68, 69, 70, 71, 72, 73, 74, 78, 81, 82, 84, 86, 87, 91, 92, 93, 94, 95, 97, 98, 99]"
10892.568048,-25422.000000,"[0, 57, 66, 52, 62, 94, 11, 70, 32, 61, 26, 2, 14, 28, 51, 99, 89, 37, 21, 22, 79, 96, 53, 5, 55, 24, 35, 97, 85, 82, 44, 18, 77, 43, 74, 58, 80, 56, 9, 12, 83, 54, 38, 31, 92, 68, 46, 49, 39, 72, 95, 19, 34, 7, 76, 59, 40, 84, 25, 29, 6, 75, 90, 16, 88, 36, 17, 3, 10, 65, 98, 93, 63, 69, 41, 91, 60, 50, 27, 48, 30, 23, 64, 86, 13, 67, 8, 47, 33, 73, 20, 71, 42, 1, 15, 45, 87, 78, 81, 4];[64, 1, 65, 66, 4, 68, 69, 70, 71, 8, 72, 73, 12, 13, 78, 15, 16, 17, 81, 82, 20, 84, 86, 23, 87, 28, 92, 93, 31, 34, 35, 36, 42, 47, 49, 50, 56, 57, 58]"
11709.572933,-28344.000000,"[0, 57, 66, 52, 62, 94, 11, 70, 32, 61, 26, 2, 14, 28, 51, 99, 89, 37, 21, 22, 79, 96, 53, 5, 55, 24, 35, 97, 85, 82, 44, 18, 77, 43, 74, 58, 80, 56, 9, 12, 83, 54, 38, 31, 92, 68, 46, 49, 39, 72, 95, 19, 34, 7, 76, 59, 40, 84, 25, 29, 6, 75, 90, 16, 88, 36, 17, 3, 10, 65, 98, 93, 63, 69, 41, 91, 60, 50, 27, 48, 30, 23, 64, 86, 13, 67, 8, 47, 33, 73, 20, 71, 42, 1, 15, 45, 87, 78, 81, 4];[64, 1, 65, 66, 4, 68, 69, 70, 71, 8, 72, 73, 12, 13, 78, 15, 16, 17, 81, 82, 20, 84, 85, 86, 23, 87, 91, 28, 92, 93, 94, 31, 95, 34, 98, 35, 99, 36, 42, 47, 49, 50, 56, 57, 58]"
10813.386138,-25145.000000,"[0, 57, 66, 52, 62, 94, 11, 70, 32, 61, 26, 2, 14, 28, 51, 99, 89, 37, 21, 22, 79, 96, 53, 5, 55, 24, 35, 97, 85, 82, 44, 18, 77, 43, 74, 58, 80, 56, 9, 12, 83, 54, 38, 31, 92, 68, 46, 49, 39, 72, 95, 19, 34, 7, 76, 59, 40, 84, 25, 29, 6, 75, 90, 16, 88, 36, 17, 3, 10, 65, 98, 93, 63, 69, 41, 91, 60, 50, 27, 48, 30, 23, 64, 86, 13, 67, 8, 47, 33, 73, 20, 71, 42, 1, 15, 45, 87, 78, 81, 4];[64, 1, 65, 4, 68, 69, 70, 71, 8, 72, 73, 12, 13, 78, 15, 16, 17, 81, 82, 20, 84, 86, 23, 87, 91, 28, 92, 93, 94, 95, 98, 99, 36, 42, 47, 49, 50, 56, 57, 58]"
9206.879132,-11259.000000,"[0, 57, 66, 52, 62, 94, 11, 70, 32, 61, 26, 2, 14, 28, 51, 99, 89, 37, 21, 22, 79, 96, 53, 5, 55, 24, 35, 97, 85, 82, 44, 18, 77, 43, 74, 58, 80, 56, 9, 12, 83, 54, 38, 31, 92, 68, 46, 49, 39, 72, 95, 19, 34, 7, 76, 59, 40, 84, 25, 29, 6, 75, 90, 16, 88, 36, 17, 3, 10, 65, 98, 93, 63, 69, 41, 91, 60, 50, 27, 48, 30, 23, 64, 86, 13, 67, 8, 47, 33, 73, 20, 71, 42, 1, 15, 45, 87, 78, 81, 4];[1, 4, 70, 71, 8, 72, 42, 12, 13, 15, 16, 81, 82, 84, 87, 56, 28, 92]"
9202.958844,-10853.000000,"[0, 57, 66, 52, 62, 94, 11, 70, 32, 61, 26, 2, 14, 28, 51, 99, 89, 37, 21, 22, 79, 96, 53, 5, 55, 24, 35, 97, 85, 82, 44, 18, 77, 43, 74, 58, 80, 56, 9, 12, 83, 54, 38, 31, 92, 68, 46, 49, 39, 72, 95, 19, 34, 7, 76, 59, 40, 84, 25, 29, 6, 75, 90, 16, 88, 36, 17, 3, 10, 65, 98, 93, 63, 69, 41, 91, 60, 50, 27, 48, 30, 23, 64, 86, 13, 67, 8, 47, 33, 73, 20, 71, 42, 1, 15, 45, 87, 78, 81, 4];[1, 4, 70, 71, 8, 72, 42, 12, 13, 78, 15, 16, 81, 82, 84, 56, 28, 92]"
11524.764626,-27808.000000,"[0, 57, 66, 52, 62, 94, 11, 70, 32, 61, 26, 2, 14, 28, 51, 99, 89, 37, 21, 22, 79, 96, 53, 5, 55, 24, 35, 97, 85, 82, 44, 18, 77, 43, 74, 58, 80, 56, 9, 12, 83, 54, 38, 31, 92, 68, 46, 49, 39, 72, 95, 19, 34, 7, 76, 59, 40, 84, 25, 29, 6, 75, 90, 16, 88, 36, 17, 3, 10, 65, 98, 93, 63, 69, 41, 91, 60, 50, 27, 48, 30, 23, 64, 86, 13, 67, 8, 47, 33, 73, 20, 71, 42, 1, 15, 45, 87, 78, 81, 4];[64, 1, 65, 66, 4, 68, 69, 70, 71, 8, 72, 73, 12, 13, 78, 15, 16, 17, 81, 82, 20, 84, 85, 86, 23, 87, 91, 28, 92, 93, 94, 31, 95, 34, 98, 99, 36, 42, 47, 49, 50, 56, 57, 58]"
11880.967343,-28696.000000,"[0, 57, 66, 52, 62, 94, 11, 70, 32, 61, 26, 2, 14, 28, 51, 99, 89, 37, 21, 22, 79, 96, 53, 5, 55, 24, 35, 97, 85, 82, 44, 18, 77, 43, 74, 58, 80, 56, 9, 12, 83, 54, 38, 31, 92, 68, 46, 49, 39, 72, 95, 19, 34, 7, 76, 59, 40, 84, 25, 29, 6, 75, 90, 16, 88, 36, 17, 3, 10, 65, 98, 93, 63, 69, 41, 91, 60, 50, 27, 48, 30, 23, 64, 86, 13, 67, 8, 47, 33, 73, 20, 71, 42, 1, 15, 45, 87, 78, 81, 4];[64, 1, 65, 66, 4, 68, 69, 70, 71, 8, 72, 73, 12, 13, 78, 15, 16, 17, 81, 82, 20, 84, 85, 86, 23, 87, 91, 28, 92, 93, 94, 31, 95, 97, 34, 98, 99, 36, 42, 47, 49, 50, 56, 57, 58]"
10788.296256,-24942.000000,"[0, 57, 66, 52, 62, 94, 11, 70, 32, 61, 26, 2, 14, 28, 51, 99, 89, 37, 21, 22, 79, 96, 53, 5, 55, 24, 35, 97, 85, 82, 44, 18, 77, 43, 74, 58, 80, 56, 9, 12, 83, 54, 38, 31, 92, 68, 46, 49, 39, 72, 95, 19, 34, 7, 76, 59, 40, 84, 25, 29, 6, 75, 90, 16, 88, 36, 17, 3, 10, 65, 98, 93, 63, 69, 41, 91, 60, 50, 27, 48, 30, 23, 64, 86, 13, 67, 8, 47, 33, 73, 20, 71, 42, 1, 15, 45, 87, 78, 81, 4];[64, 1, 65, 4, 68, 69, 70, 71, 8, 72, 73, 10, 12, 13, 78, 15, 16, 17, 81, 18, 82, 20, 84, 86, 23, 87, 28, 92, 93, 31, 34, 36, 42, 47, 49, 50, 56, 57, 58]"
